1433024655190 0 16.0
1433024655291 0 16.0
1433024655361 1 3375.0
1433024655462 1 2292.0
1433024655562 1 1672.0
1433024655391 0 16.0
1433024655492 0 16.0
1433024655592 0 16.0
1433024655663 1 1039.0
1433024655764 1 92.0
1433024655693 0 16.0
1433024655866 1 19.0
1433024655967 1 19.0
1433024655793 0 16.0
1433024655893 0 153.0
1433024656067 1 19.0
1433024655993 0 1012.0
1433024656168 1 19.0
1433024656268 1 19.0
1433024656093 0 2349.0
1433024656193 0 2771.0
1433024656369 1 19.0
1433024656469 1 19.0
1433024656570 1 19.0
1433024656670 1 19.0
1433024656771 1 19.0
1433024656294 0 2939.0
1433024656394 0 2939.0
1433024656495 0 3122.0
1433024656595 0 3375.0
1433024656696 0 3601.0
1433024656796 0 3601.0
1433024656897 0 3868.0
1433024656871 1 19.0
1433024656972 1 19.0
1433024657072 1 19.0
1433024657174 1 19.0
1433024657276 1 19.0
1433024657376 1 19.0
1433024656997 0 3868.0
1433024657097 0 4135.0
1433024657198 0 4135.0
1433024657298 0 4135.0
1433024657398 0 4135.0
1433024657498 0 4135.0
1433024657598 0 4135.0
1433024657698 0 4135.0
1433024657798 0 3516.0
1433024657899 0 716.0
1433024657477 1 19.0
1433024657579 1 19.0
1433024657681 1 19.0
1433024657782 1 19.0
1433024657883 1 19.0
1433024657985 1 19.0
1433024657999 0 18.0
1433024658100 0 17.0
1433024658200 0 15.0
1433024658301 0 15.0
1433024658401 0 15.0
1433024658086 1 39.0
1433024658187 1 1277.0
1433024658288 1 1306.0
1433024658389 1 1841.0
1433024658491 1 2657.0
1433024658591 1 3319.0
1433024658501 0 15.0
1433024658601 0 15.0
1433024658701 0 15.0
1433024658801 0 15.0
1433024658691 1 3839.0
1433024658901 0 15.0
1433024658792 1 4135.0
1433024659001 0 15.0
1433024658893 1 4430.0
1433024659101 0 15.0
1433024658994 1 4824.0
1433024659096 1 4824.0
1433024659196 1 4824.0
1433024659201 0 15.0
1433024659301 0 15.0
1433024659402 0 15.0
1433024659502 0 15.0
1433024659603 0 15.0
1433024659702 0 15.0
1433024659298 1 5120.0
1433024659400 1 5444.0
1433024659501 1 5767.0
1433024659601 1 6527.0
1433024659702 1 7343.0
1433024659802 1 8441.0
1433024659803 0 15.0
1433024659903 0 15.0
1433024660004 0 15.0
1433024660104 0 15.0
1433024660204 0 15.0
1433024660304 0 15.0
1433024659903 1 9834.0
1433024660005 1 9834.0
1433024660107 1 9834.0
1433024660208 1 9834.0
1433024660309 1 9834.0
1433024660410 1 9834.0
1433024660404 0 15.0
1433024660504 0 15.0
1433024660604 0 15.0
1433024660511 1 10369.0
1433024660613 1 10369.0
1433024660714 1 10369.0
1433024660704 0 15.0
1433024660804 0 15.0
1433024660904 0 15.0
1433024661004 0 15.0
1433024661104 0 15.0
1433024661204 0 15.0
1433024660816 1 10369.0
1433024660917 1 10369.0
1433024661019 1 10369.0
1433024661121 1 10369.0
1433024661223 1 10369.0
1433024661325 1 10369.0
1433024661304 0 15.0
1433024661405 0 15.0
1433024661506 0 15.0
1433024661606 0 15.0
1433024661706 0 15.0
1433024661806 0 15.0
1433024661426 1 10369.0
1433024661527 1 10369.0
1433024661628 1 10369.0
1433024661731 1 10369.0
1433024661831 1 10369.0
1433024661932 1 10369.0
1433024661906 0 15.0
1433024662006 0 15.0
1433024662106 0 15.0
1433024662206 0 15.0
1433024662306 0 15.0
1433024662406 0 15.0
1433024662034 1 10369.0
1433024662135 1 8610.0
1433024662237 1 8610.0
1433024662339 1 9144.0
1433024662439 1 9144.0
1433024662540 1 10692.0
1433024662507 0 15.0
1433024662607 0 15.0
1433024662707 0 15.0
1433024662807 0 15.0
1433024662907 0 15.0
1433024663007 0 15.0
1433024662642 1 11635.0
1433024662744 1 11635.0
1433024662844 1 7441.0
1433024662944 1 2362.0
1433024663046 1 364.0
1433024663147 1 20.0
1433024663107 0 148.0
1433024663207 0 2236.0
1433024663308 0 2362.0
1433024663408 0 2137.0
1433024663508 0 5274.0
1433024663608 0 6963.0
1433024663708 0 8525.0
1433024663248 1 19.0
1433024663351 1 19.0
1433024663453 1 19.0
1433024663554 1 19.0
1433024663656 1 19.0
1433024663758 1 19.0
1433024663808 0 9313.0
1433024663908 0 8258.0
1433024664009 0 8990.0
1433024664108 0 8990.0
1433024664209 0 10833.0
1433024664308 0 15081.0
1433024663858 1 19.0
1433024663958 1 19.0
1433024664061 1 19.0
1433024664162 1 19.0
1433024664263 1 19.0
1433024664365 1 19.0
1433024664408 0 15081.0
1433024664508 0 9860.0
1433024664609 0 5133.0
1433024664709 0 5133.0
1433024664809 0 5498.0
1433024664909 0 5498.0
1433024664467 1 19.0
1433024664569 1 19.0
1433024664669 1 19.0
1433024664770 1 19.0
1433024664870 1 19.0
1433024664971 1 19.0
1433024665072 1 19.0
1433024665009 0 4640.0
1433024665109 0 4120.0
1433024665209 0 3712.0
1433024665310 0 3937.0
1433024665410 0 3937.0
1433024665510 0 3937.0
1433024665173 1 19.0
1433024665273 1 19.0
1433024665374 1 19.0
1433024665475 1 19.0
1433024665576 1 19.0
1433024665676 1 19.0
1433024665611 0 3937.0
1433024665711 0 3937.0
1433024665811 0 3937.0
1433024665911 0 3937.0
1433024666012 0 3670.0
1433024666112 0 3895.0
1433024665777 1 19.0
1433024665878 1 19.0
1433024665979 1 19.0
1433024666080 1 19.0
1433024666180 1 19.0
1433024666282 1 19.0
1433024666212 0 3895.0
1433024666312 0 3487.0
1433024666412 0 3487.0
1433024666513 0 3487.0
1433024666613 0 2910.0
1433024666713 0 1152.0
1433024666383 1 19.0
1433024666484 1 19.0
1433024666586 1 19.0
1433024666687 1 19.0
1433024666788 1 19.0
1433024666889 1 19.0
1433024666813 0 238.0
1433024666913 0 2966.0
1433024667014 0 6905.0
1433024667114 0 2530.0
1433024666989 1 19.0
1433024667091 1 19.0
1433024667192 1 19.0
1433024667293 1 19.0
1433024667214 0 294.0
1433024667314 0 6751.0
1433024667414 0 9635.0
1433024667394 1 19.0
1433024667496 1 19.0
1433024667597 1 19.0
1433024667698 1 19.0
1433024667514 0 1911.0
1433024667614 0 5175.0
1433024667798 1 19.0
1433024667714 0 11647.0
1433024667899 1 19.0
1433024667814 0 4106.0
1433024667914 0 2572.0
1433024668015 0 9508.0
1433024668115 0 12267.0
1433024668000 1 19.0
1433024668102 1 19.0
1433024668203 1 19.0
1433024668215 0 2573.0
1433024668315 0 7778.0
1433024668304 1 19.0
1433024668404 1 19.0
1433024668506 1 19.0
1433024668415 0 13196.0
1433024668608 1 19.0
1433024668515 0 8299.0
1433024668616 0 2559.0
1433024668717 0 8201.0
1433024668817 0 13183.0
1433024668708 1 19.0
1433024668810 1 19.0
1433024668911 1 19.0
1433024668918 0 13183.0
1433024669018 0 4599.0
1433024669118 0 1841.0
1433024669219 0 9593.0
1433024669319 0 14209.0
1433024669419 0 12380.0
1433024669012 1 19.0
1433024669113 1 19.0
1433024669215 1 19.0
1433024669317 1 19.0
1433024669418 1 19.0
1433024669520 1 19.0
1433024669520 0 2404.0
1433024669620 0 533.0
1433024669720 0 5949.0
1433024669621 1 19.0
1433024669722 1 19.0
1433024669823 1 19.0
1433024669821 0 13125.0
1433024669921 0 8706.0
1433024670021 0 111.0
1433024669924 1 19.0
1433024670026 1 19.0
1433024670121 0 24.0
1433024670221 0 24.0
1433024670321 0 5259.0
1433024670421 0 6525.0
1433024670521 0 378.0
1433024670621 0 32.0
1433024670721 0 812.0
1433024670127 1 19.0
1433024670227 1 19.0
1433024670328 1 19.0
1433024670429 1 19.0
1433024670531 1 19.0
1433024670632 1 19.0
1433024670733 1 19.0
1433024670834 1 19.0
1433024670822 0 3036.0
1433024670922 0 153.0
1433024671022 0 22.0
1433024670935 1 19.0
1433024671037 1 19.0
1433024671138 1 19.0
1433024671122 0 22.0
1433024671222 0 22.0
1433024671323 0 2868.0
1433024671423 0 1925.0
1433024671239 1 19.0
1433024671340 1 19.0
1433024671441 1 19.0
1433024671542 1 19.0
1433024671523 0 36.0
1433024671623 0 2367.0
1433024671724 0 7454.0
1433024671643 1 19.0
1433024671745 1 19.0
1433024671847 1 19.0
1433024671823 0 3684.0
1433024671923 0 1546.0
1433024671948 1 19.0
1433024672050 1 19.0
1433024672151 1 19.0
1433024672252 1 19.0
1433024672354 1 19.0
1433024672023 0 5681.0
1433024672124 0 8186.0
1433024672224 0 3121.0
1433024672324 0 1883.0
1433024672424 0 6329.0
1433024672525 0 6723.0
1433024672625 0 4429.0
1433024672726 0 350.0
1433024672827 0 1531.0
1433024672455 1 19.0
1433024672557 1 19.0
1433024672658 1 19.0
1433024672759 1 19.0
1433024672861 1 19.0
1433024672961 1 19.0
1433024673062 1 19.0
1433024672926 0 5949.0
1433024673027 0 7384.0
1433024673127 0 3079.0
1433024673228 0 1630.0
1433024673328 0 5020.0
1433024673429 0 8172.0
1433024673529 0 6484.0
1433024673164 1 19.0
1433024673265 1 19.0
1433024673368 1 19.0
1433024673469 1 19.0
1433024673570 1 19.0
1433024673670 1 19.0
1433024673629 0 2249.0
1433024673729 0 4303.0
1433024673829 0 7427.0
1433024673929 0 4190.0
1433024674030 0 2573.0
1433024674130 0 6259.0
1433024673770 1 19.0
1433024673870 1 19.0
1433024673972 1 19.0
1433024674073 1 19.0
1433024674175 1 19.0
1433024674276 1 19.0
1433024674231 0 7061.0
1433024674331 0 4219.0
1433024674431 0 4824.0
1433024674531 0 9242.0
1433024674632 0 7666.0
1433024674732 0 3628.0
1433024674377 1 19.0
1433024674478 1 19.0
1433024674580 1 19.0
1433024674681 1 19.0
1433024674782 1 19.0
1433024674883 1 19.0
1433024674833 0 6850.0
1433024674933 0 7877.0
1433024675033 0 4711.0
1433024675133 0 7765.0
1433024675233 0 8004.0
1433024675333 0 3473.0
1433024674985 1 19.0
1433024675085 1 19.0
1433024675185 1 19.0
1433024675286 1 19.0
1433024675387 1 19.0
1433024675488 1 19.0
1433024675433 0 8834.0
1433024675534 0 6864.0
1433024675634 0 4697.0
1433024675735 0 7750.0
1433024675835 0 6653.0
1433024675935 0 4190.0
1433024675589 1 19.0
1433024675689 1 19.0
1433024675791 1 19.0
1433024675892 1 19.0
1433024675993 1 19.0
1433024676093 1 19.0
1433024676035 0 3515.0
1433024676135 0 4416.0
1433024676236 0 3656.0
1433024676336 0 2657.0
1433024676436 0 3093.0
1433024676536 0 3093.0
1433024676193 1 19.0
1433024676293 1 19.0
1433024676394 1 19.0
1433024676495 1 19.0
1433024676596 1 19.0
1433024676698 1 19.0
1433024676636 0 2868.0
1433024676736 0 3389.0
1433024676836 0 3881.0
1433024676936 0 4205.0
1433024677036 0 4515.0
1433024677136 0 3713.0
1433024676798 1 19.0
1433024676899 1 19.0
1433024677001 1 19.0
1433024677102 1 19.0
1433024677204 1 19.0
1433024677305 1 19.0
1433024677407 1 19.0
1433024677507 1 19.0
1433024677609 1 19.0
1433024677710 1 19.0
1433024677810 1 19.0
1433024677911 1 19.0
1433024677236 0 3713.0
1433024677336 0 3080.0
1433024677436 0 3080.0
1433024677536 0 3347.0
1433024677637 0 3755.0
1433024677737 0 2868.0
1433024677838 0 2643.0
1433024677938 0 3361.0
1433024678038 0 772.0
1433024678138 0 20.0
1433024678238 0 15.0
1433024678012 1 19.0
1433024678113 1 19.0
1433024678214 1 87.0
1433024678314 1 1699.0
1433024678338 0 15.0
1433024678439 0 15.0
1433024678540 0 15.0
1433024678414 1 1560.0
1433024678516 1 3346.0
1433024678616 1 4852.0
1433024678717 1 7610.0
1433024678819 1 8173.0
1433024678920 1 9158.0
1433024678640 0 15.0
1433024678741 0 15.0
1433024678841 0 15.0
1433024678942 0 15.0
1433024679042 0 15.0
1433024679143 0 15.0
1433024679021 1 10832.0
1433024679122 1 11409.0
1433024679223 1 11409.0
1433024679243 0 15.0
1433024679343 0 15.0
1433024679443 0 15.0
1433024679325 1 11409.0
1433024679428 1 12366.0
1433024679543 0 15.0
1433024679643 0 15.0
1433024679743 0 15.0
1433024679843 0 15.0
1433024679943 0 15.0
1433024680043 0 15.0
1433024680143 0 15.0
1433024680243 0 15.0
1433024679528 1 13351.0
1433024679628 1 14209.0
1433024679729 1 14209.0
1433024679830 1 14209.0
1433024679931 1 14927.0
1433024680032 1 15729.0
1433024680132 1 15729.0
1433024680233 1 15729.0
1433024680335 1 15729.0
1433024680436 1 16728.0
1433024680343 0 15.0
1433024680443 0 15.0
1433024680543 0 15.0
1433024680643 0 15.0
1433024680744 0 15.0
1433024680844 0 15.0
1433024680536 1 16728.0
1433024680637 1 16728.0
1433024680738 1 16728.0
1433024680840 1 16728.0
1433024680941 1 16728.0
1433024681042 1 16728.0
1433024680945 0 15.0
1433024681046 0 15.0
1433024681146 0 15.0
1433024681247 0 15.0
1433024681347 0 15.0
1433024681448 0 15.0
1433024681143 1 16728.0
1433024681245 1 16728.0
1433024681347 1 16728.0
1433024681450 1 16728.0
1433024681550 1 16728.0
1433024681651 1 16728.0
1433024681548 0 15.0
1433024681649 0 15.0
1433024681749 0 15.0
1433024681751 1 16728.0
1433024681853 1 16728.0
1433024681953 1 16728.0
1433024681850 0 15.0
1433024681950 0 15.0
1433024682051 0 15.0
1433024682151 0 15.0
1433024682251 0 15.0
1433024682351 0 15.0
1433024682451 0 15.0
1433024682055 1 16728.0
1433024682157 1 16728.0
1433024682258 1 16728.0
1433024682360 1 16728.0
1433024682461 1 16728.0
1433024682562 1 16728.0
1433024682551 0 15.0
1433024682651 0 15.0
1433024682751 0 15.0
1433024682851 0 15.0
1433024682951 0 15.0
1433024683051 0 15.0
1433024682663 1 16728.0
1433024682764 1 16728.0
1433024682866 1 16728.0
1433024682968 1 15841.0
1433024683068 1 15841.0
1433024683169 1 15841.0
1433024683151 0 15.0
1433024683251 0 15.0
1433024683351 0 15.0
1433024683451 0 15.0
1433024683551 0 15.0
1433024683651 0 15.0
1433024683269 1 15841.0
1433024683369 1 15841.0
1433024683469 1 15841.0
1433024683571 1 15841.0
1433024683672 1 15841.0
1433024683773 1 15841.0
1433024683751 0 15.0
1433024683851 0 15.0
1433024683951 0 15.0
1433024684051 0 15.0
1433024684151 0 15.0
1433024684251 0 15.0
1433024683873 1 15841.0
1433024683974 1 15841.0
1433024684074 1 14772.0
1433024684175 1 13210.0
1433024684276 1 13210.0
1433024684376 1 16193.0
1433024684351 0 15.0
1433024684451 0 15.0
1433024684551 0 15.0
1433024684651 0 15.0
1433024684751 0 15.0
1433024684852 0 15.0
1433024684476 1 17361.0
1433024684578 1 16207.0
1433024684677 1 13984.0
1433024684779 1 13984.0
1433024684880 1 14941.0
1433024684982 1 8398.0
1433024684952 0 15.0
1433024685053 0 15.0
1433024685153 0 15.0
1433024685254 0 118.0
1433024685354 0 1040.0
1433024685455 0 3896.0
1433024685083 1 1630.0
1433024685184 1 39.0
1433024685284 1 20.0
1433024685385 1 20.0
1433024685486 1 20.0
1433024685588 1 20.0
1433024685555 0 5950.0
1433024685655 0 955.0
1433024685755 0 2545.0
1433024685855 0 5513.0
1433024685955 0 6540.0
1433024686055 0 7581.0
1433024686155 0 8172.0
1433024685689 1 20.0
1433024685790 1 20.0
1433024685892 1 20.0
1433024685993 1 20.0
1433024686094 1 20.0
1433024686195 1 20.0
1433024686296 1 20.0
1433024686255 0 8594.0
1433024686355 0 8594.0
1433024686456 0 9748.0
1433024686397 1 20.0
1433024686498 1 20.0
1433024686598 1 20.0
1433024686699 1 20.0
1433024686800 1 20.0
1433024686556 0 9748.0
1433024686656 0 10254.0
1433024686757 0 11239.0
1433024686857 0 10804.0
1433024686958 0 7216.0
1433024687058 0 6428.0
1433024686902 1 20.0
1433024687003 1 20.0
1433024687104 1 20.0
1433024687159 0 5500.0
1433024687259 0 4177.0
1433024687359 0 3347.0
1433024687205 1 20.0
1433024687305 1 20.0
1433024687406 1 20.0
1433024687459 0 3347.0
1433024687559 0 2405.0
1433024687659 0 2883.0
1433024687760 0 1940.0
1433024687506 1 20.0
1433024687608 1 20.0
1433024687709 1 20.0
1433024687810 1 20.0
1433024687911 1 20.0
1433024687860 0 1814.0
1433024687961 0 871.0
1433024688061 0 970.0
1433024688013 1 20.0
1433024688113 1 20.0
1433024688215 1 20.0
1433024688317 1 20.0
1433024688417 1 20.0
1433024688519 1 20.0
1433024688162 0 1068.0
1433024688262 0 1870.0
1433024688363 0 2982.0
1433024688463 0 4500.0
1433024688620 1 20.0
1433024688722 1 20.0
1433024688564 0 5358.0
1433024688822 1 20.0
1433024688664 0 4064.0
