1433161259493 1 548.0
1433161261502 0 561.0
1433161259762 0 632.0
1433161259594 1 548.0
1433161261602 0 561.0
1433161259863 0 632.0
1433161259869 1 561.0
1433161259695 1 548.0
1433161261702 0 561.0
1433161259964 0 632.0
1433161259972 1 561.0
1433161259796 1 548.0
1433161261803 0 561.0
1433161260064 0 632.0
1433161260072 1 561.0
1433161259897 1 548.0
1433161261903 0 561.0
1433161260165 0 632.0
1433161260174 1 561.0
1433161259997 1 548.0
1433161262003 0 561.0
1433161260265 0 632.0
1433161260275 1 561.0
1433161260097 1 548.0
1433161262103 0 561.0
1433161260366 0 632.0
1433161260375 1 561.0
1433161260197 1 548.0
1433161262203 0 561.0
1433161260467 0 632.0
1433161260475 1 561.0
1433161260297 1 548.0
1433161262303 0 561.0
1433161260570 0 632.0
1433161260577 1 561.0
1433161260397 1 548.0
1433161262403 0 561.0
1433161260671 0 632.0
1433161260678 1 561.0
1433161260497 1 548.0
1433161262503 0 561.0
1433161260772 0 632.0
1433161260780 1 561.0
1433161260597 1 548.0
1433161262604 0 561.0
1433161260872 0 632.0
1433161260880 1 561.0
1433161260697 1 548.0
1433161262704 0 561.0
1433161260974 0 632.0
1433161260981 1 561.0
1433161260797 1 548.0
1433161262804 0 561.0
1433161261076 0 632.0
1433161261082 1 561.0
1433161260897 1 548.0
1433161262905 0 561.0
1433161261178 0 632.0
1433161261184 1 561.0
1433161260998 1 548.0
1433161263005 0 561.0
1433161261279 0 632.0
1433161261284 1 561.0
1433161261099 1 548.0
1433161263106 0 561.0
1433161261381 0 632.0
1433161261387 1 561.0
1433161261200 1 548.0
1433161263206 0 561.0
1433161261482 0 632.0
1433161261582 0 632.0
1433161261488 1 561.0
1433161261301 1 548.0
1433161263306 0 561.0
1433161261684 0 632.0
1433161261589 1 561.0
1433161261402 1 548.0
1433161263406 0 561.0
1433161261786 0 632.0
1433161261690 1 561.0
1433161261503 1 548.0
1433161263506 0 561.0
1433161261886 0 632.0
1433161261792 1 561.0
1433161261603 1 548.0
1433161263606 0 561.0
1433161261987 0 632.0
1433161261893 1 561.0
1433161261703 1 548.0
1433161263706 0 561.0
1433161262087 0 632.0
1433161261997 1 561.0
1433161261803 1 548.0
1433161263806 0 561.0
1433161262187 0 632.0
1433161262096 1 561.0
1433161261903 1 548.0
1433161263906 0 561.0
1433161262288 0 632.0
1433161262197 1 561.0
1433161262003 1 548.0
1433161264006 0 561.0
1433161262390 0 632.0
1433161262298 1 561.0
1433161262399 1 561.0
1433161262103 1 548.0
1433161264106 0 561.0
1433161262491 0 632.0
1433161262501 1 561.0
1433161262203 1 548.0
1433161264207 0 561.0
1433161262591 0 632.0
1433161262603 1 561.0
1433161262303 1 548.0
1433161264307 0 561.0
1433161262703 1 561.0
1433161262403 1 548.0
1433161264407 0 561.0
1433161262692 0 632.0
1433161262792 0 632.0
1433161262504 1 548.0
1433161264507 0 561.0
1433161262805 1 561.0
1433161262604 1 548.0
1433161264608 0 561.0
1433161262893 0 632.0
1433161262906 1 561.0
1433161262704 1 548.0
1433161264708 0 561.0
1433161262996 0 632.0
1433161263010 1 561.0
1433161262804 1 548.0
1433161264809 0 561.0
1433161263096 0 632.0
1433161263112 1 561.0
1433161262904 1 548.0
1433161264909 0 561.0
1433161263199 0 632.0
1433161263214 1 561.0
1433161263005 1 548.0
1433161265016 0 561.0
1433161263300 0 632.0
1433161263315 1 561.0
1433161263106 1 548.0
1433161265117 0 561.0
1433161263402 0 632.0
1433161263415 1 561.0
1433161263516 1 561.0
1433161263206 1 548.0
1433161265218 0 561.0
1433161263503 0 632.0
1433161263618 1 561.0
1433161263306 1 548.0
1433161265319 0 561.0
1433161263605 0 632.0
1433161263406 1 548.0
1433161263720 1 561.0
1433161265420 0 561.0
1433161263705 0 632.0
1433161263506 1 548.0
1433161263821 1 561.0
1433161265521 0 561.0
1433161263808 0 632.0
1433161263606 1 548.0
1433161265622 0 561.0
1433161263909 0 632.0
1433161263706 1 548.0
1433161265723 0 561.0
1433161263923 1 561.0
1433161264010 0 632.0
1433161264113 0 632.0
1433161263806 1 548.0
1433161264027 1 561.0
1433161265824 0 561.0
1433161264215 0 632.0
1433161263906 1 548.0
1433161264127 1 561.0
1433161265925 0 561.0
1433161264316 0 632.0
1433161264006 1 548.0
1433161264228 1 561.0
1433161266026 0 561.0
1433161264416 0 632.0
1433161264106 1 548.0
1433161266127 0 561.0
1433161264330 1 561.0
1433161264206 1 548.0
1433161266227 0 561.0
1433161264432 1 561.0
1433161264306 1 548.0
1433161264518 0 632.0
1433161266327 0 561.0
1433161264533 1 561.0
1433161264620 0 632.0
1433161264406 1 548.0
1433161266428 0 561.0
1433161264637 1 561.0
1433161264723 0 632.0
1433161264506 1 548.0
1433161266528 0 561.0
1433161264738 1 561.0
1433161264825 0 632.0
1433161264606 1 548.0
1433161266628 0 561.0
1433161264839 1 561.0
1433161264940 1 561.0
1433161264928 0 632.0
1433161264706 1 548.0
1433161266728 0 561.0
1433161265040 1 561.0
1433161265028 0 632.0
1433161264806 1 548.0
1433161266829 0 561.0
1433161265141 1 561.0
1433161264906 1 548.0
1433161265129 0 632.0
1433161266929 0 561.0
1433161265014 1 548.0
1433161265230 0 632.0
1433161267029 0 561.0
1433161265243 1 561.0
1433161265114 1 548.0
1433161265333 0 632.0
1433161267130 0 561.0
1433161265345 1 561.0
1433161265215 1 548.0
1433161265435 0 632.0
1433161267230 0 561.0
1433161265446 1 561.0
1433161265315 1 548.0
1433161265539 0 632.0
1433161267330 0 561.0
1433161265549 1 561.0
1433161265415 1 548.0
1433161265640 0 632.0
1433161267430 0 561.0
1433161265651 1 561.0
1433161265515 1 548.0
1433161267530 0 561.0
1433161265741 0 632.0
1433161265842 0 632.0
1433161265753 1 561.0
1433161265615 1 548.0
1433161267630 0 561.0
1433161265945 0 632.0
1433161265854 1 561.0
1433161265715 1 548.0
1433161267730 0 561.0
1433161266046 0 632.0
1433161265955 1 561.0
1433161265815 1 548.0
1433161267831 0 561.0
1433161266148 0 632.0
1433161266057 1 561.0
1433161265915 1 548.0
1433161267931 0 561.0
1433161266159 1 561.0
1433161266016 1 548.0
1433161268032 0 561.0
1433161266249 0 632.0
1433161266261 1 561.0
1433161266117 1 548.0
1433161268131 0 561.0
1433161266351 0 632.0
1433161266451 0 632.0
1433161266362 1 561.0
1433161266217 1 548.0
1433161268231 0 561.0
1433161266464 1 561.0
1433161266317 1 548.0
1433161268331 0 561.0
1433161266552 0 632.0
1433161266653 0 632.0
1433161266566 1 561.0
1433161266417 1 548.0
1433161268431 0 561.0
1433161266668 1 561.0
1433161266517 1 548.0
1433161268531 0 561.0
1433161266755 0 632.0
1433161266768 1 561.0
1433161266868 1 561.0
1433161266617 1 548.0
1433161268631 0 561.0
1433161266858 0 632.0
1433161266970 1 561.0
1433161266717 1 548.0
1433161268731 0 561.0
1433161266960 0 632.0
1433161267072 1 561.0
1433161266817 1 548.0
1433161268832 0 561.0
1433161267062 0 632.0
1433161266917 1 548.0
1433161268932 0 561.0
1433161267163 0 632.0
1433161267174 1 561.0
1433161267017 1 548.0
1433161269032 0 561.0
1433161267264 0 632.0
1433161267276 1 561.0
1433161267117 1 548.0
1433161269133 0 561.0
1433161267366 0 632.0
1433161267377 1 561.0
1433161267217 1 548.0
1433161269233 0 561.0
1433161267468 0 632.0
1433161267569 0 632.0
1433161267481 1 561.0
1433161267317 1 548.0
1433161269333 0 561.0
1433161267669 0 632.0
1433161267585 1 561.0
1433161267417 1 548.0
1433161269433 0 561.0
1433161267770 0 632.0
1433161267687 1 561.0
1433161267517 1 548.0
1433161269533 0 561.0
1433161267871 0 632.0
1433161267788 1 561.0
1433161267617 1 548.0
1433161269633 0 561.0
1433161267888 1 561.0
1433161267989 1 561.0
1433161267718 1 548.0
1433161269734 0 561.0
1433161267972 0 632.0
1433161268089 1 561.0
1433161267819 1 548.0
1433161269834 0 561.0
1433161268073 0 632.0
1433161268189 1 561.0
1433161267920 1 548.0
1433161269934 0 561.0
1433161268176 0 632.0
1433161268289 1 561.0
1433161268020 1 548.0
1433161270035 0 561.0
1433161268278 0 632.0
1433161268389 1 561.0
1433161268120 1 548.0
1433161270135 0 561.0
1433161268379 0 632.0
1433161268489 1 561.0
1433161268220 1 548.0
1433161270235 0 561.0
1433161268480 0 632.0
1433161268589 1 561.0
1433161268320 1 548.0
1433161270335 0 561.0
1433161268582 0 632.0
1433161268689 1 561.0
1433161268420 1 548.0
1433161270436 0 561.0
1433161268684 0 632.0
1433161268789 1 561.0
1433161268521 1 548.0
1433161270537 0 561.0
1433161268788 0 632.0
1433161268889 1 561.0
1433161268622 1 548.0
1433161270638 0 561.0
1433161268889 0 632.0
1433161268989 1 561.0
1433161268723 1 548.0
1433161270739 0 561.0
1433161268990 0 632.0
1433161269089 1 561.0
1433161268823 1 548.0
1433161270839 0 561.0
1433161269090 0 632.0
1433161269190 0 632.0
1433161269189 1 561.0
1433161268923 1 548.0
1433161270939 0 561.0
1433161269291 0 632.0
1433161269289 1 561.0
1433161269023 1 548.0
1433161271039 0 561.0
1433161269392 0 632.0
1433161269389 1 561.0
1433161269124 1 548.0
1433161271139 0 561.0
1433161269494 0 632.0
1433161269490 1 561.0
1433161269224 1 548.0
1433161271239 0 561.0
1433161269590 1 561.0
1433161269324 1 548.0
1433161271340 0 561.0
1433161269691 1 561.0
1433161269596 0 632.0
1433161269424 1 548.0
1433161271440 0 561.0
1433161269699 0 632.0
1433161269792 1 561.0
1433161269524 1 548.0
1433161271540 0 561.0
1433161269802 0 632.0
1433161269894 1 561.0
1433161269625 1 548.0
1433161271640 0 561.0
1433161269904 0 632.0
1433161269726 1 548.0
1433161271741 0 561.0
1433161270006 0 632.0
1433161269996 1 561.0
1433161269827 1 548.0
1433161271841 0 561.0
1433161270106 0 632.0
1433161270097 1 561.0
1433161269928 1 548.0
1433161271941 0 561.0
1433161270200 1 561.0
1433161270206 0 632.0
1433161270307 0 632.0
1433161270028 1 548.0
1433161272041 0 561.0
1433161270301 1 561.0
1433161270417 0 632.0
1433161270128 1 548.0
1433161272141 0 561.0
1433161270403 1 561.0
1433161270228 1 548.0
1433161272242 0 561.0
1433161270505 1 561.0
1433161270519 0 632.0
1433161270328 1 548.0
1433161272342 0 561.0
1433161270606 1 561.0
1433161270623 0 632.0
1433161270428 1 548.0
1433161272442 0 561.0
1433161270706 1 561.0
1433161270725 0 632.0
1433161270528 1 548.0
1433161272542 0 561.0
1433161270807 1 561.0
1433161270826 0 632.0
1433161270628 1 548.0
1433161272643 0 561.0
1433161270908 1 561.0
1433161270927 0 632.0
1433161270728 1 548.0
1433161272743 0 561.0
1433161271010 1 561.0
1433161271029 0 632.0
1433161271129 0 632.0
1433161272843 0 561.0
1433161270828 1 548.0
1433161271112 1 561.0
1433161271229 0 632.0
1433161270929 1 548.0
1433161272943 0 561.0
1433161271213 1 561.0
1433161271331 0 632.0
1433161271029 1 548.0
1433161273043 0 561.0
1433161271317 1 561.0
1433161271432 0 632.0
1433161271129 1 548.0
1433161273143 0 561.0
1433161271418 1 561.0
1433161271533 0 632.0
1433161271229 1 548.0
1433161273243 0 561.0
1433161271518 1 561.0
1433161271635 0 632.0
1433161271329 1 548.0
1433161273344 0 561.0
1433161271620 1 561.0
1433161271722 1 561.0
1433161271429 1 548.0
1433161273445 0 561.0
1433161271823 1 561.0
1433161271738 0 632.0
1433161271529 1 548.0
1433161273546 0 561.0
1433161271841 0 632.0
1433161271629 1 548.0
1433161273646 0 561.0
1433161271729 1 548.0
1433161271942 0 632.0
1433161271924 1 561.0
1433161272024 1 561.0
1433161273746 0 561.0
1433161272125 1 561.0
1433161272046 0 632.0
1433161273847 0 561.0
1433161271829 1 548.0
1433161272228 1 561.0
1433161271929 1 548.0
1433161272148 0 632.0
1433161273946 0 561.0
1433161272329 1 561.0
1433161272030 1 548.0
1433161272248 0 632.0
1433161272349 0 632.0
1433161274046 0 561.0
1433161272431 1 561.0
1433161272130 1 548.0
1433161272449 0 632.0
1433161274146 0 561.0
1433161272532 1 561.0
1433161272230 1 548.0
1433161272551 0 632.0
1433161274247 0 561.0
1433161272330 1 548.0
1433161272652 0 632.0
1433161274347 0 561.0
1433161272430 1 548.0
1433161272634 1 561.0
1433161274447 0 561.0
1433161272754 0 632.0
1433161272735 1 561.0
1433161272530 1 548.0
1433161274548 0 561.0
1433161272855 0 632.0
1433161272630 1 548.0
1433161272837 1 561.0
1433161274648 0 561.0
1433161272941 1 561.0
1433161272730 1 548.0
1433161274748 0 561.0
1433161272957 0 632.0
1433161272830 1 548.0
1433161273041 1 561.0
1433161274848 0 561.0
1433161273058 0 632.0
1433161272930 1 548.0
1433161273142 1 561.0
1433161274948 0 561.0
1433161273160 0 632.0
1433161273030 1 548.0
1433161273244 1 561.0
1433161275048 0 561.0
1433161273263 0 632.0
1433161273130 1 548.0
1433161273347 1 561.0
1433161275148 0 561.0
1433161273364 0 632.0
1433161273230 1 548.0
1433161273449 1 561.0
1433161275248 0 561.0
1433161273464 0 632.0
1433161273330 1 548.0
1433161275349 0 561.0
1433161273550 1 561.0
1433161273565 0 632.0
1433161273431 1 548.0
1433161275449 0 561.0
1433161273652 1 561.0
1433161273753 1 561.0
1433161273666 0 632.0
1433161273532 1 548.0
1433161275549 0 561.0
1433161273770 0 632.0
1433161273633 1 548.0
1433161273855 1 561.0
1433161273871 0 632.0
1433161273733 1 548.0
1433161275650 0 561.0
1433161275750 0 561.0
1433161273958 1 561.0
1433161273973 0 632.0
1433161273834 1 548.0
1433161275851 0 561.0
1433161274060 1 561.0
1433161274074 0 632.0
1433161274174 0 632.0
1433161273934 1 548.0
1433161275951 0 561.0
1433161274161 1 561.0
1433161274275 0 632.0
1433161274035 1 548.0
1433161276051 0 561.0
1433161274262 1 561.0
1433161274375 0 632.0
1433161274136 1 548.0
1433161276151 0 561.0
1433161274364 1 561.0
1433161274476 0 632.0
1433161274236 1 548.0
1433161276251 0 561.0
1433161274465 1 561.0
1433161274578 0 632.0
1433161274336 1 548.0
1433161276351 0 561.0
1433161274569 1 561.0
1433161274679 0 632.0
1433161274436 1 548.0
1433161276451 0 561.0
1433161274670 1 561.0
1433161274536 1 548.0
1433161276551 0 561.0
1433161274770 1 561.0
1433161274781 0 632.0
1433161274636 1 548.0
1433161276651 0 561.0
1433161274872 1 561.0
1433161274884 0 632.0
1433161274736 1 548.0
1433161276751 0 561.0
1433161274986 0 632.0
1433161274976 1 561.0
1433161274836 1 548.0
1433161276851 0 561.0
1433161275088 0 632.0
1433161275077 1 561.0
1433161274936 1 548.0
1433161276952 0 561.0
1433161275189 0 632.0
1433161275178 1 561.0
1433161275036 1 548.0
1433161277052 0 561.0
1433161275279 1 561.0
1433161275289 0 632.0
1433161275389 0 632.0
1433161275136 1 548.0
1433161277152 0 561.0
1433161275379 1 561.0
1433161275490 0 632.0
1433161275236 1 548.0
1433161277252 0 561.0
1433161275480 1 561.0
1433161275591 0 632.0
1433161275337 1 548.0
1433161277352 0 561.0
1433161275584 1 561.0
1433161275692 0 632.0
1433161275438 1 548.0
1433161277453 0 561.0
1433161275684 1 561.0
1433161275785 1 561.0
1433161275539 1 548.0
1433161277553 0 561.0
1433161275793 0 632.0
1433161275639 1 548.0
1433161277653 0 561.0
1433161275895 0 632.0
1433161275885 1 561.0
1433161275739 1 548.0
1433161277753 0 561.0
1433161275986 1 561.0
1433161275997 0 632.0
1433161275839 1 548.0
1433161277853 0 561.0
1433161276087 1 561.0
1433161276099 0 632.0
1433161275939 1 548.0
1433161277953 0 561.0
1433161276188 1 561.0
1433161276201 0 632.0
1433161276039 1 548.0
1433161278053 0 561.0
1433161276291 1 561.0
1433161276302 0 632.0
1433161276407 0 632.0
1433161276139 1 548.0
1433161276391 1 561.0
1433161276509 0 632.0
1433161276239 1 548.0
1433161278153 0 561.0
1433161278253 0 561.0
1433161276493 1 561.0
1433161276611 0 632.0
1433161276339 1 548.0
1433161278353 0 561.0
1433161276594 1 561.0
1433161276712 0 632.0
1433161276439 1 548.0
1433161278453 0 561.0
1433161276694 1 561.0
1433161276796 1 561.0
1433161276813 0 632.0
1433161276539 1 548.0
1433161278554 0 561.0
1433161276915 0 632.0
1433161276640 1 548.0
1433161278654 0 561.0
1433161276897 1 561.0
1433161277016 0 632.0
1433161276741 1 548.0
1433161278754 0 561.0
1433161277000 1 561.0
1433161277118 0 632.0
1433161276842 1 548.0
1433161278855 0 561.0
1433161277102 1 561.0
1433161277219 0 632.0
1433161276942 1 548.0
1433161278954 0 561.0
1433161277203 1 561.0
1433161277320 0 632.0
1433161277042 1 548.0
1433161279054 0 561.0
1433161277304 1 561.0
1433161277422 0 632.0
1433161277142 1 548.0
1433161279155 0 561.0
1433161277406 1 561.0
1433161277507 1 561.0
1433161277523 0 632.0
1433161277243 1 548.0
1433161279255 0 561.0
1433161277609 1 561.0
1433161277625 0 632.0
1433161277343 1 548.0
1433161279355 0 561.0
1433161277710 1 561.0
1433161277443 1 548.0
1433161279455 0 561.0
1433161277811 1 561.0
1433161277727 0 632.0
1433161277543 1 548.0
1433161279555 0 561.0
1433161277911 1 561.0
1433161277828 0 632.0
1433161277644 1 548.0
1433161279655 0 561.0
1433161278012 1 561.0
1433161277929 0 632.0
1433161277744 1 548.0
1433161279756 0 561.0
1433161278030 0 632.0
1433161277844 1 548.0
1433161279856 0 561.0
1433161278113 1 561.0
1433161278133 0 632.0
1433161277944 1 548.0
1433161279956 0 561.0
1433161278214 1 561.0
1433161278236 0 632.0
1433161278045 1 548.0
1433161280057 0 561.0
1433161278318 1 561.0
1433161278337 0 632.0
1433161278145 1 548.0
1433161280157 0 561.0
1433161278420 1 561.0
1433161278438 0 632.0
1433161278245 1 548.0
1433161280257 0 561.0
1433161278521 1 561.0
1433161278539 0 632.0
1433161278345 1 548.0
1433161280358 0 561.0
1433161278621 1 561.0
1433161278641 0 632.0
1433161278445 1 548.0
1433161280457 0 561.0
1433161278722 1 561.0
1433161278742 0 632.0
1433161278545 1 548.0
1433161280557 0 561.0
1433161278825 1 561.0
1433161278844 0 632.0
1433161278645 1 548.0
1433161280657 0 561.0
1433161278925 1 561.0
1433161278947 0 632.0
1433161278745 1 548.0
1433161280757 0 561.0
1433161279028 1 561.0
1433161279049 0 632.0
1433161278845 1 548.0
1433161280858 0 561.0
1433161279129 1 561.0
1433161279153 0 632.0
1433161278945 1 548.0
1433161280958 0 561.0
1433161279230 1 561.0
1433161279253 0 632.0
1433161279046 1 548.0
1433161281058 0 561.0
1433161279334 1 561.0
1433161279355 0 632.0
1433161279147 1 548.0
1433161281158 0 561.0
1433161279436 1 561.0
1433161279248 1 548.0
1433161279456 0 632.0
1433161281258 0 561.0
1433161279537 1 561.0
1433161279348 1 548.0
1433161279556 0 632.0
1433161281358 0 561.0
1433161279639 1 561.0
1433161279448 1 548.0
1433161279657 0 632.0
1433161281458 0 561.0
1433161279743 1 561.0
1433161279548 1 548.0
1433161279761 0 632.0
1433161281559 0 561.0
1433161279648 1 548.0
1433161279845 1 561.0
1433161279861 0 632.0
1433161281659 0 561.0
1433161279948 1 561.0
1433161279748 1 548.0
1433161279963 0 632.0
1433161281759 0 561.0
1433161280049 1 561.0
1433161279848 1 548.0
1433161280064 0 632.0
1433161281860 0 561.0
1433161280151 1 561.0
1433161279948 1 548.0
1433161280164 0 632.0
1433161280265 0 632.0
1433161281960 0 561.0
1433161280252 1 561.0
1433161280048 1 548.0
1433161280367 0 632.0
1433161282060 0 561.0
1433161280149 1 548.0
1433161280354 1 561.0
1433161280468 0 632.0
1433161282161 0 561.0
1433161280249 1 548.0
1433161280455 1 561.0
1433161282261 0 561.0
1433161280350 1 548.0
1433161280556 1 561.0
1433161282361 0 561.0
1433161280570 0 632.0
1433161280451 1 548.0
1433161280658 1 561.0
1433161280671 0 632.0
1433161282461 0 561.0
1433161280552 1 548.0
1433161280759 1 561.0
1433161280773 0 632.0
1433161282562 0 519.0
1433161280653 1 548.0
1433161280862 1 561.0
1433161280875 0 632.0
1433161282662 0 519.0
1433161280753 1 548.0
1433161280963 1 561.0
1433161280976 0 632.0
1433161282762 0 519.0
1433161280853 1 548.0
1433161281065 1 561.0
1433161281076 0 632.0
1433161282862 0 491.0
1433161280954 1 548.0
1433161281168 1 561.0
1433161281177 0 632.0
1433161282963 0 491.0
1433161281054 1 548.0
1433161281269 1 561.0
1433161281279 0 632.0
1433161283063 0 463.0
1433161281154 1 548.0
1433161281371 1 561.0
1433161281383 0 632.0
1433161283163 0 463.0
1433161281254 1 548.0
1433161281472 1 561.0
1433161281485 0 632.0
1433161283264 0 463.0
1433161281354 1 548.0
1433161281576 1 561.0
1433161283365 0 463.0
1433161281587 0 632.0
1433161281454 1 548.0
1433161281677 1 561.0
1433161281778 1 561.0
1433161283465 0 407.0
1433161281688 0 632.0
1433161281555 1 548.0
1433161283566 0 407.0
1433161281788 0 632.0
1433161281890 0 590.0
1433161281656 1 548.0
1433161283667 0 224.0
1433161281879 1 561.0
1433161281990 0 590.0
1433161281757 1 548.0
1433161283767 0 69.0
1433161282092 0 590.0
1433161281857 1 548.0
1433161283867 0 38.0
1433161281981 1 561.0
1433161282082 1 561.0
1433161282194 0 590.0
1433161281957 1 548.0
1433161283968 0 3.0
1433161282182 1 561.0
1433161282058 1 548.0
1433161284067 0 3.0
1433161282283 1 561.0
1433161282296 0 590.0
1433161282159 1 548.0
1433161284167 0 3.0
1433161282384 1 561.0
1433161282399 0 590.0
1433161282260 1 548.0
1433161284268 0 3.0
1433161282487 1 561.0
1433161282501 0 590.0
1433161282360 1 548.0
1433161284368 0 3.0
1433161282588 1 561.0
1433161282603 0 590.0
1433161282460 1 548.0
1433161284468 0 3.0
1433161282689 1 561.0
1433161282703 0 590.0
1433161282804 0 590.0
1433161282560 1 548.0
1433161284569 0 3.0
1433161282789 1 561.0
1433161282890 1 561.0
1433161282906 0 590.0
1433161282660 1 548.0
1433161284679 0 3.0
1433161282992 1 561.0
1433161283008 0 590.0
1433161282760 1 548.0
1433161284779 0 3.0
1433161283093 1 561.0
1433161283109 0 590.0
1433161282861 1 548.0
1433161284879 0 3.0
1433161283195 1 561.0
1433161283210 0 590.0
1433161282961 1 548.0
1433161284980 0 3.0
1433161283296 1 561.0
1433161283311 0 590.0
1433161283061 1 548.0
1433161285080 0 3.0
1433161283397 1 561.0
1433161283411 0 590.0
1433161283161 1 548.0
1433161285180 0 3.0
1433161283498 1 561.0
1433161283261 1 548.0
1433161285281 0 3.0
1433161283512 0 590.0
1433161283361 1 548.0
1433161285381 0 3.0
1433161283600 1 561.0
1433161283700 1 561.0
1433161283615 0 590.0
1433161283461 1 548.0
1433161285481 0 3.0
1433161283715 0 590.0
1433161283561 1 548.0
1433161285581 0 3.0
1433161283818 0 590.0
1433161283801 1 561.0
1433161283661 1 548.0
1433161283902 1 561.0
1433161283919 0 590.0
1433161283761 1 548.0
1433161285682 0 3.0
1433161285782 0 3.0
1433161284005 1 561.0
1433161284019 0 590.0
1433161283861 1 548.0
1433161284107 1 561.0
1433161284119 0 590.0
1433161284221 0 590.0
1433161283962 1 548.0
1433161285882 0 3.0
1433161284208 1 561.0
1433161284063 1 548.0
1433161285983 0 3.0
1433161284309 1 561.0
1433161284322 0 590.0
1433161284163 1 548.0
1433161286083 0 3.0
1433161284410 1 561.0
1433161284423 0 590.0
1433161284264 1 548.0
1433161286183 0 3.0
1433161286283 0 3.0
1433161284510 1 561.0
1433161284610 1 561.0
1433161284524 0 590.0
1433161284365 1 548.0
1433161284711 1 561.0
1433161284626 0 590.0
1433161284466 1 548.0
1433161286383 0 3.0
1433161286483 0 3.0
1433161284812 1 561.0
1433161284728 0 590.0
1433161284566 1 548.0
1433161286583 0 3.0
1433161284831 0 590.0
1433161284666 1 548.0
1433161284913 1 561.0
1433161284932 0 590.0
1433161284766 1 548.0
1433161286684 0 3.0
1433161285014 1 561.0
1433161285034 0 590.0
1433161284866 1 548.0
1433161286784 0 3.0
1433161285115 1 561.0
1433161285135 0 590.0
1433161285236 0 590.0
1433161284966 1 548.0
1433161286884 0 3.0
1433161285217 1 561.0
1433161285339 0 590.0
1433161285066 1 548.0
1433161286985 0 3.0
1433161285318 1 561.0
1433161285440 0 590.0
1433161285166 1 548.0
1433161287086 0 3.0
1433161285418 1 561.0
1433161285518 1 561.0
1433161285541 0 590.0
1433161285266 1 548.0
1433161287186 0 3.0
1433161287286 0 3.0
1433161285619 1 561.0
1433161285642 0 590.0
1433161285367 1 548.0
1433161287386 0 3.0
1433161285467 1 548.0
1433161285743 0 590.0
1433161285721 1 561.0
1433161285568 1 548.0
1433161287486 0 3.0
1433161285823 1 561.0
1433161285844 0 590.0
1433161285669 1 548.0
1433161287586 0 3.0
1433161287686 0 3.0
1433161285928 1 561.0
1433161285945 0 590.0
1433161285769 1 548.0
1433161286030 1 561.0
1433161286049 0 590.0
1433161285869 1 548.0
1433161287786 0 3.0
1433161286133 1 561.0
1433161286151 0 590.0
1433161285969 1 548.0
1433161287887 0 3.0
1433161286233 1 561.0
1433161286253 0 590.0
1433161286070 1 548.0
1433161287987 0 3.0
1433161286334 1 561.0
1433161286355 0 590.0
1433161286170 1 548.0
1433161288088 0 3.0
1433161286437 1 561.0
1433161286455 0 590.0
1433161286556 0 590.0
1433161286270 1 548.0
1433161288188 0 3.0
1433161286538 1 561.0
1433161286657 0 632.0
1433161286370 1 548.0
1433161288288 0 3.0
1433161288388 0 3.0
1433161286639 1 561.0
1433161286758 0 632.0
1433161286470 1 548.0
1433161288488 0 3.0
1433161286741 1 561.0
1433161286858 0 632.0
1433161286570 1 548.0
1433161288588 0 3.0
1433161286842 1 561.0
1433161286960 0 632.0
1433161286670 1 548.0
1433161286943 1 561.0
1433161287061 0 632.0
1433161286770 1 548.0
1433161288689 0 3.0
1433161288789 0 3.0
1433161287044 1 561.0
1433161286870 1 548.0
1433161288890 0 3.0
1433161287146 1 561.0
1433161286970 1 548.0
1433161287162 0 632.0
1433161287264 0 632.0
1433161288990 0 6.0
1433161287247 1 561.0
1433161287070 1 548.0
1433161289090 0 6.0
1433161287350 1 561.0
1433161287366 0 632.0
1433161287170 1 548.0
1433161289191 0 6.0
1433161287453 1 561.0
1433161287469 0 632.0
1433161287270 1 548.0
1433161289291 0 6.0
1433161287554 1 561.0
1433161287655 1 561.0
1433161287571 0 632.0
1433161287370 1 548.0
1433161289392 0 6.0
1433161287756 1 561.0
1433161287672 0 632.0
1433161287470 1 548.0
1433161289492 0 6.0
1433161287857 1 561.0
1433161287774 0 632.0
1433161287570 1 548.0
1433161289592 0 6.0
1433161287958 1 561.0
1433161287875 0 632.0
1433161287670 1 548.0
1433161289693 0 6.0
1433161288059 1 561.0
1433161287770 1 548.0
1433161287977 0 632.0
1433161288159 1 561.0
1433161287870 1 548.0
1433161288078 0 632.0
1433161288179 0 632.0
1433161289794 0 6.0
1433161289895 0 6.0
1433161288260 1 561.0
1433161287970 1 548.0
1433161288281 0 632.0
1433161288361 1 561.0
1433161288070 1 548.0
1433161288382 0 632.0
1433161289996 0 6.0
1433161288462 1 561.0
1433161288170 1 548.0
1433161288483 0 632.0
1433161290096 0 6.0
1433161288563 1 561.0
1433161288270 1 548.0
1433161288584 0 632.0
1433161290197 0 6.0
1433161288664 1 561.0
1433161288370 1 548.0
1433161290297 0 6.0
1433161288764 1 561.0
1433161288470 1 548.0
1433161288685 0 632.0
1433161290397 0 6.0
1433161288571 1 548.0
1433161288787 0 632.0
1433161290497 0 6.0
1433161288672 1 548.0
1433161288867 1 561.0
1433161288890 0 632.0
1433161290597 0 6.0
1433161290697 0 6.0
1433161288967 1 561.0
1433161288773 1 548.0
1433161288993 0 632.0
1433161290797 0 6.0
1433161289068 1 561.0
1433161288873 1 548.0
1433161289094 0 632.0
1433161290898 0 6.0
1433161289171 1 561.0
1433161288973 1 548.0
1433161289195 0 632.0
1433161290998 0 3.0
1433161289274 1 561.0
1433161289073 1 548.0
1433161289296 0 561.0
1433161291099 0 3.0
1433161289375 1 561.0
1433161289173 1 548.0
1433161291199 0 3.0
1433161289404 0 309.0
1433161289273 1 548.0
1433161289476 1 561.0
1433161289505 0 252.0
1433161291299 0 3.0
1433161289374 1 548.0
1433161289577 1 561.0
1433161289606 0 98.0
1433161291400 0 3.0
1433161289475 1 548.0
1433161289678 1 561.0
1433161289707 0 34.0
1433161291499 0 3.0
1433161289575 1 548.0
1433161289779 1 561.0
1433161289809 0 6.0
1433161291599 0 3.0
1433161289676 1 548.0
1433161289880 1 561.0
1433161291700 0 3.0
1433161289911 0 3.0
1433161290014 0 2.0
1433161289777 1 548.0
1433161289980 1 561.0
1433161291800 0 3.0
1433161290114 0 2.0
1433161289878 1 548.0
1433161290080 1 561.0
1433161291900 0 3.0
1433161290214 0 2.0
1433161289978 1 548.0
1433161290181 1 561.0
1433161292000 0 3.0
1433161290314 0 2.0
1433161290078 1 548.0
1433161290282 1 561.0
1433161292100 0 3.0
1433161290178 1 548.0
1433161290383 1 561.0
1433161290483 1 561.0
1433161292200 0 3.0
1433161290414 0 2.0
1433161290514 0 2.0
1433161290278 1 548.0
1433161292300 0 3.0
1433161290378 1 548.0
1433161290584 1 561.0
1433161292400 0 3.0
1433161290614 0 2.0
1433161290478 1 548.0
1433161290689 1 561.0
1433161292500 0 3.0
1433161290716 0 2.0
1433161290578 1 548.0
1433161290790 1 561.0
1433161292601 0 3.0
1433161290820 0 2.0
1433161290678 1 548.0
1433161290890 1 561.0
1433161290921 0 2.0
1433161292702 0 3.0
1433161290778 1 548.0
1433161290991 1 561.0
1433161292802 0 3.0
1433161291022 0 2.0
1433161290879 1 548.0
1433161291092 1 561.0
1433161292902 0 3.0
1433161291122 0 2.0
1433161290978 1 548.0
1433161291194 1 561.0
1433161293003 0 3.0
1433161291225 0 2.0
1433161291078 1 548.0
1433161291295 1 561.0
1433161293103 0 3.0
1433161291326 0 2.0
1433161291178 1 548.0
1433161291397 1 561.0
1433161293203 0 3.0
1433161291427 0 2.0
1433161291278 1 548.0
1433161291498 1 561.0
1433161293303 0 3.0
1433161291527 0 2.0
1433161291379 1 548.0
1433161291599 1 561.0
1433161291699 1 561.0
1433161293404 0 3.0
1433161291629 0 2.0
1433161291480 1 548.0
1433161291800 1 561.0
1433161293504 0 3.0
1433161291732 0 2.0
1433161291581 1 548.0
1433161291901 1 561.0
1433161293604 0 3.0
1433161291833 0 2.0
1433161291682 1 548.0
1433161293704 0 3.0
1433161291933 0 2.0
1433161293804 0 3.0
1433161292002 1 561.0
1433161292033 0 2.0
1433161291783 1 548.0
1433161292104 1 561.0
1433161293904 0 3.0
1433161292135 0 2.0
1433161291883 1 548.0
1433161292206 1 561.0
1433161294005 0 3.0
