1433024762058 0 2.0
1433024762158 0 2.0
1433024762259 0 2.0
1433024762359 0 2.0
1433024762460 0 2.0
1433024762560 0 2.0
1433024762105 1 2.0
1433024762205 1 2.0
1433024762305 1 2.0
1433024762405 1 2.0
1433024762506 1 2.0
1433024762607 1 2.0
1433024762707 1 2.0
1433024762661 0 2.0
1433024762761 0 2.0
1433024762862 0 2.0
1433024762962 0 2.0
1433024763063 0 2.0
1433024763163 0 2.0
1433024762809 1 2.0
1433024762910 1 2.0
1433024763012 1 2.0
1433024763114 1 2.0
1433024763216 1 2.0
1433024763318 1 2.0
1433024763263 0 2.0
1433024763363 0 2.0
1433024763463 0 2.0
1433024763564 0 2.0
1433024763664 0 2.0
1433024763765 0 2.0
1433024763419 1 2.0
1433024763520 1 2.0
1433024763620 1 2.0
1433024763721 1 2.0
1433024763822 1 2.0
1433024763924 1 7.0
1433024763866 0 2.0
1433024763966 0 2.0
1433024764066 0 2.0
1433024764166 0 2.0
1433024764266 0 2.0
1433024764366 0 2.0
1433024764466 0 2.0
1433024764027 1 8.0
1433024764129 1 9.0
1433024764231 1 12.0
1433024764331 1 18.0
1433024764431 1 18.0
1433024764532 1 18.0
1433024764633 1 18.0
1433024764566 0 2.0
1433024764666 0 2.0
1433024764767 0 2.0
1433024764867 0 2.0
1433024764968 0 2.0
1433024765068 0 2.0
1433024764735 1 18.0
1433024764838 1 18.0
1433024764940 1 18.0
1433024765040 1 18.0
1433024765142 1 18.0
1433024765243 1 18.0
1433024765169 0 2.0
1433024765269 0 2.0
1433024765369 0 2.0
1433024765469 0 2.0
1433024765569 0 2.0
1433024765669 0 2.0
1433024765345 1 18.0
1433024765447 1 18.0
1433024765549 1 18.0
1433024765650 1 18.0
1433024765752 1 18.0
1433024765853 1 18.0
1433024765769 0 2.0
1433024765869 0 2.0
1433024765969 0 2.0
1433024766069 0 2.0
1433024766169 0 2.0
1433024766269 0 2.0
1433024765955 1 18.0
1433024766057 1 73.0
1433024766158 1 1854.0
1433024766259 1 701.0
1433024766361 1 223.0
1433024766462 1 1349.0
1433024766369 0 2.0
1433024766469 0 2.0
1433024766570 0 2.0
1433024766670 0 2.0
1433024766770 0 2.0
1433024766870 0 2.0
1433024766563 1 4698.0
1433024766663 1 4304.0
1433024766765 1 2939.0
1433024766864 1 1785.0
1433024766965 1 3150.0
1433024767068 1 3488.0
1433024767171 1 3488.0
1433024766970 0 2.0
1433024767070 0 2.0
1433024767170 0 2.0
1433024767270 0 2.0
1433024767370 0 2.0
1433024767470 0 2.0
1433024767570 0 2.0
1433024767670 0 2.0
1433024767770 0 2.0
1433024767870 0 2.0
1433024767970 0 2.0
1433024768070 0 2.0
1433024767271 1 3488.0
1433024767372 1 3488.0
1433024767473 1 3994.0
1433024767574 1 4810.0
1433024767675 1 4810.0
1433024767776 1 4810.0
1433024767876 1 4810.0
1433024767978 1 5992.0
1433024768079 1 5992.0
1433024768181 1 4965.0
1433024768282 1 4641.0
1433024768170 0 2.0
1433024768270 0 2.0
1433024768370 0 2.0
1433024768383 1 4641.0
1433024768483 1 4641.0
1433024768585 1 4641.0
1433024768470 0 2.0
1433024768571 0 2.0
1433024768671 0 2.0
1433024768686 1 4275.0
1433024768787 1 4275.0
1433024768888 1 3501.0
1433024768989 1 3234.0
1433024768772 0 2.0
1433024768872 0 3.0
1433024768972 0 6.0
1433024769072 0 9.0
1433024769089 1 2939.0
1433024769190 1 2742.0
1433024769172 0 12.0
1433024769272 0 7.0
1433024769373 0 19.0
1433024769473 0 52.0
1433024769573 0 52.0
1433024769673 0 64.0
1433024769291 1 2742.0
1433024769392 1 2573.0
1433024769494 1 2573.0
1433024769596 1 2573.0
1433024769697 1 2334.0
1433024769799 1 2038.0
1433024769773 0 15.0
1433024769873 0 15.0
1433024769973 0 15.0
1433024770073 0 15.0
1433024770173 0 15.0
1433024770274 0 15.0
1433024769901 1 1729.0
1433024770003 1 1377.0
1433024770104 1 1109.0
1433024770205 1 1109.0
1433024770307 1 1109.0
1433024770409 1 870.0
1433024770374 0 15.0
1433024770474 0 15.0
1433024770574 0 15.0
1433024770675 0 15.0
1433024770776 0 17.0
1433024770876 0 498.0
1433024770510 1 448.0
1433024770611 1 125.0
1433024770712 1 42.0
1433024770813 1 42.0
1433024770915 1 42.0
1433024771016 1 42.0
1433024770977 0 786.0
1433024771078 0 1194.0
1433024771178 0 1194.0
1433024771279 0 1194.0
1433024771379 0 1194.0
1433024771480 0 1194.0
1433024771117 1 42.0
1433024771219 1 42.0
1433024771320 1 42.0
1433024771422 1 42.0
1433024771523 1 42.0
1433024771624 1 42.0
1433024771725 1 42.0
1433024771827 1 42.0
1433024771928 1 42.0
1433024772029 1 42.0
1433024771580 0 1194.0
1433024771681 0 1251.0
1433024771781 0 1251.0
1433024771881 0 1363.0
1433024771981 0 1363.0
1433024772081 0 1363.0
1433024772131 1 42.0
1433024772233 1 42.0
1433024772181 0 1363.0
1433024772281 0 1462.0
1433024772382 0 1532.0
1433024772335 1 42.0
1433024772437 1 42.0
1433024772539 1 42.0
1433024772482 0 1532.0
1433024772583 0 1645.0
1433024772683 0 1645.0
1433024772640 1 42.0
1433024772741 1 42.0
1433024772842 1 42.0
1433024772943 1 42.0
1433024772784 0 1645.0
1433024772884 0 1645.0
1433024772985 0 1645.0
1433024773085 0 1743.0
1433024773185 0 1743.0
1433024773285 0 1743.0
1433024773385 0 1645.0
1433024773486 0 1645.0
1433024773586 0 1645.0
1433024773687 0 1645.0
1433024773787 0 1645.0
1433024773044 1 42.0
1433024773146 1 42.0
1433024773247 1 42.0
1433024773348 1 42.0
1433024773450 1 42.0
1433024773551 1 42.0
1433024773651 1 42.0
1433024773753 1 42.0
1433024773855 1 42.0
1433024773958 1 42.0
1433024774060 1 42.0
1433024774160 1 42.0
1433024773887 0 1645.0
1433024773987 0 1645.0
1433024774087 0 1645.0
1433024774187 0 1645.0
1433024774262 1 42.0
1433024774363 1 42.0
1433024774287 0 1645.0
1433024774387 0 1645.0
1433024774487 0 1645.0
1433024774463 1 42.0
1433024774566 1 42.0
1433024774588 0 1645.0
1433024774688 0 1645.0
1433024774789 0 1645.0
1433024774889 0 1645.0
1433024774989 0 1645.0
1433024775089 0 1645.0
1433024774667 1 42.0
1433024774767 1 42.0
1433024774868 1 42.0
1433024774969 1 42.0
1433024775070 1 42.0
1433024775170 1 42.0
1433024775270 1 42.0
1433024775189 0 1645.0
1433024775289 0 1645.0
1433024775389 0 1645.0
1433024775371 1 42.0
1433024775472 1 42.0
1433024775572 1 42.0
1433024775489 0 1645.0
1433024775589 0 1645.0
1433024775689 0 1645.0
1433024775672 1 42.0
1433024775772 1 42.0
1433024775872 1 42.0
1433024775789 0 1645.0
1433024775889 0 1645.0
1433024775989 0 1645.0
1433024775973 1 42.0
1433024776074 1 42.0
1433024776174 1 42.0
1433024776089 0 1645.0
1433024776189 0 1645.0
1433024776289 0 1645.0
1433024776389 0 1645.0
1433024776489 0 1645.0
1433024776589 0 1645.0
1433024776690 0 1645.0
1433024776275 1 42.0
1433024776379 1 42.0
1433024776479 1 42.0
1433024776579 1 42.0
1433024776679 1 42.0
1433024776779 1 42.0
1433024776880 1 42.0
1433024776790 0 1645.0
1433024776891 0 1645.0
1433024776991 0 1645.0
1433024777092 0 1645.0
1433024777191 0 1645.0
1433024777291 0 1645.0
1433024776980 1 42.0
1433024777082 1 42.0
1433024777182 1 42.0
1433024777283 1 42.0
1433024777384 1 42.0
1433024777486 1 42.0
1433024777391 0 1645.0
1433024777491 0 1645.0
1433024777591 0 1645.0
1433024777691 0 1645.0
1433024777791 0 1645.0
1433024777891 0 1645.0
1433024777588 1 42.0
1433024777689 1 42.0
1433024777790 1 42.0
1433024777891 1 42.0
1433024777992 1 42.0
1433024778092 1 42.0
1433024777992 0 1645.0
1433024778093 0 1645.0
1433024778194 0 1645.0
1433024778295 0 1645.0
1433024778396 0 1645.0
1433024778496 0 1645.0
1433024778597 0 1645.0
1433024778193 1 42.0
1433024778295 1 42.0
1433024778396 1 42.0
1433024778498 1 42.0
1433024778598 1 42.0
1433024778698 1 42.0
1433024778698 0 1532.0
1433024778798 0 1532.0
1433024778898 0 1532.0
1433024778998 0 1532.0
1433024779098 0 1532.0
1433024779198 0 1532.0
1433024778799 1 42.0
1433024778900 1 42.0
1433024779000 1 42.0
1433024779101 1 42.0
1433024779201 1 42.0
1433024779302 1 42.0
1433024779299 0 1532.0
1433024779399 0 1532.0
1433024779500 0 1532.0
1433024779600 0 1532.0
1433024779700 0 1532.0
1433024779800 0 1532.0
1433024779403 1 42.0
1433024779505 1 42.0
1433024779606 1 42.0
1433024779706 1 42.0
1433024779807 1 42.0
1433024779907 1 42.0
1433024779900 0 1532.0
1433024780000 0 1532.0
1433024780100 0 1532.0
1433024780200 0 1532.0
1433024780300 0 1532.0
1433024780400 0 1532.0
1433024780007 1 42.0
1433024780107 1 42.0
1433024780208 1 42.0
1433024780308 1 42.0
1433024780410 1 42.0
1433024780511 1 42.0
1433024780613 1 42.0
1433024780500 0 1532.0
1433024780600 0 1532.0
1433024780700 0 1532.0
1433024780800 0 1532.0
1433024780900 0 1532.0
1433024781001 0 1532.0
1433024780714 1 42.0
1433024780816 1 42.0
1433024780917 1 42.0
1433024781019 1 42.0
1433024781120 1 42.0
1433024781221 1 42.0
1433024781101 0 1532.0
1433024781202 0 1532.0
1433024781302 0 1532.0
1433024781403 0 1532.0
1433024781504 0 1532.0
1433024781604 0 1532.0
1433024781322 1 42.0
1433024781423 1 42.0
1433024781524 1 42.0
1433024781624 1 42.0
1433024781726 1 42.0
1433024781827 1 42.0
1433024781705 0 1532.0
1433024781806 0 1532.0
1433024781906 0 1532.0
1433024782006 0 1532.0
1433024782106 0 1532.0
1433024782206 0 1532.0
1433024781927 1 42.0
1433024782029 1 42.0
1433024782130 1 42.0
1433024782231 1 42.0
1433024782332 1 42.0
1433024782432 1 42.0
1433024782306 0 1532.0
1433024782406 0 1532.0
1433024782506 0 1532.0
1433024782606 0 1532.0
1433024782706 0 1532.0
1433024782806 0 1532.0
1433024782533 1 42.0
1433024782635 1 42.0
1433024782736 1 42.0
1433024782837 1 42.0
1433024782937 1 42.0
1433024783039 1 42.0
1433024782906 0 1532.0
1433024783006 0 1532.0
1433024783106 0 1532.0
1433024783206 0 1532.0
1433024783306 0 1532.0
1433024783406 0 1532.0
1433024783506 0 1532.0
1433024783140 1 42.0
1433024783242 1 42.0
1433024783343 1 42.0
1433024783444 1 42.0
1433024783544 1 42.0
1433024783646 1 42.0
1433024783606 0 1532.0
1433024783706 0 1532.0
1433024783806 0 1532.0
1433024783906 0 1532.0
1433024784007 0 1532.0
1433024784107 0 1532.0
1433024783747 1 42.0
1433024783849 1 42.0
1433024783950 1 42.0
1433024784051 1 42.0
1433024784152 1 42.0
1433024784253 1 42.0
1433024784208 0 1532.0
1433024784307 0 1532.0
1433024784408 0 1532.0
1433024784509 0 1532.0
1433024784609 0 1532.0
1433024784710 0 1532.0
1433024784354 1 42.0
1433024784456 1 42.0
1433024784557 1 42.0
1433024784659 1 42.0
1433024784758 1 42.0
1433024784860 1 42.0
1433024784810 0 1532.0
1433024784911 0 1532.0
1433024785011 0 1532.0
1433024785111 0 1532.0
1433024785211 0 1532.0
1433024785312 0 1532.0
1433024784961 1 42.0
1433024785062 1 42.0
1433024785163 1 42.0
1433024785264 1 42.0
1433024785366 1 42.0
1433024785468 1 42.0
1433024785412 0 1532.0
1433024785513 0 1532.0
1433024785613 0 1532.0
1433024785713 0 1532.0
1433024785813 0 1532.0
1433024785913 0 1532.0
1433024785568 1 42.0
1433024785668 1 42.0
1433024785768 1 42.0
1433024785869 1 42.0
1433024785970 1 42.0
1433024786071 1 42.0
1433024786013 0 1532.0
1433024786113 0 1532.0
1433024786213 0 1532.0
1433024786172 1 42.0
1433024786272 1 42.0
1433024786373 1 42.0
1433024786473 1 42.0
1433024786313 0 1532.0
1433024786413 0 1532.0
1433024786513 0 1532.0
1433024786614 0 1532.0
1433024786574 1 42.0
1433024786675 1 42.0
1433024786776 1 42.0
1433024786714 0 1532.0
1433024786815 0 1532.0
1433024786915 0 1532.0
1433024786877 1 42.0
1433024786978 1 42.0
1433024787079 1 42.0
1433024787179 1 42.0
1433024787281 1 42.0
1433024787382 1 42.0
1433024787015 0 1532.0
1433024787116 0 1532.0
1433024787216 0 1532.0
1433024787317 0 1532.0
1433024787418 0 1532.0
1433024787518 0 1532.0
1433024787619 0 1532.0
1433024787483 1 42.0
1433024787585 1 42.0
1433024787686 1 42.0
1433024787719 0 1532.0
1433024787820 0 1532.0
1433024787920 0 1532.0
1433024787786 1 42.0
1433024787888 1 42.0
1433024787989 1 42.0
1433024788021 0 1532.0
1433024788122 0 1532.0
1433024788222 0 1532.0
1433024788090 1 42.0
1433024788192 1 42.0
1433024788293 1 42.0
1433024788394 1 42.0
1433024788496 1 42.0
1433024788598 1 42.0
1433024788699 1 42.0
1433024788323 0 1532.0
1433024788423 0 1532.0
1433024788523 0 1532.0
1433024788623 0 1532.0
1433024788723 0 1532.0
1433024788823 0 1532.0
1433024788800 1 42.0
1433024788902 1 42.0
1433024789004 1 42.0
1433024788923 0 1532.0
1433024789023 0 1532.0
1433024789123 0 1532.0
1433024789106 1 42.0
1433024789207 1 42.0
1433024789308 1 42.0
1433024789223 0 1532.0
1433024789323 0 1532.0
1433024789424 0 1532.0
1433024789410 1 42.0
1433024789512 1 42.0
1433024789613 1 42.0
1433024789713 1 42.0
1433024789814 1 42.0
1433024789916 1 42.0
1433024789523 0 1532.0
1433024789624 0 1532.0
1433024789724 0 1532.0
1433024789825 0 1532.0
1433024789926 0 1532.0
1433024790026 0 1138.0
1433024790017 1 42.0
1433024790118 1 42.0
1433024790219 1 42.0
1433024790126 0 420.0
1433024790226 0 20.0
1433024790326 0 20.0
1433024790321 1 42.0
1433024790422 1 33.0
1433024790523 1 33.0
1433024790427 0 20.0
1433024790526 0 20.0
1433024790626 0 20.0
1433024790726 0 20.0
1433024790826 0 20.0
1433024790926 0 20.0
1433024791026 0 20.0
1433024791126 0 20.0
1433024790624 1 47.0
1433024790725 1 59.0
1433024790825 1 568.0
1433024790926 1 1447.0
1433024791027 1 1447.0
1433024791127 1 2573.0
1433024791229 1 3206.0
1433024791330 1 2770.0
1433024791227 0 20.0
1433024791327 0 20.0
1433024791427 0 20.0
1433024791528 0 20.0
1433024791628 0 20.0
1433024791729 0 20.0
1433024791431 1 2770.0
1433024791532 1 3783.0
1433024791634 1 4304.0
1433024791735 1 4304.0
1433024791835 1 4304.0
1433024791936 1 4064.0
1433024791829 0 20.0
1433024791930 0 20.0
1433024792030 0 20.0
1433024792130 0 20.0
1433024792230 0 20.0
1433024792331 0 20.0
1433024792037 1 3755.0
1433024792139 1 3755.0
1433024792241 1 3755.0
1433024792343 1 3755.0
1433024792444 1 3530.0
1433024792546 1 3305.0
1433024792431 0 20.0
1433024792532 0 20.0
1433024792632 0 20.0
1433024792733 0 20.0
1433024792833 0 20.0
1433024792934 0 20.0
1433024793034 0 20.0
1433024792648 1 3108.0
1433024792750 1 3108.0
1433024792851 1 3108.0
1433024792952 1 2911.0
1433024793053 1 2643.0
1433024793154 1 2446.0
1433024793135 0 20.0
1433024793235 0 20.0
1433024793335 0 20.0
1433024793435 0 20.0
1433024793535 0 20.0
1433024793636 0 20.0
1433024793257 1 2446.0
1433024793358 1 2446.0
1433024793459 1 2446.0
1433024793560 1 2446.0
1433024793661 1 2446.0
1433024793762 1 2446.0
1433024793735 0 20.0
1433024793836 0 20.0
1433024793936 0 20.0
1433024794036 0 20.0
1433024794136 0 20.0
1433024794236 0 20.0
1433024793863 1 2446.0
1433024793963 1 2446.0
1433024794064 1 2446.0
1433024794166 1 2446.0
1433024794268 1 2446.0
1433024794369 1 2446.0
1433024794336 0 20.0
1433024794436 0 20.0
1433024794536 0 20.0
1433024794636 0 20.0
1433024794736 0 20.0
1433024794837 0 20.0
1433024794470 1 2446.0
1433024794572 1 2446.0
1433024794671 1 2446.0
1433024794771 1 2446.0
1433024794871 1 2446.0
1433024794972 1 2446.0
1433024794937 0 20.0
1433024795038 0 20.0
1433024795138 0 20.0
1433024795238 0 20.0
1433024795338 0 20.0
1433024795438 0 20.0
1433024795538 0 20.0
1433024795638 0 20.0
1433024795738 0 20.0
1433024795838 0 20.0
1433024795938 0 20.0
1433024796038 0 20.0
1433024796138 0 20.0
1433024796238 0 20.0
1433024795072 1 2446.0
1433024795173 1 2446.0
1433024795274 1 2446.0
1433024795375 1 2446.0
1433024795476 1 2446.0
1433024795578 1 2446.0
1433024795679 1 2446.0
1433024795780 1 2446.0
1433024795882 1 2446.0
1433024795983 1 2446.0
1433024796084 1 2446.0
1433024796185 1 2446.0
1433024796287 1 2446.0
1433024796388 1 2446.0
