1432904574368 0 154.0
1432904574524 0 365.0
1432904574680 0 379.0
1432904574836 0 562.0
1432904575615 0 520.0
1432904576135 0 477.0
1432904576707 0 519.0
1432904577071 0 210.0
1432904577226 0 140.0
1432904577434 0 126.0
1432904577694 0 98.0
1432904577850 0 101.0
1432904578162 0 143.0
1432904578526 0 91.0
1432904578786 0 3.0
1432904578942 0 2.0
1432904584919 0 3.0
1432904585127 0 2.0
1432904585386 0 5.0
1432904585543 0 27.0
1432904585699 0 66.0
1432904585855 0 76.0
1432904586790 0 48.0
1432904586946 0 7.0
1432904587102 0 5.0
1432904587259 0 4.0
1432904588142 0 3.0
1432904589388 0 4.0
1432904594171 0 3.0
1432904594535 0 5.0
1432904594847 0 4.0
1432904595211 0 5.0
1432904595938 0 5.0
1432904595258 1 393.0
1432904595467 1 463.0
1432904595677 1 576.0
1432904596095 1 519.0
1432904596305 1 632.0
1432904596671 1 562.0
1432904597037 1 646.0
1432904597665 1 759.0
1432904597926 1 576.0
1432904598240 1 759.0
1432904598607 1 604.0
1432904598816 1 688.0
1432904599130 1 280.0
1432904599548 1 477.0
1432904599706 1 547.0
1432904599863 1 646.0
1432904600386 1 590.0
1432904600543 1 463.0
1432904601292 0 5.0
1432904600804 1 534.0
1432904601812 0 5.0
1432904601484 1 590.0
1432904602488 0 5.0
1432904602697 0 5.0
