1434963069313 1 825.0
1434963069405 1 824.0
1434963069505 1 824.0
1434963069605 1 824.0
1434963069706 1 825.0
1434963069805 1 825.0
1434963069905 1 825.0
1434963070005 1 825.0
1434963070106 1 827.0
1434963070206 1 825.0
1434963070306 1 829.0
1434963070406 1 829.0
1434963070507 1 829.0
1434963070607 1 829.0
1434963070708 1 827.0
1434963070808 1 825.0
1434963070908 1 825.0
1434963071008 1 825.0
1434963071109 1 825.0
1434963071209 1 825.0
1434963071310 1 825.0
1434963071410 1 827.0
1434963071510 1 825.0
1434963071611 1 825.0
1434963071711 1 825.0
1434963071811 1 825.0
1434963071912 1 825.0
1434963072012 1 824.0
1434963072112 1 824.0
1434963072213 1 825.0
1434963072314 1 825.0
1434963072415 1 825.0
1434963072515 1 827.0
1434963072616 1 817.0
1434963072716 1 824.0
1434963072816 1 810.0
1434963072916 1 802.0
1434963073017 1 795.0
1434963073116 1 781.0
1434963073216 1 785.0
1434963073316 1 785.0
1434963073416 1 788.0
1434963073516 1 788.0
1434963073616 1 793.0
1434963073716 1 788.0
1434963073816 1 790.0
1434963073916 1 791.0
1434963074016 1 802.0
1434963074116 1 812.0
1434963074217 1 810.0
1434963074316 1 812.0
1434963074416 1 812.0
1434963074516 1 812.0
1434963074616 1 812.0
1434963074716 1 812.0
1434963074816 1 812.0
1434963074917 1 813.0
1434963075016 1 812.0
1434963075117 1 813.0
1434963075217 1 813.0
1434963075318 1 812.0
1434963075419 1 815.0
1434963075519 1 815.0
1434963075619 1 812.0
1434963075722 1 813.0
1434963075822 1 812.0
1434963075922 1 813.0
1434963076023 1 812.0
1434963076124 1 812.0
1434963076225 1 813.0
1434963076325 1 812.0
1434963076425 1 812.0
1434963076525 1 812.0
1434963076626 1 812.0
1434963076726 1 812.0
1434963076826 1 812.0
1434963076926 1 812.0
1434963077026 1 812.0
1434963077126 1 812.0
1434963077226 1 812.0
1434963077326 1 812.0
1434963077427 1 812.0
1434963077527 1 815.0
1434963077627 1 815.0
1434963077728 1 815.0
1434963077828 1 815.0
1434963077928 1 815.0
1434963078029 1 815.0
1434963078129 1 815.0
1434963078229 1 815.0
1434963078330 1 815.0
1434963078431 1 815.0
1434963078531 1 813.0
1434963078631 1 815.0
1434963078731 1 815.0
1434963078831 1 815.0
1434963078932 1 813.0
1434963079031 1 812.0
1434963079132 1 812.0
1434963079232 1 812.0
1434963079332 1 813.0
1434963079432 1 815.0
1434963079532 1 815.0
1434963079632 1 815.0
1434963079735 1 815.0
1434963079835 1 815.0
1434963079935 1 815.0
1434963080035 1 815.0
1434963080136 1 815.0
1434963080236 1 817.0
1434963080336 1 815.0
1434963080436 1 815.0
1434963080537 1 817.0
1434963080638 1 815.0
1434963080738 1 817.0
1434963080838 1 819.0
1434963080938 1 819.0
1434963081038 1 817.0
1434963081138 1 817.0
1434963081238 1 817.0
1434963081338 1 817.0
1434963081438 1 812.0
1434963081538 1 815.0
1434963081638 1 812.0
1434963081739 1 812.0
1434963081840 1 812.0
1434963081941 1 808.0
1434963082041 1 808.0
1434963082141 1 807.0
1434963082241 1 805.0
1434963082342 1 802.0
1434963082442 1 798.0
1434963082541 1 798.0
1434963082641 1 795.0
1434963082742 1 793.0
1434963082842 1 791.0
1434963082942 1 791.0
1434963083042 1 791.0
1434963083143 1 790.0
1434963083243 1 788.0
1434963083343 1 788.0
1434963083444 1 788.0
1434963083543 1 786.0
1434963083645 1 785.0
1434963083746 1 785.0
1434963083846 1 783.0
1434963083947 1 785.0
1434963084048 1 783.0
1434963084148 1 781.0
1434963084249 1 779.0
1434963084349 1 778.0
1434963084449 1 774.0
1434963084550 1 774.0
1434963084651 1 773.0
1434963084752 1 774.0
1434963084852 1 773.0
1434963084952 1 773.0
1434963085052 1 774.0
1434963085153 1 774.0
1434963085252 1 774.0
1434963085352 1 776.0
1434963085452 1 781.0
1434963085552 1 788.0
1434963085652 1 795.0
1434963085753 1 796.0
1434963085852 1 798.0
1434963085952 1 800.0
1434963086052 1 802.0
1434963086152 1 803.0
1434963086253 1 803.0
1434963086353 1 805.0
1434963086453 1 805.0
1434963086553 1 803.0
1434963086653 1 802.0
1434963086753 1 785.0
1434963086854 1 781.0
1434963086954 1 790.0
1434963087054 1 798.0
1434963087155 1 805.0
1434963087255 1 812.0
1434963087355 1 812.0
1434963087455 1 795.0
1434963087556 1 808.0
1434963087656 1 810.0
1434963087756 1 812.0
1434963087856 1 810.0
1434963087956 1 812.0
1434963088057 1 812.0
1434963088157 1 810.0
1434963088257 1 812.0
1434963088358 1 812.0
1434963088458 1 810.0
1434963088558 1 812.0
1434963088658 1 812.0
1434963088758 1 812.0
1434963088859 1 812.0
1434963088959 1 812.0
1434963089060 1 812.0
1434963089161 1 812.0
1434963089261 1 812.0
1434963089361 1 813.0
1434963089461 1 812.0
1434963089561 1 812.0
1434963089661 1 812.0
1434963089761 1 812.0
1434963089861 1 813.0
1434963089961 1 812.0
1434963090061 1 812.0
1434963090162 1 812.0
1434963090263 1 812.0
1434963090363 1 812.0
1434963090463 1 812.0
1434963090564 1 812.0
1434963090665 1 812.0
1434963090765 1 812.0
1434963090865 1 812.0
1434963090965 1 812.0
1434963091066 1 810.0
1434963091166 1 812.0
1434963091266 1 812.0
1434963091367 1 810.0
1434963091467 1 812.0
1434963091567 1 812.0
1434963091667 1 812.0
1434963091768 1 812.0
1434963091868 1 812.0
1434963091968 1 812.0
1434963092069 1 812.0
1434963092169 1 812.0
1434963092269 1 813.0
1434963092371 1 810.0
1434963092472 1 783.0
1434963092572 1 802.0
1434963092672 1 812.0
1434963092772 1 815.0
1434963092872 1 815.0
1434963092972 1 815.0
1434963093072 1 815.0
1434963093172 1 815.0
1434963093272 1 815.0
1434963093372 1 815.0
1434963093473 1 812.0
1434963093573 1 805.0
1434963093673 1 773.0
1434963093773 1 516.0
1434963093873 1 720.0
1434963093973 1 812.0
1434963094073 1 813.0
1434963094174 1 815.0
1434963094275 1 815.0
1434963094375 1 815.0
1434963094476 1 815.0
1434963094576 1 815.0
1434963094676 1 815.0
1434963094777 1 815.0
1434963094878 1 815.0
1434963094978 1 817.0
1434963095079 1 815.0
1434963095179 1 817.0
1434963095280 1 819.0
1434963095379 1 815.0
1434963095480 1 819.0
1434963095579 1 815.0
1434963095680 1 817.0
1434963095781 1 819.0
1434963095882 1 817.0
1434963095982 1 819.0
1434963096082 1 819.0
1434963096182 1 815.0
1434963096282 1 817.0
1434963096383 1 819.0
1434963096484 1 817.0
1434963096584 1 817.0
1434963096684 1 817.0
1434963096784 1 815.0
1434963096884 1 817.0
1434963096985 1 815.0
1434963097085 1 815.0
1434963097185 1 815.0
1434963097285 1 815.0
1434963097386 1 815.0
1434963097485 1 815.0
1434963097585 1 815.0
1434963097685 1 815.0
1434963097789 1 815.0
1434963097889 1 815.0
1434963097990 1 815.0
