1433161208527 1 561.0
1433161208657 0 632.0
1433161210271 0 576.0
1433161208358 1 548.0
1433161208627 1 561.0
1433161210371 0 576.0
1433161208458 1 548.0
1433161208728 1 561.0
1433161210471 0 576.0
1433161208758 0 632.0
1433161208558 1 548.0
1433161208829 1 561.0
1433161208858 0 632.0
1433161210571 0 576.0
1433161208658 1 548.0
1433161208931 1 561.0
1433161208960 0 632.0
1433161210672 0 576.0
1433161208758 1 548.0
1433161209032 1 561.0
1433161209061 0 632.0
1433161210772 0 576.0
1433161208858 1 548.0
1433161209133 1 561.0
1433161209163 0 632.0
1433161210873 0 576.0
1433161208958 1 548.0
1433161209234 1 561.0
1433161210972 0 576.0
1433161209265 0 632.0
1433161209058 1 548.0
1433161209335 1 561.0
1433161211072 0 576.0
1433161209367 0 632.0
1433161209158 1 548.0
1433161209437 1 561.0
1433161211172 0 576.0
1433161209467 0 632.0
1433161209258 1 548.0
1433161209540 1 561.0
1433161211272 0 576.0
1433161209569 0 632.0
1433161209358 1 548.0
1433161209642 1 561.0
1433161211372 0 576.0
1433161209672 0 632.0
1433161209458 1 548.0
1433161209744 1 561.0
1433161211472 0 576.0
1433161209773 0 632.0
1433161209558 1 548.0
1433161209845 1 561.0
1433161209947 1 561.0
1433161211573 0 576.0
1433161209875 0 632.0
1433161209658 1 548.0
1433161210048 1 561.0
1433161211672 0 576.0
1433161209978 0 632.0
1433161210077 0 632.0
1433161209758 1 548.0
1433161210150 1 561.0
1433161211772 0 576.0
1433161210179 0 632.0
1433161209858 1 548.0
1433161211872 0 576.0
1433161210281 0 632.0
1433161209959 1 548.0
1433161211972 0 576.0
1433161210252 1 561.0
1433161210383 0 632.0
1433161210059 1 548.0
1433161210353 1 561.0
1433161212072 0 576.0
1433161210485 0 632.0
1433161210160 1 548.0
1433161210455 1 561.0
1433161212172 0 576.0
1433161210261 1 548.0
1433161212272 0 576.0
1433161210557 1 561.0
1433161210362 1 548.0
1433161210587 0 632.0
1433161212372 0 576.0
1433161210658 1 561.0
1433161210761 1 561.0
1433161210687 0 632.0
1433161210463 1 548.0
1433161212472 0 576.0
1433161210862 1 561.0
1433161210790 0 632.0
1433161210564 1 548.0
1433161212573 0 576.0
1433161210962 1 561.0
1433161210891 0 632.0
1433161210664 1 548.0
1433161212672 0 576.0
1433161211064 1 561.0
1433161210992 0 632.0
1433161210764 1 548.0
1433161212772 0 576.0
1433161211166 1 561.0
1433161211092 0 632.0
1433161210864 1 548.0
1433161212872 0 576.0
1433161211267 1 561.0
1433161211193 0 632.0
1433161211293 0 632.0
1433161210964 1 548.0
1433161212972 0 576.0
1433161211368 1 561.0
1433161211065 1 548.0
1433161211396 0 632.0
1433161213072 0 576.0
1433161211166 1 548.0
1433161211498 0 632.0
1433161213172 0 576.0
1433161211470 1 561.0
1433161211267 1 548.0
1433161211600 0 632.0
1433161213272 0 576.0
1433161211574 1 561.0
1433161211367 1 548.0
1433161211701 0 632.0
1433161213373 0 576.0
1433161211677 1 561.0
1433161211467 1 548.0
1433161211803 0 632.0
1433161213473 0 576.0
1433161211778 1 561.0
1433161211567 1 548.0
1433161211903 0 632.0
1433161213573 0 576.0
1433161211880 1 561.0
1433161211667 1 548.0
1433161212006 0 632.0
1433161213673 0 576.0
1433161211982 1 561.0
1433161211767 1 548.0
1433161212108 0 632.0
1433161213773 0 576.0
1433161212083 1 561.0
1433161211867 1 548.0
1433161212209 0 632.0
1433161213874 0 576.0
1433161212185 1 561.0
1433161211967 1 548.0
1433161212311 0 632.0
1433161213973 0 576.0
1433161212286 1 561.0
1433161212067 1 548.0
1433161212412 0 632.0
1433161214073 0 576.0
1433161212387 1 561.0
1433161212167 1 548.0
1433161212512 0 632.0
1433161214173 0 576.0
1433161212268 1 548.0
1433161212488 1 561.0
1433161212614 0 632.0
1433161214273 0 576.0
1433161212589 1 561.0
1433161212368 1 548.0
1433161212716 0 632.0
1433161214373 0 576.0
1433161212690 1 561.0
1433161212469 1 548.0
1433161212818 0 632.0
1433161214473 0 576.0
1433161212790 1 561.0
1433161212569 1 548.0
1433161212920 0 632.0
1433161214573 0 576.0
1433161212890 1 561.0
1433161212669 1 548.0
1433161213020 0 632.0
1433161214673 0 576.0
1433161212992 1 561.0
1433161212769 1 548.0
1433161213121 0 632.0
1433161214774 0 576.0
1433161212869 1 548.0
1433161213093 1 561.0
1433161213194 1 561.0
1433161213221 0 632.0
1433161214875 0 576.0
1433161212970 1 548.0
1433161213295 1 561.0
1433161213322 0 632.0
1433161214976 0 576.0
1433161213071 1 548.0
1433161213397 1 561.0
1433161215076 0 576.0
1433161213172 1 548.0
1433161213498 1 561.0
1433161213423 0 632.0
1433161215176 0 576.0
1433161213273 1 548.0
1433161213599 1 561.0
1433161213524 0 632.0
1433161213624 0 632.0
1433161215277 0 576.0
1433161213373 1 548.0
1433161213700 1 561.0
1433161215377 0 576.0
1433161213473 1 548.0
1433161213726 0 632.0
1433161215478 0 576.0
1433161213573 1 548.0
1433161213801 1 561.0
1433161213826 0 632.0
1433161213927 0 632.0
1433161215578 0 576.0
1433161213673 1 548.0
1433161213903 1 561.0
1433161214028 0 632.0
1433161215678 0 576.0
1433161213774 1 548.0
1433161214006 1 561.0
1433161215778 0 576.0
1433161213875 1 548.0
1433161214107 1 561.0
1433161214130 0 632.0
1433161215878 0 576.0
1433161213975 1 548.0
1433161214208 1 561.0
1433161214231 0 632.0
1433161215978 0 576.0
1433161214075 1 548.0
1433161214309 1 561.0
1433161214333 0 632.0
1433161216079 0 576.0
1433161214175 1 548.0
1433161214412 1 561.0
1433161214437 0 632.0
1433161216180 0 576.0
1433161214275 1 548.0
1433161214513 1 561.0
1433161214538 0 632.0
1433161216280 0 576.0
1433161214375 1 548.0
1433161214614 1 561.0
1433161214640 0 632.0
1433161216380 0 576.0
1433161214476 1 548.0
1433161214718 1 561.0
1433161214742 0 632.0
1433161216480 0 576.0
1433161214577 1 548.0
1433161214820 1 561.0
1433161214844 0 632.0
1433161216580 0 576.0
1433161214677 1 548.0
1433161214921 1 561.0
1433161214945 0 632.0
1433161216680 0 576.0
1433161214777 1 548.0
1433161215023 1 561.0
1433161215046 0 632.0
1433161216780 0 576.0
1433161214877 1 548.0
1433161215123 1 561.0
1433161215224 1 561.0
1433161215148 0 632.0
1433161216880 0 576.0
1433161214977 1 548.0
1433161215325 1 561.0
1433161215250 0 632.0
1433161216980 0 576.0
1433161215077 1 548.0
1433161215427 1 561.0
1433161215351 0 632.0
1433161217081 0 576.0
1433161215177 1 548.0
1433161215528 1 561.0
1433161215451 0 632.0
1433161217181 0 576.0
1433161215277 1 548.0
1433161215551 0 632.0
1433161215652 0 632.0
1433161217281 0 576.0
1433161215377 1 548.0
1433161215630 1 561.0
1433161215754 0 632.0
1433161217382 0 576.0
1433161215477 1 548.0
1433161215734 1 561.0
1433161215855 0 632.0
1433161217482 0 576.0
1433161215577 1 548.0
1433161215835 1 561.0
1433161215956 0 632.0
1433161217582 0 576.0
1433161215677 1 548.0
1433161215937 1 561.0
1433161216057 0 632.0
1433161217682 0 576.0
1433161215778 1 548.0
1433161216037 1 561.0
1433161216138 1 561.0
1433161216159 0 632.0
1433161217783 0 576.0
1433161215878 1 548.0
1433161216240 1 561.0
1433161216260 0 632.0
1433161217883 0 576.0
1433161215979 1 548.0
1433161216342 1 561.0
1433161216362 0 632.0
1433161217984 0 576.0
1433161216079 1 548.0
1433161216443 1 561.0
1433161218085 0 576.0
1433161216179 1 548.0
1433161216543 1 561.0
1433161216463 0 632.0
1433161218185 0 576.0
1433161216279 1 548.0
1433161216644 1 561.0
1433161216566 0 632.0
1433161218285 0 576.0
1433161216379 1 548.0
1433161216746 1 561.0
1433161216668 0 632.0
1433161218386 0 576.0
1433161216479 1 548.0
1433161216848 1 561.0
1433161216769 0 632.0
1433161218486 0 576.0
1433161216579 1 548.0
1433161216949 1 561.0
1433161216870 0 632.0
1433161218586 0 576.0
1433161216679 1 548.0
1433161216972 0 632.0
1433161218686 0 576.0
1433161216779 1 548.0
1433161217052 1 561.0
1433161217075 0 632.0
1433161218786 0 576.0
1433161216879 1 548.0
1433161217152 1 561.0
1433161217178 0 632.0
1433161218886 0 576.0
1433161216979 1 548.0
1433161217254 1 561.0
1433161217279 0 632.0
1433161218987 0 576.0
1433161217080 1 548.0
1433161217358 1 561.0
1433161217379 0 632.0
1433161217480 0 632.0
1433161219087 0 576.0
1433161217181 1 548.0
1433161217459 1 561.0
1433161217581 0 632.0
1433161219188 0 576.0
1433161217282 1 548.0
1433161217560 1 561.0
1433161217682 0 632.0
1433161219288 0 576.0
1433161217383 1 548.0
1433161217661 1 561.0
1433161219388 0 576.0
1433161217784 0 632.0
1433161217483 1 548.0
1433161217764 1 561.0
1433161219488 0 576.0
1433161217885 0 632.0
1433161217583 1 548.0
1433161217865 1 561.0
1433161219588 0 576.0
1433161217683 1 548.0
1433161217967 1 561.0
1433161219688 0 576.0
1433161217987 0 632.0
1433161217783 1 548.0
1433161218067 1 561.0
1433161218168 1 561.0
1433161219788 0 576.0
1433161218088 0 632.0
1433161217883 1 548.0
1433161218270 1 561.0
1433161219888 0 576.0
1433161218190 0 632.0
1433161217983 1 548.0
1433161218370 1 561.0
1433161219988 0 576.0
1433161218290 0 632.0
1433161218084 1 548.0
1433161218471 1 561.0
1433161220088 0 576.0
1433161218392 0 632.0
1433161218185 1 548.0
1433161220188 0 576.0
1433161218572 1 561.0
1433161218494 0 632.0
1433161218286 1 548.0
1433161220289 0 576.0
1433161218675 1 561.0
1433161218598 0 632.0
1433161218387 1 548.0
1433161220389 0 576.0
1433161218777 1 561.0
1433161218699 0 632.0
1433161218488 1 548.0
1433161220489 0 576.0
1433161218878 1 561.0
1433161218800 0 632.0
1433161218901 0 632.0
1433161218588 1 548.0
1433161220590 0 576.0
1433161218980 1 561.0
1433161219003 0 632.0
1433161218688 1 548.0
1433161220689 0 576.0
1433161219079 1 561.0
1433161219105 0 632.0
1433161218788 1 548.0
1433161220789 0 576.0
1433161219180 1 561.0
1433161218888 1 548.0
1433161220889 0 576.0
1433161219280 1 561.0
1433161219206 0 632.0
1433161218988 1 548.0
1433161220990 0 576.0
1433161219381 1 561.0
1433161219308 0 632.0
1433161219088 1 548.0
1433161221090 0 576.0
1433161219482 1 561.0
1433161219410 0 632.0
1433161219188 1 548.0
1433161221190 0 576.0
1433161219288 1 548.0
1433161219511 0 632.0
1433161221290 0 576.0
1433161219583 1 561.0
1433161219683 1 561.0
1433161219388 1 548.0
1433161219613 0 632.0
1433161221390 0 576.0
1433161219488 1 548.0
1433161219714 0 632.0
1433161221491 0 576.0
1433161219785 1 561.0
1433161219589 1 548.0
1433161219818 0 632.0
1433161221591 0 576.0
1433161219886 1 561.0
1433161219690 1 548.0
1433161219919 0 632.0
1433161221691 0 576.0
1433161219988 1 561.0
1433161219791 1 548.0
1433161220020 0 632.0
1433161221792 0 576.0
1433161220089 1 561.0
1433161219892 1 548.0
1433161220121 0 632.0
1433161221892 0 576.0
1433161220190 1 561.0
1433161219992 1 548.0
1433161220222 0 632.0
1433161221992 0 576.0
1433161220291 1 561.0
1433161220092 1 548.0
1433161220323 0 632.0
1433161222092 0 576.0
1433161220394 1 561.0
1433161220193 1 548.0
1433161220424 0 632.0
1433161222192 0 576.0
1433161220495 1 561.0
1433161220294 1 548.0
1433161220524 0 632.0
1433161222292 0 576.0
1433161220596 1 561.0
1433161220394 1 548.0
1433161220627 0 632.0
1433161222392 0 576.0
1433161220697 1 561.0
1433161220494 1 548.0
1433161220728 0 632.0
1433161222492 0 576.0
1433161220798 1 561.0
1433161220594 1 548.0
1433161220829 0 632.0
1433161222592 0 576.0
1433161220899 1 561.0
1433161220694 1 548.0
1433161220929 0 632.0
1433161222692 0 576.0
1433161221000 1 561.0
1433161220794 1 548.0
1433161221031 0 632.0
1433161222792 0 576.0
1433161221100 1 561.0
1433161221201 1 561.0
1433161220894 1 548.0
1433161221131 0 632.0
1433161222892 0 576.0
1433161221302 1 561.0
1433161220995 1 548.0
1433161221232 0 632.0
1433161221333 0 632.0
1433161222993 0 576.0
1433161221404 1 561.0
1433161221096 1 548.0
1433161221435 0 632.0
1433161223093 0 576.0
1433161221505 1 561.0
1433161221197 1 548.0
1433161221535 0 632.0
1433161223193 0 576.0
1433161221297 1 548.0
1433161221636 0 632.0
1433161223293 0 576.0
1433161221397 1 548.0
1433161221607 1 561.0
1433161221709 1 561.0
1433161221738 0 632.0
1433161223393 0 576.0
1433161221497 1 548.0
1433161223493 0 576.0
1433161221597 1 548.0
1433161221811 1 561.0
1433161221840 0 632.0
1433161223593 0 576.0
1433161221697 1 548.0
1433161221912 1 561.0
1433161221944 0 632.0
1433161223694 0 576.0
1433161221797 1 548.0
1433161222017 1 561.0
1433161222045 0 632.0
1433161223794 0 576.0
1433161221897 1 548.0
1433161222118 1 561.0
1433161222146 0 632.0
1433161223894 0 576.0
1433161221997 1 548.0
1433161222220 1 561.0
1433161222246 0 632.0
1433161223994 0 576.0
1433161222097 1 548.0
1433161222322 1 561.0
1433161222347 0 632.0
1433161224094 0 576.0
1433161222197 1 548.0
1433161222424 1 561.0
1433161222447 0 632.0
1433161224194 0 576.0
1433161222297 1 548.0
1433161222525 1 561.0
1433161222549 0 632.0
1433161224294 0 576.0
1433161222397 1 548.0
1433161222625 1 561.0
1433161222726 1 561.0
1433161222650 0 632.0
1433161224394 0 576.0
1433161222497 1 548.0
1433161222827 1 561.0
1433161222750 0 632.0
1433161224495 0 576.0
1433161222597 1 548.0
1433161222929 1 561.0
1433161222851 0 632.0
1433161224595 0 576.0
1433161222697 1 548.0
1433161223030 1 561.0
1433161222952 0 632.0
1433161224696 0 576.0
1433161222797 1 548.0
1433161223131 1 561.0
1433161223052 0 632.0
1433161223153 0 632.0
1433161224796 0 576.0
1433161222897 1 548.0
1433161223252 0 632.0
1433161224897 0 576.0
1433161222997 1 548.0
1433161223233 1 561.0
1433161223353 0 632.0
1433161224998 0 576.0
1433161223097 1 548.0
1433161223334 1 561.0
1433161223454 0 632.0
1433161225097 0 576.0
1433161223197 1 548.0
1433161223437 1 561.0
1433161223555 0 632.0
1433161225198 0 576.0
1433161223298 1 548.0
1433161223538 1 561.0
1433161223656 0 632.0
1433161225298 0 576.0
1433161223399 1 548.0
1433161223638 1 561.0
1433161223758 0 632.0
1433161225398 0 576.0
1433161223500 1 548.0
1433161223740 1 561.0
1433161225499 0 576.0
1433161223601 1 548.0
1433161223840 1 561.0
1433161223858 0 632.0
1433161225599 0 576.0
1433161223701 1 548.0
1433161223942 1 561.0
1433161223959 0 632.0
1433161225700 0 576.0
1433161223801 1 548.0
1433161224045 1 561.0
1433161224061 0 632.0
1433161225801 0 576.0
1433161223901 1 548.0
1433161224147 1 561.0
1433161224164 0 632.0
1433161225902 0 576.0
1433161224001 1 548.0
1433161224265 0 632.0
1433161224248 1 561.0
1433161224348 1 561.0
1433161226003 0 576.0
1433161224101 1 548.0
1433161224450 1 561.0
1433161224368 0 632.0
1433161226103 0 576.0
1433161224201 1 548.0
1433161224551 1 561.0
1433161224468 0 632.0
1433161224569 0 632.0
1433161226203 0 576.0
1433161224301 1 548.0
1433161224652 1 561.0
1433161224671 0 632.0
1433161226303 0 576.0
1433161224401 1 548.0
1433161224773 0 632.0
1433161226403 0 576.0
1433161224501 1 548.0
1433161224754 1 561.0
1433161224854 1 561.0
1433161226503 0 576.0
1433161224601 1 548.0
1433161224874 0 632.0
1433161226603 0 576.0
1433161224702 1 548.0
1433161224956 1 561.0
1433161224975 0 632.0
1433161225076 0 632.0
1433161226704 0 576.0
1433161224803 1 548.0
1433161225058 1 561.0
1433161226804 0 576.0
1433161224904 1 548.0
1433161225161 1 561.0
1433161225178 0 632.0
1433161226904 0 576.0
1433161225004 1 548.0
1433161225264 1 561.0
1433161225281 0 632.0
1433161227004 0 576.0
1433161225104 1 548.0
1433161225365 1 561.0
1433161225383 0 632.0
1433161227104 0 576.0
1433161225204 1 548.0
1433161225467 1 561.0
1433161225485 0 632.0
1433161227205 0 576.0
1433161225304 1 548.0
1433161225569 1 561.0
1433161225586 0 632.0
1433161227306 0 576.0
1433161225404 1 548.0
1433161225670 1 561.0
1433161225687 0 632.0
1433161227406 0 576.0
1433161225504 1 548.0
1433161225770 1 561.0
1433161225788 0 632.0
1433161227506 0 576.0
1433161225604 1 548.0
1433161225871 1 561.0
1433161225972 1 561.0
1433161225889 0 632.0
1433161227607 0 576.0
1433161225704 1 548.0
1433161226073 1 561.0
1433161225990 0 632.0
1433161227707 0 576.0
1433161225804 1 548.0
1433161226175 1 561.0
1433161226092 0 632.0
1433161227807 0 576.0
1433161225905 1 548.0
1433161226277 1 561.0
1433161226193 0 632.0
1433161227908 0 576.0
1433161226006 1 548.0
1433161226378 1 561.0
1433161226296 0 632.0
1433161228008 0 576.0
1433161226107 1 548.0
1433161226480 1 561.0
1433161226397 0 632.0
1433161226497 0 632.0
1433161228108 0 576.0
1433161226207 1 548.0
1433161226599 0 632.0
1433161228208 0 576.0
1433161226307 1 548.0
1433161226701 0 632.0
1433161226582 1 561.0
1433161228308 0 576.0
1433161226407 1 548.0
1433161226682 1 561.0
1433161228409 0 576.0
1433161226507 1 548.0
1433161226784 1 561.0
1433161228509 0 576.0
1433161226803 0 632.0
1433161226607 1 548.0
1433161226887 1 561.0
1433161226904 0 632.0
1433161228609 0 576.0
1433161226707 1 548.0
1433161226988 1 561.0
1433161227007 0 632.0
1433161228709 0 576.0
1433161226807 1 548.0
1433161227090 1 561.0
1433161227107 0 632.0
1433161228809 0 576.0
1433161226907 1 548.0
1433161227191 1 561.0
1433161227291 1 561.0
1433161228909 0 576.0
1433161227207 0 632.0
1433161227007 1 548.0
1433161227392 1 561.0
1433161227310 0 632.0
1433161229010 0 576.0
1433161227107 1 548.0
1433161229110 0 576.0
1433161227411 0 632.0
1433161227207 1 548.0
1433161227511 0 632.0
1433161229211 0 576.0
1433161227493 1 561.0
1433161227307 1 548.0
1433161227593 1 561.0
1433161227695 1 561.0
1433161229311 0 576.0
1433161227613 0 632.0
1433161227407 1 548.0
1433161229411 0 576.0
1433161227715 0 632.0
1433161227507 1 548.0
1433161229511 0 576.0
1433161227816 0 632.0
1433161227796 1 561.0
1433161227607 1 548.0
1433161229611 0 576.0
1433161227897 1 561.0
1433161227998 1 561.0
1433161227920 0 632.0
1433161227707 1 548.0
1433161228098 1 561.0
1433161229711 0 576.0
1433161228020 0 632.0
1433161228121 0 632.0
1433161227807 1 548.0
1433161228200 1 561.0
1433161229811 0 576.0
1433161228222 0 632.0
1433161227907 1 548.0
1433161228302 1 561.0
1433161229911 0 576.0
1433161228323 0 632.0
1433161228007 1 548.0
1433161230011 0 576.0
1433161228404 1 561.0
1433161228423 0 632.0
1433161228107 1 548.0
1433161230111 0 576.0
1433161228505 1 561.0
1433161228207 1 548.0
1433161230211 0 576.0
1433161228606 1 561.0
1433161228307 1 548.0
1433161228525 0 632.0
1433161230311 0 576.0
1433161228708 1 561.0
1433161228626 0 632.0
1433161228407 1 548.0
1433161230411 0 576.0
1433161228810 1 561.0
1433161228727 0 632.0
1433161228507 1 548.0
1433161230511 0 576.0
1433161228829 0 632.0
1433161228608 1 548.0
1433161230611 0 576.0
1433161228912 1 561.0
1433161228930 0 632.0
1433161228709 1 548.0
1433161230711 0 576.0
1433161229014 1 561.0
1433161228810 1 548.0
1433161229032 0 632.0
1433161230812 0 576.0
1433161229117 1 561.0
1433161228911 1 548.0
1433161229136 0 632.0
1433161230913 0 576.0
1433161229218 1 561.0
1433161229011 1 548.0
1433161229237 0 632.0
1433161231013 0 576.0
1433161229318 1 561.0
1433161229419 1 561.0
1433161229339 0 632.0
1433161229111 1 548.0
1433161231113 0 576.0
1433161229520 1 561.0
1433161229211 1 548.0
1433161229441 0 632.0
1433161231214 0 576.0
1433161229311 1 548.0
1433161229621 1 561.0
1433161229542 0 632.0
1433161231315 0 576.0
1433161229411 1 548.0
1433161229723 1 561.0
1433161229644 0 632.0
1433161231415 0 576.0
1433161229511 1 548.0
1433161229746 0 632.0
1433161231515 0 576.0
1433161229611 1 548.0
1433161229825 1 561.0
1433161229849 0 632.0
1433161231615 0 576.0
1433161229711 1 548.0
1433161229927 1 561.0
1433161229949 0 632.0
1433161231715 0 576.0
1433161229812 1 548.0
1433161230028 1 561.0
1433161230053 0 632.0
1433161231815 0 576.0
1433161229913 1 548.0
1433161230131 1 561.0
1433161230154 0 632.0
1433161231915 0 576.0
1433161230013 1 548.0
1433161230232 1 561.0
1433161230254 0 632.0
1433161232015 0 576.0
1433161230113 1 548.0
1433161230333 1 561.0
1433161230356 0 632.0
1433161232115 0 576.0
1433161230213 1 548.0
1433161230435 1 561.0
1433161230456 0 632.0
1433161232215 0 576.0
1433161230313 1 548.0
1433161230537 1 561.0
1433161230557 0 632.0
1433161232315 0 576.0
1433161230413 1 548.0
1433161230640 1 561.0
1433161230658 0 632.0
1433161232416 0 576.0
1433161230514 1 548.0
1433161230741 1 561.0
1433161230761 0 632.0
1433161232516 0 576.0
1433161230615 1 548.0
1433161230844 1 561.0
1433161230862 0 632.0
1433161232616 0 576.0
1433161230715 1 548.0
1433161230945 1 561.0
1433161230963 0 632.0
1433161232717 0 576.0
1433161230815 1 548.0
1433161231047 1 561.0
1433161231065 0 632.0
1433161231165 0 632.0
1433161232817 0 576.0
1433161230915 1 548.0
1433161231148 1 561.0
1433161231266 0 632.0
1433161232918 0 576.0
1433161231016 1 548.0
1433161231251 1 561.0
1433161231367 0 632.0
1433161233018 0 576.0
1433161231117 1 548.0
1433161231352 1 561.0
1433161231468 0 632.0
1433161233118 0 576.0
1433161231217 1 548.0
1433161231454 1 561.0
1433161231569 0 632.0
1433161233219 0 576.0
1433161231317 1 548.0
1433161231557 1 561.0
1433161233319 0 576.0
1433161231417 1 548.0
1433161231657 1 561.0
1433161231670 0 632.0
1433161233419 0 576.0
1433161231517 1 548.0
1433161231759 1 561.0
1433161231772 0 632.0
1433161233519 0 576.0
1433161231617 1 548.0
1433161231859 1 561.0
1433161231874 0 632.0
1433161233619 0 576.0
1433161231717 1 548.0
1433161231962 1 561.0
1433161231975 0 632.0
1433161233720 0 576.0
1433161231817 1 548.0
1433161232063 1 561.0
1433161232076 0 632.0
1433161233820 0 576.0
1433161231917 1 548.0
1433161232163 1 561.0
1433161232178 0 632.0
1433161233920 0 576.0
1433161232017 1 548.0
1433161232265 1 561.0
1433161232279 0 632.0
1433161234020 0 576.0
1433161232117 1 548.0
1433161232368 1 561.0
1433161232379 0 632.0
1433161234120 0 576.0
1433161232217 1 548.0
1433161232469 1 561.0
1433161232482 0 632.0
1433161234220 0 576.0
1433161232317 1 548.0
1433161232570 1 561.0
1433161232583 0 632.0
1433161234320 0 576.0
1433161232417 1 548.0
1433161232671 1 561.0
1433161232684 0 632.0
1433161234420 0 576.0
1433161232517 1 548.0
1433161232775 1 561.0
1433161232786 0 632.0
1433161234521 0 576.0
1433161232617 1 548.0
1433161232877 1 561.0
1433161232888 0 632.0
1433161234621 0 576.0
1433161232717 1 548.0
1433161232978 1 561.0
1433161232990 0 632.0
1433161234721 0 576.0
1433161232817 1 548.0
1433161233079 1 561.0
1433161233092 0 632.0
1433161234821 0 576.0
1433161232917 1 548.0
1433161233180 1 561.0
1433161233194 0 632.0
1433161234922 0 576.0
1433161233018 1 548.0
1433161233279 1 561.0
1433161233380 1 561.0
1433161233298 0 632.0
1433161235023 0 576.0
1433161235123 0 576.0
1433161233119 1 548.0
1433161233481 1 561.0
1433161233399 0 632.0
1433161235224 0 576.0
1433161233220 1 548.0
1433161233582 1 561.0
1433161233500 0 632.0
1433161233601 0 632.0
1433161235324 0 576.0
1433161233321 1 548.0
1433161233681 1 561.0
1433161233702 0 632.0
1433161235424 0 576.0
1433161233422 1 548.0
1433161233783 1 561.0
1433161233803 0 632.0
1433161235524 0 576.0
1433161233523 1 548.0
1433161233884 1 561.0
1433161235625 0 576.0
1433161233623 1 548.0
1433161233986 1 561.0
1433161233904 0 632.0
1433161234004 0 632.0
1433161235726 0 576.0
1433161233723 1 548.0
1433161234087 1 561.0
1433161234105 0 632.0
1433161235826 0 576.0
1433161233824 1 548.0
1433161234189 1 561.0
1433161235926 0 576.0
1433161233924 1 548.0
1433161234290 1 561.0
1433161234206 0 632.0
1433161236026 0 576.0
1433161234024 1 548.0
1433161234307 0 632.0
1433161236126 0 576.0
1433161234124 1 548.0
1433161234392 1 561.0
1433161234419 0 632.0
1433161236226 0 576.0
1433161234224 1 548.0
1433161234495 1 561.0
1433161234519 0 632.0
1433161236326 0 576.0
1433161234325 1 548.0
1433161234597 1 561.0
1433161234621 0 632.0
1433161236426 0 576.0
1433161234425 1 548.0
1433161234697 1 561.0
1433161234722 0 632.0
1433161236526 0 576.0
1433161234526 1 548.0
1433161234798 1 561.0
1433161234823 0 632.0
1433161236627 0 576.0
1433161234626 1 548.0
1433161234899 1 561.0
1433161234927 0 632.0
1433161236727 0 576.0
1433161234726 1 548.0
1433161235001 1 561.0
1433161235028 0 632.0
1433161236828 0 576.0
1433161234826 1 548.0
1433161235103 1 561.0
1433161235129 0 632.0
1433161236928 0 576.0
1433161234926 1 548.0
1433161235207 1 561.0
1433161235231 0 632.0
1433161237028 0 576.0
1433161235026 1 548.0
1433161235308 1 561.0
1433161235333 0 632.0
1433161237129 0 576.0
1433161235127 1 548.0
1433161235408 1 561.0
1433161235509 1 561.0
1433161235436 0 632.0
1433161237229 0 576.0
1433161235228 1 548.0
1433161235611 1 561.0
1433161235538 0 632.0
1433161237329 0 576.0
1433161235329 1 548.0
1433161235712 1 561.0
1433161237430 0 576.0
1433161235639 0 632.0
1433161235429 1 548.0
1433161237530 0 576.0
1433161235740 0 632.0
1433161235529 1 548.0
1433161235814 1 561.0
1433161235840 0 632.0
1433161235941 0 632.0
1433161235629 1 548.0
1433161235915 1 561.0
1433161237631 0 576.0
1433161237731 0 576.0
1433161236043 0 632.0
1433161235729 1 548.0
1433161236019 1 561.0
1433161237831 0 576.0
1433161235829 1 548.0
1433161236146 0 632.0
1433161236120 1 561.0
1433161237931 0 576.0
1433161235929 1 548.0
1433161236249 0 632.0
1433161236222 1 561.0
1433161238031 0 576.0
1433161236029 1 548.0
1433161236351 0 632.0
1433161236322 1 561.0
1433161238132 0 576.0
1433161236129 1 548.0
1433161236451 0 632.0
1433161236423 1 561.0
1433161238232 0 576.0
1433161236230 1 548.0
1433161236523 1 561.0
1433161236625 1 561.0
1433161238332 0 576.0
1433161236330 1 548.0
1433161236553 0 632.0
1433161236727 1 561.0
1433161238433 0 576.0
1433161236431 1 548.0
1433161236654 0 632.0
1433161236829 1 561.0
1433161236531 1 548.0
1433161236755 0 632.0
1433161236929 1 561.0
1433161238533 0 576.0
1433161238634 0 576.0
1433161236631 1 548.0
1433161236856 0 632.0
1433161237029 1 561.0
1433161238735 0 576.0
1433161236731 1 548.0
1433161236957 0 632.0
1433161237131 1 561.0
1433161238836 0 576.0
1433161236831 1 548.0
1433161237065 0 632.0
1433161237233 1 561.0
1433161238938 0 576.0
1433161236932 1 548.0
1433161237166 0 632.0
1433161237334 1 561.0
1433161239038 0 576.0
1433161237032 1 548.0
1433161237268 0 632.0
1433161239138 0 576.0
1433161237132 1 548.0
1433161237369 0 632.0
1433161239238 0 576.0
1433161237232 1 548.0
1433161237435 1 561.0
1433161237470 0 632.0
1433161237571 0 632.0
1433161237537 1 561.0
1433161239338 0 576.0
1433161237332 1 548.0
1433161237674 0 632.0
1433161239439 0 576.0
1433161237640 1 561.0
1433161237432 1 548.0
1433161237776 0 632.0
1433161239539 0 576.0
1433161237743 1 561.0
1433161237532 1 548.0
1433161237878 0 632.0
1433161237844 1 561.0
1433161237632 1 548.0
1433161237980 0 632.0
1433161237945 1 561.0
1433161239640 0 576.0
1433161239740 0 576.0
1433161237732 1 548.0
1433161238082 0 632.0
1433161239840 0 576.0
1433161238045 1 561.0
1433161237833 1 548.0
1433161238184 0 632.0
1433161239940 0 576.0
1433161238147 1 561.0
1433161237933 1 548.0
1433161238285 0 632.0
1433161240040 0 576.0
1433161238250 1 561.0
1433161238033 1 548.0
1433161238385 0 632.0
1433161240140 0 576.0
1433161238352 1 561.0
1433161238133 1 548.0
1433161240240 0 576.0
1433161238233 1 548.0
1433161238453 1 561.0
1433161238554 1 561.0
1433161238487 0 632.0
1433161240340 0 576.0
1433161238333 1 548.0
1433161238657 1 561.0
1433161238590 0 632.0
1433161240441 0 576.0
1433161238433 1 548.0
1433161238692 0 632.0
1433161240541 0 576.0
1433161238533 1 548.0
1433161238759 1 561.0
1433161238793 0 632.0
1433161238634 1 548.0
1433161238860 1 561.0
1433161238894 0 632.0
1433161240642 0 576.0
1433161240742 0 576.0
1433161238734 1 548.0
1433161238963 1 561.0
1433161238997 0 632.0
1433161240842 0 576.0
1433161238834 1 548.0
1433161239065 1 561.0
1433161239097 0 632.0
1433161240942 0 576.0
1433161238934 1 548.0
1433161239167 1 561.0
1433161239198 0 632.0
1433161241042 0 576.0
1433161239034 1 548.0
1433161239268 1 561.0
1433161239369 1 561.0
1433161239299 0 632.0
1433161241143 0 576.0
1433161239135 1 548.0
1433161239470 1 561.0
1433161239401 0 632.0
1433161241242 0 576.0
1433161239235 1 548.0
1433161239572 1 561.0
1433161239502 0 632.0
1433161241342 0 576.0
1433161239336 1 548.0
1433161239604 0 632.0
1433161241442 0 576.0
1433161239437 1 548.0
1433161239673 1 561.0
1433161239707 0 632.0
1433161241543 0 576.0
1433161239538 1 548.0
1433161239809 0 632.0
1433161239639 1 548.0
1433161239909 0 632.0
1433161239775 1 561.0
1433161239876 1 561.0
1433161241643 0 576.0
1433161241743 0 576.0
1433161239740 1 548.0
1433161239978 1 561.0
1433161240009 0 632.0
1433161241843 0 576.0
1433161239841 1 548.0
1433161240079 1 561.0
1433161240110 0 632.0
1433161241944 0 576.0
1433161239942 1 548.0
1433161240181 1 561.0
1433161240212 0 632.0
1433161242045 0 576.0
1433161240042 1 548.0
1433161240281 1 561.0
1433161240313 0 632.0
1433161242146 0 576.0
1433161240142 1 548.0
1433161240381 1 561.0
1433161240413 0 632.0
1433161242246 0 576.0
1433161240242 1 548.0
1433161240481 1 561.0
1433161240514 0 632.0
1433161242346 0 576.0
1433161240342 1 548.0
1433161240583 1 561.0
1433161240614 0 632.0
1433161242447 0 576.0
1433161240442 1 548.0
1433161240684 1 561.0
1433161240715 0 632.0
1433161240542 1 548.0
1433161240785 1 561.0
1433161240816 0 632.0
1433161240642 1 548.0
1433161242547 0 576.0
1433161242647 0 576.0
1433161240886 1 561.0
1433161240916 0 632.0
1433161241017 0 632.0
1433161242747 0 576.0
1433161240742 1 548.0
1433161240989 1 561.0
1433161241118 0 632.0
