1433154767172 0 645.0
1433154767273 0 645.0
1433154767275 1 589.0
1433154768995 0 532.0
1433154766939 1 561.0
1433154767040 1 561.0
1433154767375 0 645.0
1433154767375 1 589.0
1433154769097 0 532.0
1433154767141 1 561.0
1433154767475 0 645.0
1433154767475 1 589.0
1433154769199 0 532.0
1433154767243 1 561.0
1433154767579 0 645.0
1433154767575 1 589.0
1433154769300 0 532.0
1433154767345 1 561.0
1433154767682 0 645.0
1433154767675 1 589.0
1433154769402 0 532.0
1433154767447 1 561.0
1433154767784 0 645.0
1433154767776 1 589.0
1433154767549 1 561.0
1433154767884 0 645.0
1433154767877 1 589.0
1433154769503 0 532.0
1433154769604 0 532.0
1433154767651 1 561.0
1433154767986 0 645.0
1433154767977 1 589.0
1433154769705 0 532.0
1433154767752 1 561.0
1433154768087 0 645.0
1433154768077 1 589.0
1433154769807 0 532.0
1433154767854 1 561.0
1433154768189 0 645.0
1433154768177 1 589.0
1433154769908 0 532.0
1433154767955 1 561.0
1433154768291 0 645.0
1433154768277 1 589.0
1433154770010 0 532.0
1433154768057 1 561.0
1433154768377 1 589.0
1433154768393 0 645.0
1433154770110 0 532.0
1433154768159 1 561.0
1433154768477 1 589.0
1433154768495 0 645.0
1433154770212 0 532.0
1433154768578 1 589.0
1433154768596 0 645.0
1433154770313 0 532.0
1433154768259 1 561.0
1433154768360 1 561.0
1433154768678 1 589.0
1433154768697 0 645.0
1433154770414 0 532.0
1433154768460 1 561.0
1433154768779 1 589.0
1433154768799 0 645.0
1433154770515 0 532.0
1433154768560 1 561.0
1433154768880 1 589.0
1433154768900 0 645.0
1433154770616 0 532.0
1433154768660 1 561.0
1433154768979 1 589.0
1433154769000 0 645.0
1433154770717 0 532.0
1433154768762 1 561.0
1433154769079 1 589.0
1433154769101 0 645.0
1433154770819 0 532.0
1433154768863 1 561.0
1433154769180 1 589.0
1433154769203 0 645.0
1433154770921 0 532.0
1433154768965 1 561.0
1433154769280 1 589.0
1433154769305 0 645.0
1433154771022 0 532.0
1433154769066 1 561.0
1433154769380 1 589.0
1433154769407 0 645.0
1433154771123 0 532.0
1433154769168 1 561.0
1433154769480 1 589.0
1433154769508 0 645.0
1433154771224 0 532.0
1433154769269 1 561.0
1433154769580 1 589.0
1433154769609 0 645.0
1433154771326 0 532.0
1433154769371 1 561.0
1433154769680 1 589.0
1433154771428 0 532.0
1433154769472 1 561.0
1433154769780 1 589.0
1433154769710 0 645.0
1433154769811 0 645.0
1433154771530 0 532.0
1433154769573 1 561.0
1433154769880 1 589.0
1433154769913 0 645.0
1433154771631 0 532.0
1433154769675 1 561.0
1433154769980 1 589.0
1433154770014 0 645.0
1433154771732 0 532.0
1433154769776 1 561.0
1433154770080 1 589.0
1433154770116 0 645.0
1433154771834 0 532.0
1433154769877 1 561.0
1433154770180 1 589.0
1433154770218 0 645.0
1433154771936 0 532.0
1433154769979 1 561.0
1433154770281 1 589.0
1433154770319 0 645.0
1433154772038 0 532.0
1433154770079 1 561.0
1433154770421 0 645.0
1433154772138 0 532.0
1433154770180 1 561.0
1433154770381 1 589.0
1433154770523 0 645.0
1433154772240 0 532.0
1433154770282 1 561.0
1433154770482 1 589.0
1433154770625 0 645.0
1433154772340 0 532.0
1433154770383 1 561.0
1433154770581 1 589.0
1433154770682 1 589.0
1433154770725 0 645.0
1433154772440 0 532.0
1433154770485 1 561.0
1433154770782 1 589.0
1433154770827 0 645.0
1433154772542 0 532.0
1433154770586 1 561.0
1433154770883 1 589.0
1433154770929 0 645.0
1433154772643 0 532.0
1433154770687 1 561.0
1433154770983 1 589.0
1433154772743 0 532.0
1433154770787 1 561.0
1433154771083 1 589.0
1433154771030 0 645.0
1433154771131 0 645.0
1433154772844 0 532.0
1433154770888 1 561.0
1433154771183 1 589.0
1433154772945 0 532.0
1433154770988 1 561.0
1433154771283 1 589.0
1433154771231 0 645.0
1433154771331 0 645.0
1433154773047 0 532.0
1433154771089 1 561.0
1433154771384 1 589.0
1433154771431 0 645.0
1433154773149 0 532.0
1433154771190 1 561.0
1433154771483 1 589.0
1433154771533 0 645.0
1433154773251 0 532.0
1433154771291 1 561.0
1433154771584 1 589.0
1433154771633 0 645.0
1433154773352 0 532.0
1433154771392 1 561.0
1433154771684 1 589.0
1433154771733 0 645.0
1433154773453 0 532.0
1433154771493 1 561.0
1433154771785 1 589.0
1433154771833 0 645.0
1433154773555 0 532.0
1433154771595 1 561.0
1433154771886 1 589.0
1433154771935 0 645.0
1433154773657 0 532.0
1433154771696 1 561.0
1433154771987 1 589.0
1433154772035 0 645.0
1433154773758 0 532.0
1433154771798 1 561.0
1433154772087 1 589.0
1433154772137 0 645.0
1433154773859 0 532.0
1433154771899 1 561.0
1433154772187 1 589.0
1433154772238 0 645.0
1433154773961 0 532.0
1433154772000 1 561.0
1433154772288 1 589.0
1433154772340 0 645.0
1433154774063 0 532.0
1433154772101 1 561.0
1433154772388 1 589.0
1433154772440 0 645.0
1433154774165 0 532.0
1433154772202 1 561.0
1433154772488 1 589.0
1433154772542 0 645.0
1433154774267 0 532.0
1433154772303 1 561.0
1433154772588 1 589.0
1433154772643 0 645.0
1433154774369 0 532.0
1433154772405 1 561.0
1433154772688 1 589.0
1433154772745 0 645.0
1433154774470 0 532.0
1433154772506 1 561.0
1433154772789 1 589.0
1433154772845 0 645.0
1433154774571 0 532.0
1433154772608 1 561.0
1433154772888 1 589.0
1433154772946 0 645.0
1433154774673 0 532.0
1433154772989 1 589.0
1433154772710 1 561.0
1433154773047 0 645.0
1433154774774 0 532.0
1433154773089 1 589.0
1433154772812 1 561.0
1433154773149 0 645.0
1433154774876 0 532.0
1433154773189 1 589.0
1433154772913 1 561.0
1433154773250 0 645.0
1433154774978 0 532.0
1433154773289 1 589.0
1433154773014 1 561.0
1433154773352 0 645.0
1433154775079 0 532.0
1433154773389 1 589.0
1433154773115 1 561.0
1433154775181 0 532.0
1433154773490 1 589.0
1433154773217 1 561.0
1433154773453 0 645.0
1433154773554 0 645.0
1433154775283 0 532.0
1433154773590 1 589.0
1433154773319 1 561.0
1433154773655 0 645.0
1433154775384 0 532.0
1433154773691 1 589.0
1433154773421 1 561.0
1433154773757 0 645.0
1433154775486 0 532.0
1433154773791 1 589.0
1433154773522 1 561.0
1433154773858 0 645.0
1433154775588 0 532.0
1433154773891 1 589.0
1433154773624 1 561.0
1433154773960 0 645.0
1433154775690 0 532.0
1433154773991 1 589.0
1433154773726 1 561.0
1433154774061 0 645.0
1433154775792 0 532.0
1433154774091 1 589.0
1433154773828 1 561.0
1433154774163 0 645.0
1433154775893 0 532.0
1433154774192 1 589.0
1433154773930 1 561.0
1433154774264 0 645.0
1433154775995 0 532.0
1433154774291 1 589.0
1433154774030 1 561.0
1433154776098 0 532.0
1433154774392 1 589.0
1433154774131 1 561.0
1433154774366 0 645.0
1433154776201 0 532.0
1433154774492 1 589.0
1433154774233 1 561.0
1433154774467 0 645.0
1433154776302 0 532.0
1433154774592 1 589.0
1433154774335 1 561.0
1433154774567 0 645.0
1433154774668 0 645.0
1433154776403 0 532.0
1433154774692 1 589.0
1433154774437 1 561.0
1433154774770 0 645.0
1433154774792 1 589.0
1433154776504 0 532.0
1433154774539 1 561.0
1433154774870 0 645.0
1433154774892 1 589.0
1433154776605 0 532.0
1433154774641 1 561.0
1433154774972 0 645.0
1433154774993 1 589.0
1433154776705 0 532.0
1433154774742 1 561.0
1433154775073 0 645.0
1433154775093 1 589.0
1433154776806 0 532.0
1433154774844 1 561.0
1433154775175 0 645.0
1433154775193 1 589.0
1433154776907 0 532.0
1433154774945 1 561.0
1433154775276 0 645.0
1433154775293 1 589.0
1433154777008 0 532.0
1433154775046 1 561.0
1433154775377 0 645.0
1433154775393 1 589.0
1433154777110 0 532.0
1433154775148 1 561.0
1433154775477 0 645.0
1433154775493 1 589.0
1433154777211 0 532.0
1433154775250 1 561.0
1433154775579 0 645.0
1433154775593 1 589.0
1433154777313 0 532.0
1433154775352 1 561.0
1433154775680 0 645.0
1433154775694 1 589.0
1433154777414 0 532.0
1433154775454 1 561.0
1433154775782 0 645.0
1433154775794 1 589.0
1433154777515 0 532.0
1433154775556 1 561.0
1433154775883 0 645.0
1433154775894 1 589.0
1433154777617 0 532.0
1433154775657 1 561.0
1433154775984 0 645.0
1433154775994 1 589.0
1433154777717 0 532.0
1433154776085 0 645.0
1433154776095 1 589.0
1433154777819 0 532.0
1433154775760 1 561.0
1433154775859 1 561.0
1433154776187 0 645.0
1433154777919 0 532.0
1433154775960 1 561.0
1433154776287 0 645.0
1433154776195 1 589.0
1433154776296 1 589.0
1433154778021 0 532.0
1433154776388 0 645.0
1433154778122 0 532.0
1433154776060 1 561.0
1433154776160 1 561.0
1433154776488 0 645.0
1433154776397 1 589.0
1433154778224 0 532.0
1433154776260 1 561.0
1433154776590 0 645.0
1433154776497 1 589.0
1433154778326 0 532.0
1433154776361 1 561.0
1433154776692 0 645.0
1433154776598 1 589.0
1433154778427 0 532.0
1433154776462 1 561.0
1433154776794 0 645.0
1433154776698 1 589.0
1433154778528 0 532.0
1433154776563 1 561.0
1433154776798 1 589.0
1433154776898 1 589.0
1433154778630 0 532.0
1433154776664 1 561.0
1433154776894 0 645.0
1433154776994 0 645.0
1433154778732 0 532.0
1433154776765 1 561.0
1433154777095 0 645.0
1433154776999 1 589.0
1433154778833 0 532.0
1433154776866 1 561.0
1433154777195 0 645.0
1433154777099 1 589.0
1433154777199 1 589.0
1433154778934 0 532.0
1433154776967 1 561.0
1433154777299 1 589.0
1433154779037 0 532.0
1433154777067 1 561.0
1433154777399 1 589.0
1433154777306 0 645.0
1433154779137 0 532.0
1433154777170 1 561.0
1433154777407 0 645.0
1433154777499 1 589.0
1433154779239 0 532.0
1433154777270 1 561.0
1433154777507 0 645.0
1433154777607 0 645.0
1433154777599 1 589.0
1433154779339 0 532.0
1433154777371 1 561.0
1433154777709 0 645.0
1433154777699 1 589.0
1433154779439 0 532.0
1433154777471 1 561.0
1433154777810 0 645.0
1433154777799 1 589.0
1433154779540 0 532.0
1433154777573 1 561.0
1433154777912 0 645.0
1433154777900 1 589.0
1433154779641 0 532.0
1433154777674 1 561.0
1433154778013 0 645.0
1433154778000 1 589.0
1433154779741 0 532.0
1433154777776 1 561.0
1433154778114 0 645.0
1433154778100 1 589.0
1433154779842 0 532.0
1433154777877 1 561.0
1433154778200 1 589.0
1433154778216 0 645.0
1433154779943 0 532.0
1433154777977 1 561.0
1433154778300 1 589.0
1433154778318 0 645.0
1433154780043 0 532.0
1433154778078 1 561.0
1433154778400 1 589.0
1433154778418 0 645.0
1433154780143 0 532.0
1433154778178 1 561.0
1433154778500 1 589.0
1433154780245 0 532.0
1433154778279 1 561.0
1433154778600 1 589.0
1433154778519 0 645.0
1433154778619 0 645.0
1433154780344 0 532.0
1433154778381 1 561.0
1433154778700 1 589.0
1433154778721 0 645.0
1433154780444 0 532.0
1433154778482 1 561.0
1433154778801 1 589.0
1433154778821 0 645.0
1433154780545 0 532.0
1433154778584 1 561.0
1433154778901 1 589.0
1433154778923 0 645.0
1433154780645 0 532.0
1433154778685 1 561.0
1433154779002 1 589.0
1433154779023 0 645.0
1433154780747 0 532.0
1433154778786 1 561.0
1433154779102 1 589.0
1433154779123 0 645.0
1433154780848 0 532.0
1433154778887 1 561.0
1433154779202 1 589.0
1433154779225 0 645.0
1433154780949 0 532.0
1433154778987 1 561.0
1433154779302 1 589.0
1433154781051 0 532.0
1433154779088 1 561.0
1433154779402 1 589.0
1433154779326 0 645.0
1433154781151 0 532.0
1433154779189 1 561.0
1433154779502 1 589.0
1433154779426 0 645.0
1433154781251 0 532.0
1433154779290 1 561.0
1433154779602 1 589.0
1433154779526 0 645.0
1433154781353 0 532.0
1433154779392 1 561.0
1433154779703 1 589.0
1433154779626 0 645.0
1433154779728 0 645.0
1433154781454 0 532.0
1433154779492 1 561.0
1433154779803 1 589.0
1433154779829 0 645.0
1433154781554 0 532.0
1433154779594 1 561.0
1433154779903 1 589.0
1433154779930 0 645.0
1433154781656 0 532.0
1433154779695 1 561.0
1433154780030 0 645.0
1433154780003 1 589.0
1433154781758 0 532.0
1433154779797 1 561.0
1433154780103 1 589.0
1433154780131 0 645.0
1433154781859 0 532.0
1433154779898 1 561.0
1433154780203 1 589.0
1433154780237 0 645.0
1433154781960 0 532.0
1433154779998 1 561.0
1433154780303 1 589.0
1433154780339 0 645.0
1433154782060 0 532.0
1433154780099 1 561.0
1433154780403 1 589.0
1433154780440 0 645.0
1433154782160 0 532.0
1433154780200 1 561.0
1433154780503 1 589.0
1433154780541 0 645.0
1433154782262 0 532.0
1433154780301 1 561.0
1433154780603 1 589.0
1433154780642 0 645.0
1433154782363 0 532.0
1433154780401 1 561.0
1433154780703 1 589.0
1433154780743 0 645.0
1433154782464 0 532.0
1433154780503 1 561.0
1433154780803 1 589.0
1433154780844 0 645.0
1433154782566 0 532.0
1433154780605 1 561.0
1433154780904 1 589.0
1433154780946 0 645.0
1433154782667 0 532.0
1433154781004 1 589.0
1433154781047 0 645.0
1433154782767 0 532.0
1433154780715 1 561.0
1433154780806 1 561.0
1433154781104 1 589.0
1433154781149 0 645.0
1433154782868 0 532.0
1433154780907 1 561.0
1433154781204 1 589.0
1433154781250 0 645.0
1433154782969 0 532.0
1433154781009 1 561.0
1433154781304 1 589.0
1433154781351 0 645.0
1433154783071 0 532.0
1433154781110 1 561.0
1433154781404 1 589.0
1433154781453 0 645.0
1433154783172 0 532.0
1433154781210 1 561.0
1433154781504 1 589.0
1433154781555 0 645.0
1433154783273 0 532.0
1433154781311 1 561.0
1433154781604 1 589.0
1433154781655 0 645.0
1433154783375 0 532.0
1433154781412 1 561.0
1433154781704 1 589.0
1433154781756 0 645.0
1433154783476 0 532.0
1433154781513 1 561.0
1433154781804 1 589.0
1433154781856 0 645.0
1433154783578 0 532.0
1433154781615 1 561.0
1433154781904 1 589.0
1433154781957 0 645.0
1433154783680 0 532.0
1433154781717 1 561.0
1433154782004 1 589.0
1433154782059 0 645.0
1433154783780 0 532.0
1433154781819 1 561.0
1433154782104 1 589.0
1433154782160 0 645.0
1433154783881 0 532.0
1433154781921 1 561.0
1433154782204 1 589.0
1433154782261 0 645.0
1433154783982 0 532.0
1433154782023 1 561.0
1433154782305 1 589.0
1433154782362 0 645.0
1433154784084 0 532.0
1433154782405 1 589.0
1433154782463 0 645.0
1433154784183 0 532.0
1433154782505 1 589.0
1433154782123 1 561.0
1433154782224 1 561.0
1433154782564 0 645.0
1433154784283 0 532.0
1433154782324 1 561.0
1433154782605 1 589.0
1433154782665 0 645.0
1433154784385 0 532.0
1433154782426 1 561.0
1433154782705 1 589.0
1433154782765 0 645.0
1433154784487 0 532.0
1433154782528 1 561.0
1433154782805 1 589.0
1433154782866 0 645.0
1433154782630 1 561.0
1433154782906 1 589.0
1433154782968 0 645.0
1433154784588 0 532.0
1433154784689 0 532.0
1433154782731 1 561.0
1433154783006 1 589.0
1433154783069 0 645.0
1433154782832 1 561.0
1433154783106 1 589.0
1433154783171 0 645.0
1433154784791 0 532.0
1433154784891 0 532.0
1433154782933 1 561.0
1433154783206 1 589.0
1433154784993 0 532.0
1433154783035 1 561.0
1433154783306 1 589.0
1433154783271 0 645.0
1433154783371 0 645.0
1433154785093 0 532.0
1433154783137 1 561.0
1433154783407 1 589.0
1433154783472 0 645.0
1433154783239 1 561.0
1433154783507 1 589.0
1433154783574 0 645.0
1433154785194 0 532.0
1433154783608 1 589.0
1433154783340 1 561.0
1433154783675 0 645.0
1433154785295 0 532.0
1433154783708 1 589.0
1433154783442 1 561.0
1433154783776 0 645.0
1433154785396 0 532.0
1433154783808 1 589.0
1433154783543 1 561.0
1433154783877 0 645.0
1433154785498 0 532.0
1433154783908 1 589.0
1433154783645 1 561.0
1433154783979 0 645.0
1433154785598 0 532.0
1433154785699 0 532.0
1433154784009 1 589.0
1433154783746 1 561.0
1433154784080 0 645.0
1433154785800 0 532.0
1433154784109 1 589.0
1433154783848 1 561.0
1433154784182 0 645.0
1433154785900 0 532.0
1433154784209 1 589.0
1433154783950 1 561.0
1433154784282 0 645.0
1433154786001 0 532.0
1433154784309 1 589.0
1433154784051 1 561.0
1433154784383 0 645.0
1433154786101 0 532.0
1433154784409 1 589.0
1433154784153 1 561.0
1433154784484 0 645.0
1433154786202 0 532.0
1433154784509 1 589.0
1433154784255 1 561.0
1433154784585 0 645.0
1433154786302 0 532.0
1433154784609 1 589.0
1433154784357 1 561.0
1433154784687 0 645.0
1433154786403 0 532.0
1433154784709 1 589.0
1433154784459 1 561.0
1433154784788 0 645.0
1433154786504 0 532.0
1433154784809 1 589.0
1433154784561 1 561.0
1433154784889 0 645.0
1433154786604 0 532.0
1433154784909 1 589.0
1433154784663 1 561.0
1433154784990 0 645.0
1433154786705 0 532.0
1433154785016 1 589.0
1433154784765 1 561.0
1433154785091 0 645.0
1433154786806 0 532.0
1433154785116 1 589.0
1433154785193 0 645.0
1433154786907 0 532.0
1433154785217 1 589.0
1433154784865 1 561.0
1433154785295 0 645.0
1433154787008 0 532.0
1433154785317 1 589.0
1433154784966 1 561.0
1433154785396 0 645.0
1433154787108 0 532.0
1433154785417 1 589.0
1433154785070 1 561.0
1433154785499 0 645.0
1433154787210 0 532.0
1433154785517 1 589.0
1433154785171 1 561.0
1433154785601 0 645.0
1433154787311 0 532.0
1433154785617 1 589.0
1433154785270 1 561.0
1433154785371 1 561.0
1433154785702 0 645.0
1433154787412 0 532.0
1433154785718 1 589.0
1433154785472 1 561.0
1433154785803 0 645.0
1433154787513 0 532.0
1433154785818 1 589.0
1433154785904 0 645.0
1433154787613 0 532.0
1433154785918 1 589.0
1433154785572 1 561.0
1433154785673 1 561.0
1433154786005 0 645.0
1433154787715 0 532.0
1433154786018 1 589.0
1433154785774 1 561.0
1433154786106 0 645.0
1433154787817 0 532.0
1433154786119 1 589.0
1433154785875 1 561.0
1433154786208 0 645.0
1433154787919 0 532.0
1433154786219 1 589.0
1433154785976 1 561.0
1433154786310 0 645.0
1433154788021 0 532.0
1433154786319 1 589.0
1433154786076 1 561.0
1433154786411 0 645.0
1433154788123 0 532.0
1433154786419 1 589.0
1433154786177 1 561.0
1433154786512 0 645.0
1433154788226 0 532.0
1433154786519 1 589.0
1433154786278 1 561.0
1433154786614 0 645.0
1433154788327 0 532.0
1433154786619 1 589.0
1433154786380 1 561.0
1433154786715 0 645.0
1433154788429 0 532.0
1433154786719 1 589.0
1433154786481 1 561.0
1433154786816 0 645.0
1433154788531 0 532.0
1433154786819 1 589.0
1433154786583 1 561.0
1433154786918 0 645.0
1433154788633 0 532.0
1433154786919 1 589.0
1433154786684 1 561.0
1433154787019 0 645.0
1433154788735 0 532.0
1433154787019 1 589.0
1433154786786 1 561.0
1433154787119 0 645.0
1433154788837 0 532.0
1433154787119 1 589.0
1433154786887 1 561.0
1433154787221 0 645.0
1433154788937 0 532.0
1433154787220 1 589.0
1433154786987 1 561.0
1433154787323 0 645.0
1433154789039 0 532.0
1433154787319 1 589.0
1433154787089 1 561.0
1433154787422 0 645.0
1433154789139 0 532.0
1433154787420 1 589.0
1433154787190 1 561.0
1433154787523 0 645.0
1433154787520 1 589.0
1433154789240 0 532.0
1433154787291 1 561.0
1433154787624 0 645.0
1433154787620 1 589.0
1433154789342 0 532.0
1433154787393 1 561.0
1433154787726 0 645.0
1433154787720 1 589.0
1433154789442 0 532.0
1433154787494 1 561.0
1433154787829 0 645.0
1433154787820 1 589.0
1433154789543 0 532.0
1433154787595 1 561.0
1433154787931 0 645.0
1433154787920 1 589.0
1433154787696 1 561.0
1433154788032 0 645.0
1433154788021 1 589.0
1433154789643 0 532.0
1433154789743 0 532.0
1433154787798 1 561.0
1433154788133 0 645.0
1433154788121 1 589.0
1433154789844 0 532.0
1433154787899 1 561.0
1433154788221 1 589.0
1433154789946 0 532.0
1433154788000 1 561.0
1433154788233 0 645.0
1433154788334 0 645.0
1433154788321 1 589.0
1433154790048 0 532.0
1433154788101 1 561.0
1433154788434 0 645.0
1433154788421 1 589.0
1433154790148 0 532.0
1433154788202 1 561.0
1433154788536 0 645.0
1433154788522 1 589.0
1433154790249 0 532.0
1433154788303 1 561.0
1433154788638 0 645.0
1433154788622 1 589.0
1433154790350 0 532.0
1433154788405 1 561.0
1433154788739 0 645.0
1433154788723 1 589.0
1433154790450 0 532.0
1433154788506 1 561.0
1433154788840 0 645.0
1433154788823 1 589.0
1433154790551 0 532.0
1433154788608 1 561.0
1433154788942 0 645.0
1433154788924 1 589.0
1433154790652 0 532.0
1433154789042 0 645.0
1433154789023 1 589.0
1433154790755 0 532.0
1433154788708 1 561.0
1433154788808 1 561.0
1433154789144 0 645.0
1433154789124 1 589.0
1433154790856 0 532.0
1433154788909 1 561.0
1433154789245 0 645.0
1433154789224 1 589.0
1433154790957 0 532.0
1433154789010 1 561.0
1433154789324 1 589.0
1433154789346 0 645.0
1433154791058 0 476.0
1433154789111 1 561.0
1433154789424 1 589.0
1433154789448 0 645.0
1433154791161 0 476.0
1433154789212 1 561.0
1433154789524 1 589.0
1433154789549 0 645.0
1433154791262 0 476.0
1433154789314 1 561.0
1433154789624 1 589.0
1433154789650 0 645.0
1433154791364 0 476.0
1433154789416 1 561.0
1433154789724 1 589.0
1433154789752 0 645.0
1433154791465 0 518.0
1433154789518 1 561.0
1433154789824 1 589.0
1433154789852 0 645.0
1433154791567 0 518.0
1433154789620 1 561.0
1433154789924 1 589.0
1433154789954 0 645.0
1433154791669 0 518.0
1433154789721 1 561.0
1433154790024 1 589.0
1433154790055 0 645.0
1433154789821 1 561.0
1433154790124 1 589.0
1433154790157 0 645.0
1433154791770 0 518.0
1433154789923 1 561.0
1433154790225 1 589.0
1433154790258 0 645.0
1433154791870 0 518.0
1433154790024 1 561.0
1433154790325 1 589.0
1433154790360 0 645.0
1433154791970 0 518.0
1433154792070 0 518.0
1433154790125 1 561.0
1433154790426 1 589.0
1433154792172 0 518.0
1433154790227 1 561.0
1433154790527 1 589.0
1433154790461 0 645.0
1433154790562 0 645.0
1433154792274 0 518.0
1433154790329 1 561.0
1433154790627 1 589.0
1433154790663 0 645.0
1433154792377 0 518.0
1433154790431 1 561.0
1433154790727 1 589.0
1433154790765 0 645.0
1433154792477 0 518.0
1433154790533 1 561.0
1433154790827 1 589.0
1433154790866 0 645.0
1433154792578 0 518.0
1433154790634 1 561.0
1433154790928 1 589.0
1433154790968 0 645.0
1433154792680 0 518.0
1433154790736 1 561.0
1433154791028 1 589.0
1433154791069 0 645.0
1433154792781 0 518.0
1433154790838 1 561.0
1433154791129 1 589.0
1433154791171 0 645.0
1433154792883 0 518.0
1433154790940 1 561.0
1433154791229 1 589.0
1433154791273 0 645.0
1433154792985 0 518.0
1433154791041 1 561.0
1433154791329 1 589.0
1433154791375 0 645.0
1433154793087 0 518.0
1433154791141 1 561.0
1433154791429 1 589.0
1433154791477 0 645.0
1433154793189 0 518.0
1433154791243 1 561.0
1433154791529 1 589.0
1433154791577 0 645.0
1433154793291 0 518.0
1433154791345 1 561.0
1433154791629 1 589.0
1433154791678 0 645.0
1433154793393 0 518.0
1433154791447 1 561.0
1433154791729 1 589.0
1433154791780 0 645.0
1433154793495 0 518.0
1433154791549 1 561.0
1433154791829 1 589.0
1433154791880 0 645.0
1433154793596 0 518.0
1433154791651 1 561.0
1433154791929 1 589.0
1433154791982 0 645.0
1433154793698 0 518.0
1433154791752 1 561.0
1433154792029 1 589.0
1433154792084 0 645.0
1433154793800 0 518.0
1433154791854 1 561.0
1433154792129 1 589.0
1433154792186 0 645.0
1433154793900 0 518.0
1433154791955 1 561.0
1433154792229 1 589.0
1433154792288 0 645.0
1433154794001 0 518.0
1433154792057 1 561.0
1433154792329 1 589.0
1433154792390 0 645.0
1433154794102 0 518.0
1433154792159 1 561.0
1433154792430 1 589.0
1433154792492 0 645.0
1433154794203 0 518.0
1433154792260 1 561.0
1433154792530 1 589.0
1433154792594 0 645.0
1433154794304 0 518.0
1433154792362 1 561.0
1433154792631 1 589.0
1433154792694 0 645.0
1433154794406 0 518.0
1433154792731 1 589.0
1433154792464 1 561.0
1433154792794 0 645.0
1433154794507 0 518.0
1433154792831 1 589.0
1433154792565 1 561.0
1433154792895 0 645.0
1433154794608 0 518.0
1433154792931 1 589.0
1433154792667 1 561.0
1433154792997 0 645.0
1433154794709 0 518.0
1433154793032 1 589.0
1433154792769 1 561.0
1433154793098 0 645.0
1433154794811 0 518.0
1433154793132 1 589.0
1433154793200 0 645.0
1433154794911 0 518.0
1433154793232 1 589.0
1433154792869 1 561.0
1433154792970 1 561.0
1433154793301 0 645.0
1433154795014 0 518.0
1433154793332 1 589.0
1433154793402 0 645.0
1433154795116 0 518.0
1433154793432 1 589.0
1433154793071 1 561.0
1433154793172 1 561.0
1433154793504 0 645.0
1433154795218 0 518.0
1433154793532 1 589.0
1433154793273 1 561.0
1433154793606 0 645.0
1433154795319 0 518.0
1433154793632 1 589.0
1433154793375 1 561.0
1433154793708 0 645.0
1433154795421 0 518.0
1433154793733 1 589.0
1433154793476 1 561.0
1433154793810 0 645.0
1433154795522 0 518.0
1433154793833 1 589.0
1433154793578 1 561.0
1433154793912 0 645.0
1433154795622 0 518.0
1433154793933 1 589.0
1433154793679 1 561.0
1433154794013 0 645.0
1433154795724 0 518.0
1433154794033 1 589.0
1433154793781 1 561.0
1433154795826 0 518.0
1433154794133 1 589.0
1433154793882 1 561.0
1433154794113 0 645.0
1433154794213 0 645.0
1433154795926 0 519.0
1433154794233 1 589.0
1433154793984 1 561.0
1433154794315 0 645.0
1433154796028 0 519.0
1433154794334 1 589.0
1433154794085 1 561.0
1433154794417 0 645.0
1433154796130 0 519.0
1433154794434 1 589.0
1433154794187 1 561.0
1433154794519 0 645.0
1433154796232 0 519.0
1433154794535 1 589.0
1433154794288 1 561.0
1433154794621 0 645.0
1433154796333 0 519.0
1433154794635 1 589.0
1433154794390 1 561.0
1433154794721 0 645.0
1433154796434 0 519.0
1433154794735 1 589.0
1433154794491 1 561.0
1433154794823 0 645.0
1433154796536 0 519.0
1433154794835 1 589.0
1433154794593 1 561.0
1433154794925 0 645.0
1433154796637 0 519.0
1433154794936 1 589.0
1433154794693 1 561.0
1433154795026 0 645.0
1433154796739 0 519.0
1433154795036 1 589.0
1433154794795 1 561.0
1433154795127 0 645.0
1433154796840 0 519.0
1433154795136 1 589.0
1433154794897 1 561.0
1433154795229 0 645.0
1433154796942 0 519.0
1433154795237 1 589.0
1433154794997 1 561.0
1433154795331 0 645.0
1433154797044 0 519.0
1433154795336 1 589.0
1433154795097 1 561.0
1433154795432 0 645.0
1433154797146 0 519.0
1433154795437 1 589.0
1433154795199 1 561.0
1433154795532 0 645.0
1433154797248 0 519.0
1433154795537 1 589.0
1433154795300 1 561.0
1433154795632 0 645.0
1433154797349 0 519.0
1433154795637 1 589.0
1433154795402 1 561.0
1433154795731 0 645.0
1433154797449 0 519.0
1433154795737 1 589.0
1433154795504 1 561.0
1433154795831 0 645.0
1433154797551 0 519.0
1433154795837 1 589.0
1433154795606 1 561.0
1433154795933 0 645.0
1433154797652 0 519.0
1433154795937 1 589.0
1433154796034 0 645.0
1433154797753 0 533.0
1433154796038 1 589.0
1433154795706 1 561.0
1433154795808 1 561.0
1433154796136 0 645.0
1433154797854 0 533.0
1433154796138 1 589.0
1433154795910 1 561.0
1433154796237 0 645.0
1433154797956 0 533.0
1433154796238 1 589.0
1433154796011 1 561.0
1433154796339 0 645.0
1433154798058 0 533.0
1433154796341 1 589.0
1433154796112 1 561.0
1433154796439 0 645.0
1433154798158 0 533.0
1433154796441 1 589.0
1433154796214 1 561.0
1433154798260 0 533.0
1433154796541 1 589.0
1433154796316 1 561.0
1433154796540 0 645.0
1433154798362 0 533.0
1433154796642 1 589.0
1433154796417 1 561.0
1433154796644 0 645.0
1433154798462 0 533.0
1433154796742 1 589.0
1433154796518 1 561.0
1433154796744 0 645.0
1433154796843 1 589.0
1433154798564 0 533.0
1433154796620 1 561.0
1433154796845 0 645.0
1433154796943 1 589.0
1433154798666 0 533.0
1433154796722 1 561.0
1433154796946 0 645.0
1433154797043 1 589.0
1433154798767 0 533.0
1433154796824 1 561.0
1433154797046 0 645.0
1433154797146 0 645.0
1433154797143 1 589.0
1433154798868 0 533.0
1433154796926 1 561.0
1433154797247 0 645.0
1433154797244 1 589.0
1433154798970 0 533.0
