1432904818303 0 1.255251169204712 0.3922659754753113 10.355822563171387
1432904817912 1 0.03922659903764725 0.11767979711294174 10.395049095153809
1432904818503 0 1.2944778203964233 0.3922659754753113 10.43427562713623
1432904818112 1 -0.0 0.11767979711294174 10.277368545532227
1432904818703 0 1.255251169204712 0.3922659754753113 10.395049095153809
1432904818312 1 -0.0 0.156906396150589 10.316595077514648
1432904818903 0 1.2944778203964233 0.4314925968647003 10.551955223083496
1432904818512 1 0.03922659903764725 0.11767979711294174 10.238142013549805
1432904819103 0 1.255251169204712 0.4314925968647003 10.43427562713623
1432904818713 1 -0.0 0.03922659903764725 10.395049095153809
1432904819303 0 1.2160245180130005 0.313812792301178 10.43427562713623
1432904818912 1 0.03922659903764725 0.0784531980752945 10.316595077514648
1432904819503 0 1.1375713348388672 0.627625584602356 10.002782821655273
1432904819112 1 -0.0784531980752945 0.03922659903764725 10.238142013549805
1432904819703 0 1.255251169204712 0.3922659754753113 10.63040828704834
1432904819312 1 -0.03922659903764725 0.03922659903764725 10.395049095153809
1432904819903 0 3.8049800395965576 -0.9022117853164673 13.219364166259766
1432904819512 1 0.03922659903764725 0.0784531980752945 10.238142013549805
1432904820102 0 1.8828767538070679 0.156906396150589 11.061901092529297
1432904819712 1 -0.03922659903764725 0.156906396150589 10.277368545532227
1432904820308 0 1.5690639019012451 3.608847141265869 6.943108081817627
1432904819912 1 -0.03922659903764725 0.11767979711294174 10.316595077514648
1432904820503 0 1.8436501026153564 4.001112937927246 10.669634819030762
1432904820111 1 0.03922659903764725 0.0784531980752945 10.355822563171387
1432904820703 0 2.1182363033294678 4.354152679443359 9.257477760314941
1432904820317 1 -0.0 0.0784531980752945 10.316595077514648
1432904820903 0 1.8044235706329346 3.177354574203491 8.94366455078125
1432904821103 0 5.413270473480225 -4.471832275390625 8.708305358886719
1432904820512 1 -0.03922659903764725 0.11767979711294174 10.316595077514648
1432904821303 0 0.0784531980752945 7.884546279907227 7.609960079193115
1432904820712 1 0.03922659903764725 0.11767979711294174 10.316595077514648
1432904821503 0 -2.3535959720611572 6.825428009033203 7.766866683959961
1432904820912 1 0.0784531980752945 0.0784531980752945 10.277368545532227
1432904821702 0 -0.823758602142334 3.5303938388824463 9.375157356262207
1432904821112 1 -0.03922659903764725 0.11767979711294174 10.277368545532227
1432904821902 0 2.7066352367401123 5.374043941497803 8.708305358886719
1432904821312 1 0.03922659903764725 0.11767979711294174 10.316595077514648
1432904822108 0 12.356378555297852 7.1000142097473145 9.532063484191895
1432904821512 1 0.0784531980752945 0.23535959422588348 9.92432975769043
1432904822303 0 20.005565643310547 4.511058807373047 4.275699138641357
1432904821712 1 -0.0 -0.0 10.277368545532227
1432904822503 0 20.005565643310547 11.728753089904785 9.296704292297363
1432904821912 1 0.11767979711294174 -0.03922659903764725 10.277368545532227
1432904822706 0 -16.8674373626709 4.903325080871582 17.730422973632812
1432904822111 1 -0.313812792301178 -0.156906396150589 10.316595077514648
1432904822906 0 -17.063570022583008 -5.295590877532959 2.1966896057128906
1432904822316 1 -0.03922659903764725 -0.0 10.198915481567383
1432904823103 0 20.005565643310547 17.848102569580078 -5.177911281585693
1432904822512 1 0.0784531980752945 -0.11767979711294174 10.198915481567383
1432904823303 0 -8.159132957458496 5.491724014282227 11.650300025939941
1432904822712 1 -0.0 0.0784531980752945 10.316595077514648
1432904823503 0 -20.005565643310547 1.255251169204712 11.022674560546875
1432904822912 1 0.11767979711294174 0.0784531980752945 10.355822563171387
1432904823706 0 18.67186164855957 -8.786758422851562 -1.4121575355529785
1432904823112 1 0.0784531980752945 -0.0 10.316595077514648
1432904823906 0 20.005565643310547 5.57017707824707 13.258590698242188
1432904823312 1 0.03922659903764725 -0.0784531980752945 10.395049095153809
1432904824103 0 20.005565643310547 -3.8834333419799805 -7.9629998207092285
1432904823512 1 -0.0 0.11767979711294174 10.238142013549805
1432904824304 0 13.493949890136719 10.042009353637695 12.552511215209961
1432904823712 1 0.03922659903764725 0.11767979711294174 10.277368545532227
1432904824503 0 -16.788984298706055 -2.392822504043579 8.786758422851562
1432904823912 1 -0.0 0.11767979711294174 10.277368545532227
1432904824706 0 -20.005565643310547 -11.022674560546875 -1.255251169204712
1432904824112 1 0.11767979711294174 -0.8629851937294006 10.277368545532227
1432904824903 0 20.005565643310547 9.492836952209473 -2.863541841506958
1432904824312 1 -0.03922659903764725 0.03922659903764725 10.316595077514648
1432904825106 0 16.200586318969727 -2.5497288703918457 12.356378555297852
1432904824513 1 -0.0784531980752945 0.19613298773765564 10.355822563171387
1432904825303 0 -0.627625584602356 -0.156906396150589 -3.216581106185913
1432904824717 1 0.11767979711294174 -0.0784531980752945 10.355822563171387
1432904825505 0 -17.730422973632812 -6.943108081817627 -5.962442874908447
1432904824912 1 -0.0 0.0784531980752945 10.316595077514648
1432904825703 0 -20.005565643310547 -2.6281821727752686 -4.7071919441223145
1432904825112 1 0.11767979711294174 -0.0 10.395049095153809
1432904825906 0 1.8044235706329346 9.296704292297363 2.039783239364624
1432904825312 1 0.0784531980752945 0.03922659903764725 10.395049095153809
1432904826105 0 5.0602312088012695 9.414383888244629 2.90276837348938
1432904825512 1 0.11767979711294174 0.03922659903764725 10.395049095153809
1432904826304 0 4.001112937927246 8.590624809265137 3.4911673069000244
1432904825712 1 1.4121575355529785 1.3729310035705566 9.100570678710938
1432904826505 0 4.001112937927246 8.94366455078125 3.216581106185913
1432904825912 1 0.11767979711294174 0.27458620071411133 9.64974308013916
1432904826704 0 4.079566478729248 8.590624809265137 2.9419949054718018
1432904826112 1 0.03922659903764725 0.0784531980752945 10.355822563171387
1432904826905 0 4.314925670623779 8.786758422851562 3.687300205230713
1432904826312 1 0.03922659903764725 0.156906396150589 10.355822563171387
1432904827105 0 4.314925670623779 8.669078826904297 3.216581106185913
1432904826511 1 -0.0 0.156906396150589 10.316595077514648
1432904827305 0 6.354709148406982 9.100570678710938 3.216581106185913
1432904826713 1 -0.03922659903764725 0.03922659903764725 10.395049095153809
1432904827506 0 3.9226598739624023 8.629851341247559 3.7657535076141357
1432904826912 1 0.3922659754753113 -0.509945809841156 10.277368545532227
1432904827705 0 4.511058807373047 8.119906425476074 4.001112937927246
1432904827114 1 -0.509945809841156 -1.7651969194412231 10.277368545532227
1432904827905 0 4.314925670623779 7.884546279907227 4.785645008087158
1432904827314 1 1.255251169204712 -2.5497288703918457 12.434831619262695
1432904828106 0 4.158019542694092 7.9629998207092285 5.0602312088012695
1432904827514 1 4.864098072052002 1.9221034049987793 9.688969612121582
1432904828305 0 4.2364726066589355 7.845319747924805 4.785645008087158
1432904827715 1 2.9812214374542236 1.255251169204712 10.316595077514648
1432904828505 0 4.354152679443359 7.5315070152282715 5.177911281585693
1432904827915 1 1.1375713348388672 3.687300205230713 9.688969612121582
1432904828704 0 4.511058807373047 7.49228048324585 5.099457740783691
1432904828113 1 -0.6668521761894226 6.354709148406982 9.885103225708008
1432904828904 0 4.864098072052002 7.413827419281006 5.334817409515381
1432904828316 1 -2.9419949054718018 -1.9221034049987793 6.158576011657715
1432904829106 0 4.746418476104736 7.413827419281006 4.981778144836426
1432904828515 1 -20.005565643310547 3.687300205230713 14.827654838562012
1432904829306 0 4.471832275390625 7.335373878479004 5.138684272766113
1432904828715 1 20.005565643310547 -5.256364345550537 -4.550285339355469
1432904829506 0 5.609403610229492 7.1392412185668945 4.511058807373047
1432904828919 1 -2.039783239364624 4.275699138641357 0.11767979711294174
1432904829705 0 4.981778144836426 7.453053951263428 4.981778144836426
1432904829114 1 -20.005565643310547 14.356935501098633 11.414939880371094
1432904829907 0 4.82487154006958 8.159132957458496 5.021004676818848
1432904829317 1 20.005565643310547 -9.845876693725586 0.156906396150589
1432904830106 0 5.217137813568115 7.1000142097473145 4.785645008087158
1432904829515 1 2.3535959720611572 6.864655017852783 -4.197246074676514
1432904830306 0 5.413270473480225 7.060787677764893 5.217137813568115
1432904829714 1 -20.005565643310547 12.944777488708496 3.5696206092834473
1432904830506 0 4.275699138641357 7.453053951263428 5.648630142211914
1432904829914 1 20.005565643310547 -7.453053951263428 -0.47071918845176697
1432904830707 0 4.942551612854004 7.296147346496582 5.256364345550537
1432904830114 1 -9.296704292297363 14.78842830657959 -3.216581106185913
1432904830906 0 5.727083683013916 6.982334613800049 5.256364345550537
1432904830315 1 6.668521881103516 -4.354152679443359 -2.3535959720611572
1432904831106 0 3.961886405944824 7.374600410461426 5.844763278961182
1432904830514 1 -1.2160245180130005 7.021561145782471 -6.903881549835205
1432904831307 0 5.217137813568115 7.335373878479004 4.511058807373047
1432904830714 1 4.040339469909668 -1.1767979860305786 -1.0591181516647339
1432904831507 0 4.864098072052002 7.374600410461426 5.295590877532959
1432904830914 1 -10.82654094696045 11.493393898010254 -1.8828767538070679
1432904831707 0 4.942551612854004 7.335373878479004 5.099457740783691
1432904831113 1 20.005565643310547 -3.0596747398376465 -2.000556468963623
1432904831907 0 4.785645008087158 7.335373878479004 4.981778144836426
1432904831315 1 -20.005565643310547 14.121575355529785 4.11879301071167
1432904832106 0 5.609403610229492 7.25692081451416 5.217137813568115
1432904831515 1 16.828210830688477 -3.0989012718200684 -3.177354574203491
1432904832307 0 4.864098072052002 7.25692081451416 4.864098072052002
1432904831716 1 -20.005565643310547 4.393379211425781 0.5491724014282227
1432904832505 0 4.903325080871582 7.1000142097473145 4.7071919441223145
1432904831913 1 7.296147346496582 -0.7060787677764893 -4.11879301071167
1432904832706 0 5.138684272766113 7.25692081451416 4.550285339355469
1432904832113 1 -8.786758422851562 4.471832275390625 -0.7060787677764893
1432904832904 0 5.021004676818848 7.296147346496582 5.295590877532959
1432904832315 1 -2.2751426696777344 7.727640151977539 -3.9226598739624023
1432904833106 0 4.981778144836426 7.374600410461426 5.021004676818848
1432904832513 1 -7.766866683959961 -1.647517204284668 -0.509945809841156
1432904833306 0 4.7071919441223145 7.217694282531738 4.7071919441223145
1432904832716 1 20.005565643310547 0.35303938388824463 -0.7845319509506226
1432904833505 0 5.217137813568115 7.178467750549316 4.667965412139893
1432904832914 1 3.726526975631714 7.49228048324585 -4.079566478729248
1432904833704 0 5.766310214996338 7.25692081451416 5.530950546264648
1432904833114 1 -20.005565643310547 3.177354574203491 0.509945809841156
1432904833905 0 3.648073673248291 7.413827419281006 5.648630142211914
1432904833313 1 7.688413619995117 4.511058807373047 -5.334817409515381
1432904834105 0 4.82487154006958 7.374600410461426 4.82487154006958
1432904833513 1 19.613300323486328 -0.19613298773765564 0.7845319509506226
1432904834305 0 5.648630142211914 7.25692081451416 4.981778144836426
1432904833714 1 -3.4127140045166016 11.767979621887207 0.5491724014282227
1432904834505 0 4.589511871337891 6.668521881103516 7.060787677764893
1432904833914 1 15.808319091796875 5.0602312088012695 -3.0989012718200684
1432904834706 0 5.8839898109436035 5.177911281585693 4.354152679443359
1432904834114 1 -2.392822504043579 11.101127624511719 -1.0983448028564453
1432904834906 0 2.392822504043579 -0.11767979711294174 10.355822563171387
1432904834316 1 0.7453053593635559 9.64974308013916 -1.9221034049987793
1432904835105 0 3.216581106185913 0.313812792301178 9.296704292297363
1432904834513 1 0.156906396150589 9.296704292297363 1.5690639019012451
1432904835305 0 2.5889556407928467 0.11767979711294174 9.257477760314941
1432904834714 1 -2.9812214374542236 8.94366455078125 3.7657535076141357
1432904835504 0 -0.03922659903764725 -0.0 11.061901092529297
1432904834914 1 -5.962442874908447 6.982334613800049 5.374043941497803
1432904835704 0 -0.0784531980752945 0.23535959422588348 10.512728691101074
1432904835116 1 -6.080122947692871 8.43371868133545 3.4519407749176025
1432904835906 0 -0.0 0.23535959422588348 10.512728691101074
1432904835314 1 0.313812792301178 12.552511215209961 1.019891619682312
1432904836105 0 -0.0784531980752945 0.156906396150589 10.591181755065918
1432904835512 1 -9.688969612121582 -5.099457740783691 5.334817409515381
1432904836304 0 -0.0784531980752945 0.19613298773765564 10.473502159118652
1432904835712 1 2.039783239364624 -7.766866683959961 -20.005565643310547
1432904836505 0 -0.0784531980752945 0.23535959422588348 10.473502159118652
1432904835915 1 20.005565643310547 -18.43650245666504 -20.005565643310547
1432904836706 0 -0.0784531980752945 0.27458620071411133 10.473502159118652
1432904836111 1 17.69119644165039 -20.005565643310547 9.022117614746094
1432904836907 0 -0.0784531980752945 0.19613298773765564 10.473502159118652
1432904836311 1 -20.005565643310547 -5.80553674697876 17.220476150512695
1432904837105 0 -0.156906396150589 0.19613298773765564 10.43427562713623
1432904836512 1 9.963556289672852 -1.9221034049987793 -20.005565643310547
1432904837306 0 -0.11767979711294174 0.156906396150589 10.473502159118652
1432904836713 1 20.005565643310547 -17.45583724975586 -14.200028419494629
1432904837507 0 -0.0784531980752945 0.19613298773765564 10.473502159118652
1432904836911 1 -20.005565643310547 -3.334260940551758 13.611629486083984
1432904837705 0 -0.11767979711294174 0.27458620071411133 10.473502159118652
1432904837113 1 -0.0784531980752945 1.2944778203964233 12.709418296813965
1432904837906 0 -0.0784531980752945 0.19613298773765564 10.473502159118652
1432904837314 1 -4.001112937927246 5.648630142211914 5.099457740783691
1432904838106 0 -0.0784531980752945 0.156906396150589 10.512728691101074
1432904837515 1 -0.03922659903764725 2.510502338409424 11.767979621887207
1432904838307 0 -0.0 0.23535959422588348 10.551955223083496
1432904837714 1 5.766310214996338 -0.0784531980752945 8.551398277282715
1432904838505 0 -0.0784531980752945 0.23535959422588348 10.473502159118652
1432904837913 1 14.670747756958008 -2.039783239364624 10.238142013549805
1432904838114 1 18.31882095336914 -8.512171745300293 -4.550285339355469
1432904838904 0 -0.156906396150589 0.19613298773765564 10.473502159118652
1432904838312 1 -20.005565643310547 -20.005565643310547 20.005565643310547
1432904839105 0 -0.0784531980752945 0.23535959422588348 10.551955223083496
1432904838511 1 4.864098072052002 -10.983448028564453 -10.43427562713623
1432904839305 0 -0.0784531980752945 0.313812792301178 10.43427562713623
1432904838712 1 -0.509945809841156 -3.8442068099975586 20.005565643310547
1432904839505 0 -0.11767979711294174 0.19613298773765564 10.473502159118652
1432904838913 1 -15.102240562438965 -18.86799430847168 15.102240562438965
1432904839705 0 -0.0784531980752945 0.313812792301178 10.43427562713623
1432904839112 1 -20.005565643310547 -20.005565643310547 3.4519407749176025
1432904839906 0 -0.156906396150589 0.19613298773765564 10.512728691101074
1432904839312 1 -20.005565643310547 -20.005565643310547 -4.550285339355469
1432904839512 1 9.767423629760742 -20.005565643310547 3.216581106185913
1432904840105 0 -0.03922659903764725 0.19613298773765564 10.551955223083496
1432904840305 0 -0.156906396150589 0.19613298773765564 10.43427562713623
1432904839712 1 20.005565643310547 20.005565643310547 12.12101936340332
1432904840505 0 -0.11767979711294174 0.23535959422588348 10.512728691101074
1432904839914 1 20.005565643310547 7.413827419281006 11.33648681640625
1432904840113 1 -20.005565643310547 -20.005565643310547 9.45361042022705
1432904840905 0 -0.0784531980752945 0.23535959422588348 10.43427562713623
1432904840312 1 -20.005565643310547 -17.534290313720703 -4.079566478729248
1432904841106 0 -0.156906396150589 0.23535959422588348 10.512728691101074
1432904840512 1 20.005565643310547 12.238698959350586 -6.3154826164245605
1432904841306 0 -0.11767979711294174 0.23535959422588348 10.473502159118652
1432904840713 1 20.005565643310547 7.845319747924805 10.277368545532227
1432904841505 0 -0.11767979711294174 0.313812792301178 10.473502159118652
1432904840914 1 0.313812792301178 -2.863541841506958 20.005565643310547
1432904841705 0 -0.11767979711294174 0.23535959422588348 10.512728691101074
1432904841112 1 -20.005565643310547 -20.005565643310547 1.1375713348388672
1432904841906 0 -0.11767979711294174 0.27458620071411133 10.551955223083496
1432904841312 1 -20.005565643310547 -18.750314712524414 2.6281821727752686
1432904842105 0 -0.11767979711294174 0.23535959422588348 10.473502159118652
1432904841512 1 -3.648073673248291 -17.534290313720703 8.629851341247559
1432904842305 0 -0.11767979711294174 0.156906396150589 10.473502159118652
1432904841713 1 19.65252685546875 -8.708305358886719 4.628738880157471
1432904842505 0 -0.11767979711294174 0.27458620071411133 10.473502159118652
1432904841912 1 20.005565643310547 -12.31715202331543 3.8442068099975586
1432904842704 0 -0.11767979711294174 0.23535959422588348 10.512728691101074
1432904842113 1 4.628738880157471 -20.005565643310547 5.727083683013916
1432904842905 0 -0.11767979711294174 0.19613298773765564 10.43427562713623
1432904842313 1 -14.592294692993164 -20.005565643310547 13.80776309967041
1432904843106 0 -0.11767979711294174 0.23535959422588348 10.473502159118652
1432904842513 1 -20.005565643310547 -20.005565643310547 20.005565643310547
1432904843305 0 -0.0784531980752945 0.23535959422588348 10.512728691101074
1432904842712 1 -20.005565643310547 -20.005565643310547 16.161357879638672
1432904843505 0 -0.0784531980752945 0.23535959422588348 10.473502159118652
1432904842912 1 -20.005565643310547 -20.005565643310547 -2.000556468963623
1432904843705 0 -0.11767979711294174 0.23535959422588348 10.551955223083496
1432904843112 1 -20.005565643310547 -20.005565643310547 -9.767423629760742
1432904843905 0 -0.11767979711294174 0.313812792301178 10.473502159118652
1432904843312 1 -18.43650245666504 -20.005565643310547 -4.746418476104736
1432904844104 0 -0.11767979711294174 0.156906396150589 10.473502159118652
1432904843512 1 -18.63263511657715 -19.221033096313477 5.766310214996338
1432904844307 0 -0.11767979711294174 0.19613298773765564 10.512728691101074
1432904843712 1 -15.063014030456543 -15.925999641418457 7.884546279907227
1432904843914 1 -12.277925491333008 -5.530950546264648 8.394492149353027
1432904844706 0 -0.0784531980752945 0.23535959422588348 10.551955223083496
1432904844113 1 -9.179023742675781 -0.11767979711294174 5.8839898109436035
1432904844907 0 -0.0784531980752945 0.19613298773765564 10.512728691101074
1432904844312 1 -2.079009771347046 4.079566478729248 13.964669227600098
1432904845105 0 -0.11767979711294174 0.19613298773765564 10.473502159118652
1432904844511 1 19.024900436401367 4.2364726066589355 8.316039085388184
1432904844712 1 20.005565643310547 11.375713348388672 6.001669883728027
1432904845505 0 -0.0784531980752945 0.23535959422588348 10.473502159118652
1432904844912 1 20.005565643310547 20.005565643310547 -12.709418296813965
1432904845704 0 -0.11767979711294174 0.19613298773765564 10.43427562713623
1432904845112 1 20.005565643310547 20.005565643310547 -13.101683616638184
1432904845905 0 -0.03922659903764725 0.156906396150589 10.512728691101074
1432904845312 1 20.005565643310547 12.787871360778809 -8.080678939819336
1432904845512 1 20.005565643310547 3.216581106185913 6.746974945068359
1432904846305 0 -0.0784531980752945 0.19613298773765564 10.395049095153809
1432904845714 1 20.005565643310547 1.9613299369812012 2.90276837348938
1432904846505 0 -0.11767979711294174 0.19613298773765564 10.512728691101074
1432904845913 1 19.613300323486328 -12.31715202331543 2.3143694400787354
1432904846707 0 -0.0784531980752945 0.19613298773765564 10.512728691101074
1432904846113 1 -15.023787498474121 -20.005565643310547 9.845876693725586
1432904846907 0 -0.11767979711294174 0.27458620071411133 10.63040828704834
1432904846312 1 -20.005565643310547 -20.005565643310547 20.005565643310547
1432904847104 0 -0.11767979711294174 0.19613298773765564 10.473502159118652
1432904847307 0 -0.11767979711294174 0.313812792301178 10.551955223083496
1432904846711 1 -20.005565643310547 -20.005565643310547 3.1381278038024902
1432904847505 0 -0.156906396150589 0.27458620071411133 10.551955223083496
1432904846916 1 -20.005565643310547 -20.005565643310547 -7.060787677764893
1432904847705 0 -0.19613298773765564 0.35303938388824463 10.355822563171387
1432904847114 1 -20.005565643310547 -15.729866027832031 -11.454167366027832
1432904847905 0 -0.156906396150589 0.35303938388824463 10.551955223083496
1432904847312 1 -20.005565643310547 -20.005565643310547 -4.2364726066589355
1432904848105 0 -0.11767979711294174 0.27458620071411133 10.43427562713623
1432904847513 1 -20.005565643310547 -20.005565643310547 3.334260940551758
1432904848306 0 -0.11767979711294174 0.35303938388824463 10.551955223083496
1432904847713 1 -20.005565643310547 -20.005565643310547 -4.040339469909668
1432904848504 0 -0.156906396150589 0.27458620071411133 10.43427562713623
1432904847915 1 -20.005565643310547 -20.005565643310547 -5.727083683013916
1432904848705 0 -0.11767979711294174 0.27458620071411133 10.395049095153809
1432904848112 1 -20.005565643310547 -20.005565643310547 -16.082904815673828
1432904848905 0 -0.11767979711294174 0.313812792301178 10.43427562713623
1432904848314 1 -20.005565643310547 -16.435945510864258 -2.9812214374542236
1432904849105 0 -0.11767979711294174 0.23535959422588348 10.512728691101074
1432904848513 1 2.1966896057128906 -4.981778144836426 6.2762556076049805
1432904849305 0 -0.0784531980752945 0.23535959422588348 10.512728691101074
1432904848711 1 20.005565643310547 20.005565643310547 5.099457740783691
1432904849504 0 -0.156906396150589 0.23535959422588348 10.43427562713623
1432904848911 1 20.005565643310547 13.53317642211914 -0.0
1432904849704 0 -0.156906396150589 0.35303938388824463 10.591181755065918
1432904849115 1 20.005565643310547 5.021004676818848 1.9613299369812012
1432904849904 0 -0.156906396150589 0.23535959422588348 10.551955223083496
1432904849315 1 -13.53317642211914 -15.572959899902344 5.962442874908447
1432904850106 0 -0.11767979711294174 0.27458620071411133 10.551955223083496
1432904849512 1 -20.005565643310547 -18.946447372436523 -1.6867437362670898
1432904850305 0 -0.11767979711294174 0.23535959422588348 10.473502159118652
1432904849713 1 3.0596747398376465 -20.005565643310547 -7.727640151977539
1432904850504 0 -0.0784531980752945 0.23535959422588348 10.43427562713623
1432904849913 1 -2.9812214374542236 -19.142580032348633 -20.005565643310547
