1432914994395 0 -0.23535959422588348 0.627625584602356 10.395049095153809
1432914994495 0 -0.23535959422588348 0.509945809841156 10.43427562713623
1432914994595 0 -0.27458620071411133 0.5883989930152893 10.43427562713623
1432914994695 0 -0.27458620071411133 0.5491724014282227 10.43427562713623
1432914994795 0 -0.313812792301178 0.7060787677764893 10.473502159118652
1432914994895 0 -0.313812792301178 0.5491724014282227 10.473502159118652
1432914994995 0 -0.23535959422588348 0.5491724014282227 10.43427562713623
1432914995095 0 -0.27458620071411133 0.5883989930152893 10.355822563171387
1432914995196 0 -0.27458620071411133 0.627625584602356 10.473502159118652
1432914995296 0 -0.27458620071411133 0.5491724014282227 10.395049095153809
1432914995396 0 -0.23535959422588348 0.509945809841156 10.43427562713623
1432914995496 0 -0.313812792301178 0.5883989930152893 10.355822563171387
1432914995596 0 -0.23535959422588348 0.5883989930152893 10.355822563171387
1432914995696 0 -0.23535959422588348 0.5883989930152893 10.43427562713623
1432914995796 0 -0.23535959422588348 0.5491724014282227 10.43427562713623
1432914995896 0 -0.27458620071411133 0.5883989930152893 10.355822563171387
1432914995996 0 -0.19613298773765564 0.5883989930152893 10.395049095153809
1432914996096 0 -0.27458620071411133 0.627625584602356 10.277368545532227
1432914996197 0 -0.27458620071411133 0.6668521761894226 10.395049095153809
1432914996297 0 -0.23535959422588348 0.5883989930152893 10.316595077514648
1432914996397 0 -0.27458620071411133 0.5883989930152893 10.355822563171387
1432914996498 0 -0.23535959422588348 0.5491724014282227 10.316595077514648
1432914996598 0 -0.313812792301178 0.5491724014282227 10.43427562713623
1432914996698 0 -0.23535959422588348 0.5491724014282227 10.395049095153809
1432914996799 0 -0.23535959422588348 0.627625584602356 10.473502159118652
1432914996899 0 -0.313812792301178 0.627625584602356 10.395049095153809
1432914996999 0 -0.27458620071411133 0.627625584602356 10.395049095153809
1432914997100 0 -0.27458620071411133 0.627625584602356 10.395049095153809
1432914997200 0 -0.27458620071411133 0.5883989930152893 10.512728691101074
1432914997300 0 -0.313812792301178 0.5491724014282227 10.43427562713623
1432914997400 0 -0.27458620071411133 0.509945809841156 10.473502159118652
1432914997500 0 -0.313812792301178 0.5491724014282227 10.473502159118652
1432914997600 0 -0.23535959422588348 0.6668521761894226 10.395049095153809
1432914997700 0 -0.27458620071411133 0.5883989930152893 10.395049095153809
1432914997800 0 -0.27458620071411133 0.5491724014282227 10.43427562713623
1432914997900 0 -0.27458620071411133 0.6668521761894226 10.473502159118652
1432914998000 0 -0.313812792301178 0.6668521761894226 10.473502159118652
1432914998100 0 -0.23535959422588348 0.6668521761894226 10.473502159118652
1432914998201 0 -0.27458620071411133 0.5491724014282227 10.43427562713623
1432914998301 0 -0.313812792301178 0.5491724014282227 10.316595077514648
1432914998401 0 -0.27458620071411133 0.6668521761894226 10.551955223083496
1432914998502 0 -0.19613298773765564 0.5883989930152893 10.473502159118652
1432914998602 0 -0.27458620071411133 0.5491724014282227 10.316595077514648
1432914998702 0 -0.313812792301178 0.5883989930152893 10.43427562713623
1432914998803 0 -0.19613298773765564 0.5883989930152893 10.355822563171387
1432914998903 0 -0.27458620071411133 0.627625584602356 10.355822563171387
1432914999003 0 -0.23535959422588348 0.6668521761894226 10.473502159118652
1432914999104 0 -0.23535959422588348 0.5883989930152893 10.316595077514648
1432914999204 0 -0.19613298773765564 0.5883989930152893 10.473502159118652
1432914999304 0 -0.23535959422588348 0.627625584602356 10.43427562713623
1432914999404 0 -0.313812792301178 0.627625584602356 10.395049095153809
1432914999504 0 -0.27458620071411133 0.5883989930152893 10.355822563171387
1432914999604 0 -0.35303938388824463 0.5883989930152893 10.395049095153809
1432914999704 0 -0.27458620071411133 0.5883989930152893 10.43427562713623
1432914999805 0 -0.23535959422588348 0.5491724014282227 10.473502159118652
1432914999905 0 -0.19613298773765564 0.5883989930152893 10.473502159118652
1432915000006 0 -0.27458620071411133 0.6668521761894226 10.43427562713623
1432915000106 0 -0.313812792301178 0.5883989930152893 10.355822563171387
1432915000206 0 -0.23535959422588348 0.627625584602356 10.473502159118652
1432915000307 0 -0.19613298773765564 0.627625584602356 10.355822563171387
1432915000407 0 -0.23535959422588348 0.5883989930152893 10.551955223083496
1432915000507 0 -0.27458620071411133 0.5491724014282227 10.316595077514648
1432915000607 0 -0.23535959422588348 0.7060787677764893 10.395049095153809
1432915000707 0 -0.19613298773765564 0.5883989930152893 10.277368545532227
1432915000808 0 -0.23535959422588348 0.5883989930152893 10.43427562713623
1432915000908 0 -0.313812792301178 0.627625584602356 10.43427562713623
1432915001008 0 -0.313812792301178 0.5883989930152893 10.43427562713623
1432915001109 0 -0.27458620071411133 0.627625584602356 10.473502159118652
1432915001209 0 -0.23535959422588348 0.627625584602356 10.473502159118652
1432915001309 0 -0.23535959422588348 0.5491724014282227 10.395049095153809
1432915001410 0 -0.19613298773765564 0.5883989930152893 10.473502159118652
1432915001510 0 -0.19613298773765564 0.627625584602356 10.473502159118652
1432915001611 0 -0.313812792301178 0.5883989930152893 10.277368545532227
1432915001711 0 -0.27458620071411133 0.5491724014282227 10.355822563171387
1432915001811 0 -0.23535959422588348 0.627625584602356 10.355822563171387
1432915001912 0 -0.23535959422588348 0.5883989930152893 10.395049095153809
1432915002012 0 -0.23535959422588348 0.627625584602356 10.473502159118652
1432915002112 0 -0.19613298773765564 0.5883989930152893 10.355822563171387
1432915002213 0 -0.23535959422588348 0.627625584602356 10.355822563171387
1432915002312 0 -0.19613298773765564 0.6668521761894226 10.395049095153809
1432915002412 0 -0.19613298773765564 0.627625584602356 10.43427562713623
1432915002512 0 -0.23535959422588348 0.5491724014282227 10.355822563171387
1432915002612 0 -0.27458620071411133 0.6668521761894226 10.43427562713623
1432915002712 0 -0.23535959422588348 0.627625584602356 10.395049095153809
1432915002813 0 -0.27458620071411133 0.627625584602356 10.512728691101074
1432915002913 0 -0.19613298773765564 0.5883989930152893 10.395049095153809
1432915003013 0 -0.23535959422588348 0.5491724014282227 10.43427562713623
1432915003113 0 -0.27458620071411133 0.509945809841156 10.395049095153809
1432915003213 0 -0.27458620071411133 0.5491724014282227 10.395049095153809
1432915003314 0 -0.23535959422588348 0.627625584602356 10.238142013549805
1432915003415 0 -0.19613298773765564 0.627625584602356 10.512728691101074
1432915003516 0 -0.23535959422588348 0.5883989930152893 10.473502159118652
1432915003616 0 -0.19613298773765564 0.5883989930152893 10.473502159118652
1432915003717 0 -0.313812792301178 0.5491724014282227 10.395049095153809
1432915003817 0 -0.23535959422588348 0.509945809841156 10.277368545532227
1432915003917 0 -0.27458620071411133 0.5883989930152893 10.43427562713623
1432915004018 0 -0.313812792301178 0.5883989930152893 10.43427562713623
1432915004118 0 -0.27458620071411133 0.6668521761894226 10.395049095153809
1432915004218 0 -0.27458620071411133 0.6668521761894226 10.395049095153809
1432915004319 0 -0.19613298773765564 0.5883989930152893 10.395049095153809
1432915004419 0 -0.156906396150589 0.5883989930152893 10.316595077514648
1432915004519 0 -0.27458620071411133 0.5883989930152893 10.473502159118652
1432915004619 0 -0.23535959422588348 0.6668521761894226 10.395049095153809
1432915004719 0 -0.23535959422588348 0.5883989930152893 10.512728691101074
1432915004819 0 -0.23535959422588348 0.627625584602356 10.395049095153809
1432915004919 0 -0.23535959422588348 0.627625584602356 10.395049095153809
1432915005019 0 -0.23535959422588348 0.627625584602356 10.395049095153809
1432915005120 0 -0.27458620071411133 0.627625584602356 10.395049095153809
1432915005219 0 -0.19613298773765564 0.5491724014282227 10.473502159118652
1432915005319 0 -0.27458620071411133 0.627625584602356 10.473502159118652
1432915005419 0 -0.313812792301178 0.5883989930152893 10.43427562713623
1432915005519 0 -0.27458620071411133 0.5883989930152893 10.395049095153809
1432915005619 0 -0.27458620071411133 0.627625584602356 10.473502159118652
1432915005719 0 -0.23535959422588348 0.5883989930152893 10.395049095153809
1432915005819 0 -0.35303938388824463 0.5491724014282227 10.473502159118652
1432915005919 0 -0.35303938388824463 0.627625584602356 10.395049095153809
1432915006019 0 -0.313812792301178 0.6668521761894226 10.43427562713623
1432915006119 0 -0.23535959422588348 0.5883989930152893 10.355822563171387
1432915006219 0 -0.27458620071411133 0.627625584602356 10.473502159118652
1432915006319 0 -0.313812792301178 0.627625584602356 10.355822563171387
1432915006419 0 -0.27458620071411133 0.6668521761894226 10.43427562713623
1432915006519 0 -0.23535959422588348 0.627625584602356 10.395049095153809
1432915006619 0 -0.27458620071411133 0.5883989930152893 10.43427562713623
1432915006719 0 -0.27458620071411133 0.627625584602356 10.43427562713623
1432915006819 0 -0.27458620071411133 0.5491724014282227 10.395049095153809
1432915006919 0 -0.19613298773765564 0.627625584602356 10.395049095153809
1432915007019 0 -0.27458620071411133 0.6668521761894226 10.395049095153809
1432915007119 0 -0.23535959422588348 0.5491724014282227 10.395049095153809
1432915007220 0 -0.27458620071411133 0.5491724014282227 10.355822563171387
1432915007320 0 -0.19613298773765564 0.6668521761894226 10.473502159118652
1432915007420 0 -0.19613298773765564 0.5883989930152893 10.355822563171387
1432915007521 0 -0.313812792301178 0.5491724014282227 10.43427562713623
1432915007621 0 -0.27458620071411133 0.5883989930152893 10.43427562713623
1432915007722 0 -0.23535959422588348 0.5883989930152893 10.43427562713623
1432915007822 0 -0.23535959422588348 0.5883989930152893 10.43427562713623
1432915007922 0 -0.27458620071411133 0.627625584602356 10.355822563171387
1432915008023 0 -0.313812792301178 0.627625584602356 10.395049095153809
1432915008124 0 -0.19613298773765564 0.627625584602356 10.355822563171387
1432915008224 0 -0.23535959422588348 0.6668521761894226 10.355822563171387
1432915008324 0 -0.23535959422588348 0.5491724014282227 10.316595077514648
1432915008424 0 -0.23535959422588348 0.5491724014282227 10.355822563171387
1432915008524 0 -0.23535959422588348 0.627625584602356 10.395049095153809
1432915008624 0 -0.23535959422588348 0.627625584602356 10.355822563171387
1432915008724 0 -0.27458620071411133 0.627625584602356 10.551955223083496
1432915008824 0 -0.23535959422588348 0.509945809841156 10.395049095153809
1432915008924 0 -0.27458620071411133 0.627625584602356 10.277368545532227
1432915009024 0 -0.313812792301178 0.5883989930152893 10.355822563171387
1432915009124 0 -0.23535959422588348 0.5883989930152893 10.355822563171387
1432915009224 0 -0.313812792301178 0.509945809841156 10.316595077514648
1432915009324 0 -0.313812792301178 0.627625584602356 10.395049095153809
1432915009424 0 -0.313812792301178 0.6668521761894226 10.395049095153809
1432915009525 0 -0.27458620071411133 0.5883989930152893 10.43427562713623
1432915009625 0 -0.27458620071411133 0.627625584602356 10.43427562713623
1432915009726 0 -0.23535959422588348 0.5883989930152893 10.395049095153809
1432915009826 0 -0.23535959422588348 0.5491724014282227 10.395049095153809
1432915009926 0 -0.27458620071411133 0.5883989930152893 10.316595077514648
1432915010027 0 -0.313812792301178 0.627625584602356 10.43427562713623
1432915010127 0 -0.27458620071411133 0.5883989930152893 10.355822563171387
1432915010227 0 -0.27458620071411133 0.5491724014282227 10.316595077514648
1432915010328 0 -0.23535959422588348 0.6668521761894226 10.43427562713623
1432915010428 0 -0.27458620071411133 0.5883989930152893 10.43427562713623
1432915010528 0 -0.19613298773765564 0.5491724014282227 10.238142013549805
1432915010628 0 -0.27458620071411133 0.5491724014282227 10.43427562713623
1432915010728 0 -0.313812792301178 0.627625584602356 10.43427562713623
1432915010829 0 -0.35303938388824463 0.627625584602356 10.395049095153809
1432915010929 0 -0.23535959422588348 0.5491724014282227 10.43427562713623
1432915011029 0 -0.27458620071411133 0.509945809841156 10.395049095153809
1432915011129 0 -0.23535959422588348 0.5883989930152893 10.473502159118652
1432915011229 0 -0.27458620071411133 0.5491724014282227 10.395049095153809
1432915011329 0 -0.27458620071411133 0.5883989930152893 10.355822563171387
1432915011429 0 -0.313812792301178 0.5491724014282227 10.512728691101074
1432915011529 0 -0.23535959422588348 0.5491724014282227 10.473502159118652
1432915011630 0 -0.313812792301178 0.5883989930152893 10.43427562713623
1432915011730 0 -0.23535959422588348 0.5883989930152893 10.355822563171387
1432915011830 0 -0.19613298773765564 0.5491724014282227 10.43427562713623
1432915011931 0 -0.19613298773765564 0.5883989930152893 10.43427562713623
1432915012031 0 -0.19613298773765564 0.5883989930152893 10.316595077514648
1432915012131 0 -0.23535959422588348 0.5883989930152893 10.43427562713623
1432915012232 0 -0.313812792301178 0.627625584602356 10.473502159118652
1432915012332 0 -0.23535959422588348 0.627625584602356 10.512728691101074
1432915012432 0 -0.27458620071411133 0.627625584602356 10.395049095153809
1432915012533 0 -0.27458620071411133 0.627625584602356 10.473502159118652
1432915012634 0 -0.27458620071411133 0.627625584602356 10.473502159118652
1432915012735 0 -0.313812792301178 0.627625584602356 10.316595077514648
1432915012834 0 -0.19613298773765564 0.5491724014282227 10.43427562713623
1432915012934 0 -0.27458620071411133 0.627625584602356 10.355822563171387
1432915013034 0 -0.313812792301178 0.5491724014282227 10.473502159118652
1432915013135 0 -0.19613298773765564 0.5491724014282227 10.473502159118652
1432915013236 0 -0.23535959422588348 0.5883989930152893 10.473502159118652
1432915013336 0 -0.23535959422588348 0.5883989930152893 10.395049095153809
1432915013436 0 -0.19613298773765564 0.6668521761894226 10.43427562713623
1432915013537 0 -0.27458620071411133 0.5883989930152893 10.395049095153809
1432915013636 0 -0.19613298773765564 0.5883989930152893 10.355822563171387
1432915013736 0 -0.27458620071411133 0.627625584602356 10.355822563171387
1432915013837 0 -0.313812792301178 0.627625584602356 10.473502159118652
1432915013936 0 -0.23535959422588348 0.5491724014282227 10.43427562713623
1432915014036 0 -0.23535959422588348 0.5491724014282227 10.395049095153809
1432915014137 0 -0.19613298773765564 0.627625584602356 10.355822563171387
1432915014237 0 -0.27458620071411133 0.5491724014282227 10.355822563171387
1432915014337 0 -0.23535959422588348 0.627625584602356 10.43427562713623
1432915014437 0 -0.313812792301178 0.627625584602356 10.43427562713623
1432915014537 0 -0.23535959422588348 0.5883989930152893 10.43427562713623
1432915014638 0 -0.313812792301178 0.5883989930152893 10.395049095153809
1432915014738 0 -0.313812792301178 0.5883989930152893 10.395049095153809
1432915014838 0 -0.27458620071411133 0.627625584602356 10.355822563171387
1432915014939 0 -0.313812792301178 0.5491724014282227 10.473502159118652
1432915015039 0 -0.27458620071411133 0.627625584602356 10.395049095153809
1432915015139 0 -0.27458620071411133 0.627625584602356 10.316595077514648
1432915015240 0 -0.313812792301178 0.5883989930152893 10.395049095153809
1432915015339 0 -0.27458620071411133 0.5491724014282227 10.355822563171387
1432915015439 0 -0.313812792301178 0.627625584602356 10.395049095153809
1432915015539 0 -0.27458620071411133 0.5883989930152893 10.473502159118652
1432915015639 0 -0.23535959422588348 0.5883989930152893 10.43427562713623
1432915015739 0 -0.27458620071411133 0.5883989930152893 10.473502159118652
1432915015839 0 -0.23535959422588348 0.6668521761894226 10.355822563171387
1432915015939 0 -0.19613298773765564 0.6668521761894226 10.355822563171387
1432915016039 0 -0.23535959422588348 0.627625584602356 10.395049095153809
1432915016139 0 -0.313812792301178 0.5491724014282227 10.395049095153809
1432915016239 0 -0.23535959422588348 0.627625584602356 10.512728691101074
1432915016339 0 -0.27458620071411133 0.5491724014282227 10.316595077514648
1432915016439 0 -0.23535959422588348 0.5491724014282227 10.43427562713623
1432915016539 0 -0.23535959422588348 0.627625584602356 10.395049095153809
1432915016639 0 -0.27458620071411133 0.5883989930152893 10.277368545532227
1432915016739 0 -0.19613298773765564 0.627625584602356 10.395049095153809
1432915016840 0 -0.23535959422588348 0.509945809841156 10.43427562713623
1432915016940 0 -0.23535959422588348 0.5491724014282227 10.355822563171387
1432915017040 0 -0.23535959422588348 0.627625584602356 10.395049095153809
1432915017141 0 -0.27458620071411133 0.627625584602356 10.473502159118652
1432915017241 0 -0.27458620071411133 0.627625584602356 10.473502159118652
1432915017341 0 -0.23535959422588348 0.627625584602356 10.316595077514648
1432915017441 0 -0.27458620071411133 0.5883989930152893 10.395049095153809
1432915017541 0 -0.23535959422588348 0.5883989930152893 10.355822563171387
1432915017641 0 -0.313812792301178 0.5883989930152893 10.316595077514648
1432915017741 0 -0.27458620071411133 0.509945809841156 10.473502159118652
1432915017841 0 -0.35303938388824463 0.5491724014282227 10.43427562713623
1432915017941 0 -0.313812792301178 0.5883989930152893 10.277368545532227
1432915018041 0 -0.23535959422588348 0.7060787677764893 10.473502159118652
1432915018141 0 -0.23535959422588348 0.5491724014282227 10.395049095153809
1432915018241 0 -0.27458620071411133 0.5883989930152893 10.512728691101074
1432915018341 0 -0.23535959422588348 0.7453053593635559 10.43427562713623
1432915018441 0 -0.19613298773765564 0.627625584602356 10.43427562713623
1432915018541 0 -0.27458620071411133 0.627625584602356 10.395049095153809
1432915018641 0 -0.19613298773765564 0.5883989930152893 10.512728691101074
1432915018741 0 -0.23535959422588348 0.4314925968647003 10.512728691101074
1432915018841 0 -0.19613298773765564 0.6668521761894226 10.43427562713623
1432915018941 0 -0.313812792301178 0.6668521761894226 10.473502159118652
1432915019041 0 -0.23535959422588348 0.627625584602356 10.395049095153809
1432915019142 0 -0.313812792301178 0.627625584602356 10.473502159118652
1432915019242 0 -0.19613298773765564 0.5491724014282227 10.43427562713623
1432915019342 0 -0.27458620071411133 0.509945809841156 10.277368545532227
1432915019443 0 -0.313812792301178 0.627625584602356 10.43427562713623
1432915019543 0 -0.27458620071411133 0.627625584602356 10.395049095153809
1432915019644 0 -0.313812792301178 0.627625584602356 10.43427562713623
1432915019744 0 -0.27458620071411133 0.6668521761894226 10.43427562713623
1432915019844 0 -0.19613298773765564 0.627625584602356 10.43427562713623
1432915019945 0 -0.27458620071411133 0.627625584602356 10.43427562713623
1432915020045 0 -0.27458620071411133 0.5491724014282227 10.395049095153809
1432915020145 0 -0.27458620071411133 0.5883989930152893 10.355822563171387
1432915020245 0 -0.27458620071411133 0.5491724014282227 10.43427562713623
1432915020345 0 -0.23535959422588348 0.627625584602356 10.473502159118652
1432915020445 0 -0.23535959422588348 0.5883989930152893 10.473502159118652
1432915020545 0 -0.27458620071411133 0.6668521761894226 10.43427562713623
1432915020645 0 -0.19613298773765564 0.5491724014282227 10.395049095153809
1432915020745 0 -0.23535959422588348 0.627625584602356 10.316595077514648
1432915020845 0 -0.19613298773765564 0.5883989930152893 10.395049095153809
1432915020945 0 -0.23535959422588348 0.47071918845176697 10.277368545532227
1432915021045 0 -0.156906396150589 0.627625584602356 10.551955223083496
1432915021145 0 -0.23535959422588348 0.823758602142334 10.198915481567383
1432915021246 0 -0.27458620071411133 0.6668521761894226 10.473502159118652
1432915021346 0 -0.23535959422588348 0.5491724014282227 10.355822563171387
1432915021446 0 -0.156906396150589 0.5491724014282227 10.43427562713623
1432915021546 0 -0.27458620071411133 0.627625584602356 10.355822563171387
1432915021646 0 -0.19613298773765564 0.7060787677764893 10.316595077514648
1432915021747 0 -0.313812792301178 0.6668521761894226 10.43427562713623
1432915021846 0 -0.11767979711294174 0.5883989930152893 10.395049095153809
1432915021946 0 -0.313812792301178 0.509945809841156 10.551955223083496
1432915022046 0 -0.19613298773765564 0.627625584602356 10.473502159118652
1432915022146 0 -0.27458620071411133 0.6668521761894226 10.355822563171387
1432915022246 0 -0.35303938388824463 0.627625584602356 10.512728691101074
1432915022346 0 -0.27458620071411133 0.627625584602356 10.316595077514648
1432915022447 0 -0.23535959422588348 0.5883989930152893 10.43427562713623
1432915022547 0 -0.27458620071411133 0.627625584602356 10.473502159118652
1432915022648 0 -0.313812792301178 0.509945809841156 10.316595077514648
1432915022748 0 -0.27458620071411133 0.627625584602356 10.355822563171387
1432915022848 0 -0.27458620071411133 0.5883989930152893 10.395049095153809
1432915022949 0 -0.313812792301178 0.627625584602356 10.512728691101074
1432915023049 0 -0.27458620071411133 0.6668521761894226 10.355822563171387
1432915023149 0 -0.27458620071411133 0.5883989930152893 10.43427562713623
1432915023250 0 -0.23535959422588348 0.5883989930152893 10.395049095153809
1432915023350 0 -0.313812792301178 0.627625584602356 10.395049095153809
1432915023450 0 -0.27458620071411133 0.5491724014282227 10.43427562713623
1432915023550 0 -0.27458620071411133 0.627625584602356 10.43427562713623
1432915023650 0 -0.23535959422588348 0.5883989930152893 10.43427562713623
1432915023751 0 -0.27458620071411133 0.5491724014282227 10.395049095153809
1432915023851 0 -0.27458620071411133 0.5491724014282227 10.395049095153809
1432915023951 0 -0.19613298773765564 0.5491724014282227 10.43427562713623
1432915024052 0 -0.23535959422588348 0.5883989930152893 10.395049095153809
1432915024152 0 -0.23535959422588348 0.627625584602356 10.355822563171387
1432915024252 0 -0.27458620071411133 0.627625584602356 10.395049095153809
1432915024353 0 -0.23535959422588348 0.5883989930152893 10.395049095153809
1432915024454 0 -0.23535959422588348 0.5491724014282227 10.355822563171387
1432915024554 0 -0.19613298773765564 0.5883989930152893 10.395049095153809
1432915024654 0 -0.27458620071411133 0.5883989930152893 10.43427562713623
1432915024755 0 -0.23535959422588348 0.6668521761894226 10.43427562713623
1432915024854 0 -0.19613298773765564 0.5883989930152893 10.473502159118652
1432915024954 0 -0.23535959422588348 0.627625584602356 10.395049095153809
1432915025054 0 -0.27458620071411133 0.5883989930152893 10.355822563171387
1432915025154 0 -0.23535959422588348 0.627625584602356 10.395049095153809
1432915025254 0 -0.23535959422588348 0.509945809841156 10.473502159118652
1432915025355 0 -0.23535959422588348 0.627625584602356 10.316595077514648
1432915025456 0 -0.23535959422588348 0.5491724014282227 10.473502159118652
1432915025556 0 -0.19613298773765564 0.627625584602356 10.43427562713623
1432915025657 0 -0.313812792301178 0.5883989930152893 10.355822563171387
1432915025757 0 -0.27458620071411133 0.6668521761894226 10.473502159118652
1432915025857 0 -0.156906396150589 0.5883989930152893 10.43427562713623
1432915025958 0 -0.27458620071411133 0.47071918845176697 10.395049095153809
1432915026057 0 -0.156906396150589 0.627625584602356 10.43427562713623
1432915026157 0 -0.23535959422588348 0.509945809841156 10.43427562713623
1432915026257 0 -0.19613298773765564 0.509945809841156 10.43427562713623
1432915026357 0 -0.27458620071411133 0.6668521761894226 10.473502159118652
1432915026457 0 -0.23535959422588348 0.5491724014282227 10.355822563171387
1432915026557 0 -0.19613298773765564 0.5491724014282227 10.473502159118652
1432915026657 0 -0.19613298773765564 0.509945809841156 10.395049095153809
1432915026757 0 -0.27458620071411133 0.5883989930152893 10.551955223083496
1432915026857 0 -0.23535959422588348 0.5883989930152893 10.43427562713623
1432915026957 0 -0.27458620071411133 0.5883989930152893 10.355822563171387
1432915027057 0 -0.23535959422588348 0.6668521761894226 10.395049095153809
1432915027157 0 -0.23535959422588348 0.5883989930152893 10.43427562713623
1432915027257 0 -0.27458620071411133 0.5883989930152893 10.473502159118652
1432915027357 0 -0.23535959422588348 0.5883989930152893 10.395049095153809
1432915027457 0 -0.23535959422588348 0.5491724014282227 10.395049095153809
1432915027558 0 -0.23535959422588348 0.627625584602356 10.43427562713623
1432915027658 0 -0.19613298773765564 0.5491724014282227 10.43427562713623
1432915027759 0 -0.19613298773765564 0.5883989930152893 10.43427562713623
1432915027859 0 -0.23535959422588348 0.627625584602356 10.355822563171387
1432915027959 0 -0.19613298773765564 0.6668521761894226 10.395049095153809
1432915028060 0 -0.156906396150589 0.5883989930152893 10.355822563171387
1432915028159 0 -0.27458620071411133 0.627625584602356 10.395049095153809
1432915028259 0 -0.27458620071411133 0.627625584602356 10.473502159118652
1432915028359 0 -0.19613298773765564 0.5883989930152893 10.512728691101074
1432915028459 0 -0.23535959422588348 0.627625584602356 10.473502159118652
1432915028560 0 -0.23535959422588348 0.5491724014282227 10.43427562713623
1432915028660 0 -0.23535959422588348 0.627625584602356 10.355822563171387
1432915028760 0 -0.27458620071411133 0.5883989930152893 10.395049095153809
1432915028860 0 -0.27458620071411133 0.5883989930152893 10.512728691101074
1432915028960 0 -0.27458620071411133 0.5883989930152893 10.355822563171387
1432915029060 0 -0.19613298773765564 0.627625584602356 10.395049095153809
1432915029160 0 -0.23535959422588348 0.5491724014282227 10.355822563171387
1432915029260 0 -0.27458620071411133 0.5491724014282227 10.395049095153809
1432915029360 0 -0.27458620071411133 0.5883989930152893 10.316595077514648
1432915029460 0 -0.313812792301178 0.5883989930152893 10.316595077514648
1432915029560 0 -0.19613298773765564 0.627625584602356 10.355822563171387
1432915029660 0 -0.27458620071411133 0.5883989930152893 10.355822563171387
1432915029760 0 -0.23535959422588348 0.5491724014282227 10.395049095153809
1432915029860 0 -0.27458620071411133 0.5883989930152893 10.355822563171387
1432915029960 0 -0.23535959422588348 0.6668521761894226 10.43427562713623
1432915030060 0 -0.27458620071411133 0.5883989930152893 10.355822563171387
1432915030160 0 -0.27458620071411133 0.5491724014282227 10.43427562713623
1432915030260 0 -0.19613298773765564 0.5491724014282227 10.395049095153809
1432915030360 0 -0.19613298773765564 0.5491724014282227 10.43427562713623
1432915030461 0 -0.19613298773765564 0.5883989930152893 10.43427562713623
1432915030561 0 -0.19613298773765564 0.6668521761894226 10.355822563171387
1432915030661 0 -0.23535959422588348 0.6668521761894226 10.355822563171387
1432915030761 0 -0.23535959422588348 0.627625584602356 10.473502159118652
1432915030862 0 -0.313812792301178 0.627625584602356 10.395049095153809
1432915030962 0 -0.23535959422588348 0.627625584602356 10.43427562713623
1432915031062 0 -0.27458620071411133 0.5491724014282227 10.473502159118652
1432915031163 0 -0.27458620071411133 0.5883989930152893 10.395049095153809
1432915031263 0 -0.23535959422588348 0.5883989930152893 10.395049095153809
1432915031363 0 -0.27458620071411133 0.5883989930152893 10.395049095153809
1432915031463 0 -0.23535959422588348 0.627625584602356 10.395049095153809
1432915031564 0 -0.23535959422588348 0.5883989930152893 10.473502159118652
1432915031664 0 -0.27458620071411133 0.5883989930152893 10.395049095153809
1432915031764 0 -0.313812792301178 0.5883989930152893 10.355822563171387
1432915031864 0 -0.27458620071411133 0.6668521761894226 10.43427562713623
1432915031964 0 -0.313812792301178 0.5883989930152893 10.512728691101074
1432915032064 0 -0.313812792301178 0.627625584602356 10.277368545532227
1432915032164 0 -0.27458620071411133 0.5491724014282227 10.43427562713623
1432915032264 0 -0.23535959422588348 0.627625584602356 10.355822563171387
1432915032364 0 -0.19613298773765564 0.627625584602356 10.316595077514648
1432915032464 0 -0.313812792301178 0.627625584602356 10.395049095153809
1432915032564 0 -0.313812792301178 0.5883989930152893 10.43427562713623
1432915032664 0 -0.23535959422588348 0.7060787677764893 10.43427562713623
1432915032764 0 -0.23535959422588348 0.5883989930152893 10.43427562713623
1432915032864 0 -0.313812792301178 0.5491724014282227 10.316595077514648
1432915032964 0 -0.23535959422588348 0.5883989930152893 10.43427562713623
1432915033065 0 -0.27458620071411133 0.5491724014282227 10.43427562713623
1432915033165 0 -0.23535959422588348 0.5883989930152893 10.473502159118652
1432915033265 0 -0.27458620071411133 0.5491724014282227 10.316595077514648
1432915033366 0 -0.23535959422588348 0.627625584602356 10.43427562713623
1432915033466 0 -0.19613298773765564 0.6668521761894226 10.395049095153809
1432915033566 0 -0.27458620071411133 0.627625584602356 10.277368545532227
1432915033666 0 -0.23535959422588348 0.5883989930152893 10.43427562713623
1432915033766 0 -0.313812792301178 0.5491724014282227 10.395049095153809
1432915033866 0 -0.27458620071411133 0.6668521761894226 10.395049095153809
1432915033966 0 -0.27458620071411133 0.6668521761894226 10.473502159118652
1432915034066 0 -0.23535959422588348 0.627625584602356 10.355822563171387
1432915034166 0 -0.23535959422588348 0.6668521761894226 10.43427562713623
1432915034266 0 -0.27458620071411133 0.5883989930152893 10.43427562713623
1432915034366 0 -0.19613298773765564 0.5883989930152893 10.43427562713623
1432915034466 0 -0.23535959422588348 0.627625584602356 10.395049095153809
1432915034566 0 -0.23535959422588348 0.5883989930152893 10.395049095153809
1432915034666 0 -0.23535959422588348 0.5491724014282227 10.355822563171387
1432915034766 0 -0.27458620071411133 0.6668521761894226 10.473502159118652
1432915034866 0 -0.19613298773765564 0.627625584602356 10.316595077514648
1432915034966 0 -0.23535959422588348 0.5491724014282227 10.473502159118652
1432915035066 0 -0.27458620071411133 0.509945809841156 10.355822563171387
1432915035166 0 -0.27458620071411133 0.5883989930152893 10.316595077514648
1432915035266 0 -0.313812792301178 0.627625584602356 10.473502159118652
1432915035366 0 -0.23535959422588348 0.627625584602356 10.473502159118652
1432915035466 0 -0.27458620071411133 0.5883989930152893 10.316595077514648
1432915035566 0 -0.27458620071411133 0.5491724014282227 10.395049095153809
1432915035666 0 -0.27458620071411133 0.627625584602356 10.355822563171387
1432915035766 0 -0.27458620071411133 0.5491724014282227 10.473502159118652
1432915035866 0 -0.27458620071411133 0.6668521761894226 10.355822563171387
1432915035966 0 -0.23535959422588348 0.509945809841156 10.355822563171387
1432915036066 0 -0.313812792301178 0.627625584602356 10.355822563171387
1432915036166 0 -0.23535959422588348 0.5883989930152893 10.395049095153809
1432915036267 0 -0.27458620071411133 0.5491724014282227 10.473502159118652
1432915036367 0 -0.27458620071411133 0.5883989930152893 10.355822563171387
1432915036467 0 -0.27458620071411133 0.6668521761894226 10.395049095153809
1432915036568 0 -0.27458620071411133 0.5491724014282227 10.43427562713623
1432915036668 0 -0.27458620071411133 0.5491724014282227 10.43427562713623
1432915036769 0 -0.23535959422588348 0.5491724014282227 10.355822563171387
1432915036869 0 -0.156906396150589 0.627625584602356 10.512728691101074
1432915036969 0 -0.27458620071411133 0.5883989930152893 10.316595077514648
1432915037069 0 -0.27458620071411133 0.5883989930152893 10.395049095153809
1432915037169 0 -0.23535959422588348 0.627625584602356 10.316595077514648
1432915037269 0 -0.23535959422588348 0.5883989930152893 10.395049095153809
1432915037369 0 -0.23535959422588348 0.627625584602356 10.395049095153809
1432915037469 0 -0.23535959422588348 0.5883989930152893 10.395049095153809
1432915037570 0 -0.156906396150589 0.5883989930152893 10.473502159118652
1432915037670 0 -0.27458620071411133 0.5883989930152893 10.395049095153809
1432915037771 0 -0.23535959422588348 0.5491724014282227 10.395049095153809
1432915037871 0 -0.23535959422588348 0.6668521761894226 10.473502159118652
1432915037971 0 -0.27458620071411133 0.627625584602356 10.316595077514648
1432915038072 0 -0.27458620071411133 0.5883989930152893 10.355822563171387
1432915038172 0 -0.23535959422588348 0.627625584602356 10.395049095153809
1432915038272 0 -0.19613298773765564 0.5883989930152893 10.395049095153809
1432915038373 0 -0.23535959422588348 0.5491724014282227 10.395049095153809
1432915038472 0 -0.27458620071411133 0.5883989930152893 10.43427562713623
1432915038572 0 -0.313812792301178 0.5883989930152893 10.43427562713623
1432915038672 0 -0.27458620071411133 0.5883989930152893 10.395049095153809
1432915038772 0 -0.19613298773765564 0.627625584602356 10.316595077514648
1432915038872 0 -0.27458620071411133 0.509945809841156 10.43427562713623
1432915038972 0 -0.27458620071411133 0.5883989930152893 10.512728691101074
1432915039072 0 -0.19613298773765564 0.5491724014282227 10.473502159118652
1432915039173 0 -0.27458620071411133 0.5491724014282227 10.355822563171387
1432915039273 0 -0.313812792301178 0.627625584602356 10.395049095153809
1432915039373 0 -0.27458620071411133 0.5883989930152893 10.395049095153809
1432915039473 0 -0.27458620071411133 0.6668521761894226 10.43427562713623
1432915039573 0 -0.27458620071411133 0.627625584602356 10.43427562713623
1432915039673 0 -0.23535959422588348 0.5883989930152893 10.355822563171387
1432915039773 0 -0.313812792301178 0.6668521761894226 10.43427562713623
1432915039873 0 -0.313812792301178 0.627625584602356 10.473502159118652
1432915039974 0 -0.27458620071411133 0.627625584602356 10.43427562713623
1432915040075 0 -0.23535959422588348 0.5883989930152893 10.395049095153809
1432915040176 0 -0.19613298773765564 0.627625584602356 10.473502159118652
1432915040276 0 -0.313812792301178 0.5491724014282227 10.355822563171387
1432915040376 0 -0.27458620071411133 0.5883989930152893 10.43427562713623
1432915040477 0 -0.27458620071411133 0.5491724014282227 10.355822563171387
1432915040577 0 -0.23535959422588348 0.5491724014282227 10.395049095153809
1432915040678 0 -0.23535959422588348 0.627625584602356 10.43427562713623
1432915040778 0 -0.23535959422588348 0.6668521761894226 10.512728691101074
1432915040878 0 -0.27458620071411133 0.627625584602356 10.512728691101074
1432915040978 0 -0.23535959422588348 0.627625584602356 10.395049095153809
1432915041078 0 -0.19613298773765564 0.5883989930152893 10.355822563171387
1432915041178 0 -0.27458620071411133 0.5491724014282227 10.43427562713623
1432915041278 0 -0.27458620071411133 0.5883989930152893 10.512728691101074
1432915041378 0 -0.23535959422588348 0.5883989930152893 10.395049095153809
1432915041478 0 -0.23535959422588348 0.5883989930152893 10.43427562713623
1432915041578 0 -0.27458620071411133 0.5491724014282227 10.395049095153809
1432915041678 0 -0.23535959422588348 0.627625584602356 10.395049095153809
1432915041778 0 -0.27458620071411133 0.7845319509506226 10.395049095153809
1432915041878 0 -0.27458620071411133 0.6668521761894226 10.355822563171387
1432915041978 0 -0.27458620071411133 0.5491724014282227 10.43427562713623
1432915042079 0 -0.27458620071411133 0.6668521761894226 10.43427562713623
1432915042179 0 -0.27458620071411133 0.5883989930152893 10.395049095153809
1432915042279 0 -0.313812792301178 0.6668521761894226 10.355822563171387
1432915042380 0 -0.19613298773765564 0.627625584602356 10.43427562713623
1432915042480 0 -0.27458620071411133 0.627625584602356 10.43427562713623
1432915042580 0 -0.27458620071411133 0.5491724014282227 10.43427562713623
1432915042681 0 -0.27458620071411133 0.627625584602356 10.395049095153809
1432915042781 0 -0.23535959422588348 0.627625584602356 10.43427562713623
1432915042881 0 -0.27458620071411133 0.5491724014282227 10.473502159118652
1432915042982 0 -0.23535959422588348 0.627625584602356 10.355822563171387
1432915043082 0 -0.23535959422588348 0.627625584602356 10.316595077514648
1432915043182 0 -0.19613298773765564 0.627625584602356 10.316595077514648
1432915043283 0 -0.19613298773765564 0.5883989930152893 10.355822563171387
1432915043383 0 -0.27458620071411133 0.5491724014282227 10.395049095153809
1432915043483 0 -0.156906396150589 0.5883989930152893 10.395049095153809
1432915043583 0 -0.23535959422588348 0.5491724014282227 10.395049095153809
1432915043684 0 -0.19613298773765564 0.5491724014282227 10.43427562713623
1432915043784 0 -0.23535959422588348 0.627625584602356 10.395049095153809
1432915043884 0 -0.27458620071411133 0.627625584602356 10.355822563171387
1432915043984 0 -0.23535959422588348 0.5491724014282227 10.43427562713623
1432915044084 0 -0.27458620071411133 0.627625584602356 10.355822563171387
1432915044184 0 -0.23535959422588348 0.5883989930152893 10.355822563171387
1432915044285 0 -0.27458620071411133 0.5491724014282227 10.395049095153809
1432915044385 0 -0.27458620071411133 0.5883989930152893 10.355822563171387
1432915044485 0 -0.23535959422588348 0.5883989930152893 10.43427562713623
1432915044585 0 -0.23535959422588348 0.627625584602356 10.43427562713623
1432915044685 0 -0.156906396150589 0.5491724014282227 10.355822563171387
1432915044785 0 -0.27458620071411133 0.627625584602356 10.43427562713623
1432915044885 0 -0.19613298773765564 0.5883989930152893 10.512728691101074
1432915044985 0 -0.313812792301178 0.5883989930152893 10.355822563171387
1432915045085 0 -0.35303938388824463 0.5883989930152893 10.395049095153809
1432915045185 0 -0.23535959422588348 0.6668521761894226 10.473502159118652
1432915045285 0 -0.27458620071411133 0.627625584602356 10.355822563171387
1432915045385 0 -0.27458620071411133 0.509945809841156 10.43427562713623
1432915045485 0 -0.313812792301178 0.6668521761894226 10.473502159118652
1432915045585 0 -0.23535959422588348 0.627625584602356 10.355822563171387
1432915045685 0 -0.23535959422588348 0.5883989930152893 10.43427562713623
1432915045785 0 -0.313812792301178 0.627625584602356 10.473502159118652
1432915045886 0 -0.23535959422588348 0.5883989930152893 10.355822563171387
1432915045986 0 -0.27458620071411133 0.509945809841156 10.355822563171387
1432915046086 0 -0.27458620071411133 0.5883989930152893 10.43427562713623
1432915046187 0 -0.19613298773765564 0.5491724014282227 10.355822563171387
1432915046287 0 -0.19613298773765564 0.6668521761894226 10.355822563171387
1432915046387 0 -0.27458620071411133 0.5883989930152893 10.355822563171387
1432915046488 0 -0.23535959422588348 0.5883989930152893 10.395049095153809
1432915046588 0 -0.23535959422588348 0.6668521761894226 10.43427562713623
1432915046689 0 -0.23535959422588348 0.5883989930152893 10.43427562713623
1432915046789 0 -0.313812792301178 0.627625584602356 10.316595077514648
1432915046889 0 -0.23535959422588348 0.5491724014282227 10.43427562713623
1432915046990 0 -0.19613298773765564 0.5883989930152893 10.395049095153809
1432915047089 0 -0.23535959422588348 0.627625584602356 10.43427562713623
1432915047189 0 -0.27458620071411133 0.5491724014282227 10.395049095153809
1432915047289 0 -0.27458620071411133 0.6668521761894226 10.43427562713623
1432915047389 0 -0.23535959422588348 0.509945809841156 10.395049095153809
1432915047489 0 -0.23535959422588348 0.627625584602356 10.43427562713623
1432915047589 0 -0.27458620071411133 0.627625584602356 10.43427562713623
1432915047690 0 -0.27458620071411133 0.627625584602356 10.395049095153809
1432915047790 0 -0.23535959422588348 0.627625584602356 10.355822563171387
1432915047890 0 -0.23535959422588348 0.5883989930152893 10.355822563171387
1432915047991 0 -0.27458620071411133 0.627625584602356 10.43427562713623
1432915048091 0 -0.27458620071411133 0.5883989930152893 10.395049095153809
1432915048191 0 -0.27458620071411133 0.7060787677764893 10.43427562713623
1432915048291 0 -0.23535959422588348 0.5883989930152893 10.395049095153809
1432915048391 0 -0.27458620071411133 0.627625584602356 10.395049095153809
1432915048491 0 -0.27458620071411133 0.5491724014282227 10.43427562713623
1432915048591 0 -0.313812792301178 0.5883989930152893 10.355822563171387
1432915048692 0 -0.27458620071411133 0.627625584602356 10.43427562713623
1432915048792 0 -0.313812792301178 0.6668521761894226 10.43427562713623
1432915048892 0 -0.35303938388824463 0.5883989930152893 10.512728691101074
1432915048993 0 -0.27458620071411133 0.5883989930152893 10.43427562713623
1432915049093 0 -0.27458620071411133 0.5491724014282227 10.43427562713623
1432915049193 0 -0.27458620071411133 0.509945809841156 10.43427562713623
1432915049293 0 -0.27458620071411133 0.5883989930152893 10.395049095153809
1432915049393 0 -0.27458620071411133 0.627625584602356 10.512728691101074
1432915049494 0 -0.23535959422588348 0.6668521761894226 10.355822563171387
1432915049594 0 -0.313812792301178 0.627625584602356 10.473502159118652
1432915049694 0 -0.313812792301178 0.5883989930152893 10.43427562713623
1432915049794 0 -0.23535959422588348 0.5883989930152893 10.395049095153809
1432915049895 0 -0.27458620071411133 0.5883989930152893 10.395049095153809
1432915049995 0 -0.27458620071411133 0.627625584602356 10.355822563171387
1432915050095 0 -0.27458620071411133 0.627625584602356 10.395049095153809
1432915050195 0 -0.23535959422588348 0.5883989930152893 10.43427562713623
1432915050296 0 -0.23535959422588348 0.5883989930152893 10.355822563171387
1432915050396 0 -0.27458620071411133 0.5883989930152893 10.43427562713623
1432915050496 0 -0.27458620071411133 0.627625584602356 10.395049095153809
1432915050596 0 -0.27458620071411133 0.627625584602356 10.43427562713623
1432915050696 0 -0.23535959422588348 0.5883989930152893 10.43427562713623
1432915050797 0 -0.23535959422588348 0.5883989930152893 10.43427562713623
1432915050896 0 -0.27458620071411133 0.5491724014282227 10.473502159118652
1432915050996 0 -0.23535959422588348 0.5883989930152893 10.43427562713623
1432915051096 0 -0.313812792301178 0.5883989930152893 10.395049095153809
1432915051196 0 -0.23535959422588348 0.5491724014282227 10.395049095153809
1432915051296 0 -0.27458620071411133 0.5883989930152893 10.43427562713623
1432915051396 0 -0.27458620071411133 0.627625584602356 10.355822563171387
1432915051496 0 -0.23535959422588348 0.5883989930152893 10.43427562713623
1432915051596 0 -0.27458620071411133 0.5883989930152893 10.355822563171387
1432915051696 0 -0.23535959422588348 0.627625584602356 10.473502159118652
1432915051796 0 -0.23535959422588348 0.5883989930152893 10.395049095153809
1432915051896 0 -0.23535959422588348 0.5491724014282227 10.473502159118652
1432915051996 0 -0.35303938388824463 0.5491724014282227 10.316595077514648
1432915052096 0 -0.23535959422588348 0.5883989930152893 10.316595077514648
1432915052196 0 -0.27458620071411133 0.5883989930152893 10.512728691101074
1432915052296 0 -0.27458620071411133 0.5883989930152893 10.43427562713623
1432915052397 0 -0.23535959422588348 0.5491724014282227 10.316595077514648
1432915052497 0 -0.27458620071411133 0.5883989930152893 10.43427562713623
1432915052597 0 -0.27458620071411133 0.627625584602356 10.43427562713623
1432915052697 0 -0.313812792301178 0.627625584602356 10.355822563171387
1432915052797 0 -0.156906396150589 0.5883989930152893 10.43427562713623
1432915052898 0 -0.27458620071411133 0.5883989930152893 10.43427562713623
1432915052998 0 -0.27458620071411133 0.5883989930152893 10.355822563171387
1432915053098 0 -0.23535959422588348 0.627625584602356 10.277368545532227
1432915053199 0 -0.23535959422588348 0.627625584602356 10.43427562713623
1432915053299 0 -0.23535959422588348 0.7060787677764893 10.43427562713623
1432915053399 0 -0.313812792301178 0.627625584602356 10.395049095153809
1432915053500 0 -0.23535959422588348 0.5883989930152893 10.395049095153809
1432915053599 0 -0.27458620071411133 0.5883989930152893 10.473502159118652
1432915053699 0 -0.27458620071411133 0.6668521761894226 10.355822563171387
1432915053799 0 -0.27458620071411133 0.5883989930152893 10.43427562713623
1432915053899 0 -0.27458620071411133 0.5883989930152893 10.395049095153809
1432915053999 0 -0.23535959422588348 0.5491724014282227 10.316595077514648
1432915054099 0 -0.23535959422588348 0.5491724014282227 10.43427562713623
1432915054200 0 -0.313812792301178 0.627625584602356 10.395049095153809
1432915054300 0 -0.313812792301178 0.5883989930152893 10.43427562713623
1432915054400 0 -0.27458620071411133 0.5491724014282227 10.43427562713623
1432915054501 0 -0.27458620071411133 0.5491724014282227 10.43427562713623
1432915054601 0 -0.23535959422588348 0.509945809841156 10.355822563171387
1432915054701 0 -0.27458620071411133 0.5491724014282227 10.43427562713623
1432915054802 0 -0.23535959422588348 0.6668521761894226 10.355822563171387
1432915054902 0 -0.23535959422588348 0.627625584602356 10.395049095153809
1432915055002 0 -0.23535959422588348 0.5491724014282227 10.355822563171387
1432915055103 0 -0.23535959422588348 0.5883989930152893 10.395049095153809
1432915055203 0 -0.19613298773765564 0.5491724014282227 10.43427562713623
1432915055303 0 -0.313812792301178 0.5883989930152893 10.591181755065918
1432915055403 0 -0.23535959422588348 0.5491724014282227 10.355822563171387
1432915055503 0 -0.23535959422588348 0.627625584602356 10.395049095153809
1432915055603 0 -0.23535959422588348 0.6668521761894226 10.395049095153809
1432915055703 0 -0.19613298773765564 0.5491724014282227 10.395049095153809
1432915055803 0 -0.23535959422588348 0.5883989930152893 10.316595077514648
1432915055904 0 -0.23535959422588348 0.5883989930152893 10.355822563171387
1432915056004 0 -0.19613298773765564 0.627625584602356 10.43427562713623
1432915056104 0 -0.23535959422588348 0.5883989930152893 10.395049095153809
1432915056205 0 -0.27458620071411133 0.5491724014282227 10.473502159118652
1432915056305 0 -0.23535959422588348 0.627625584602356 10.355822563171387
1432915056405 0 -0.19613298773765564 0.6668521761894226 10.512728691101074
1432915056506 0 -0.27458620071411133 0.627625584602356 10.395049095153809
1432915056606 0 -0.27458620071411133 0.6668521761894226 10.43427562713623
1432915056707 0 -0.156906396150589 0.627625584602356 10.355822563171387
1432915056807 0 -0.27458620071411133 0.47071918845176697 10.395049095153809
1432915056907 0 -0.19613298773765564 0.509945809841156 10.355822563171387
1432915057008 0 -0.27458620071411133 0.509945809841156 10.395049095153809
1432915057108 0 -0.27458620071411133 0.627625584602356 10.277368545532227
1432915057208 0 -0.27458620071411133 0.6668521761894226 10.277368545532227
1432915057309 0 -0.27458620071411133 0.7060787677764893 10.43427562713623
1432915057409 0 -0.23535959422588348 0.627625584602356 10.395049095153809
1432915057509 0 -0.19613298773765564 0.5883989930152893 10.395049095153809
1432915057610 0 -0.19613298773765564 0.5883989930152893 10.395049095153809
1432915057710 0 -0.27458620071411133 0.627625584602356 10.473502159118652
1432915057810 0 -0.27458620071411133 0.627625584602356 10.43427562713623
1432915057911 0 -0.313812792301178 0.627625584602356 10.395049095153809
1432915058011 0 -0.27458620071411133 0.5883989930152893 10.355822563171387
1432915058111 0 -0.19613298773765564 0.627625584602356 10.395049095153809
1432915058212 0 -0.313812792301178 0.509945809841156 10.355822563171387
1432915058312 0 -0.19613298773765564 0.47071918845176697 10.395049095153809
1432915058412 0 -0.23535959422588348 0.6668521761894226 10.355822563171387
1432915058512 0 -0.313812792301178 0.5883989930152893 10.512728691101074
1432915058612 0 -0.23535959422588348 0.6668521761894226 10.43427562713623
1432915058712 0 -0.27458620071411133 0.509945809841156 10.473502159118652
1432915058812 0 -0.23535959422588348 0.5883989930152893 10.355822563171387
1432915058913 0 -0.23535959422588348 0.5883989930152893 10.43427562713623
1432915059014 0 -0.313812792301178 0.5491724014282227 10.43427562713623
1432915059115 0 -0.23535959422588348 0.5491724014282227 10.43427562713623
1432915059216 0 -0.27458620071411133 0.5883989930152893 10.473502159118652
1432915059316 0 -0.23535959422588348 0.509945809841156 10.43427562713623
1432915059416 0 -0.27458620071411133 0.5883989930152893 10.43427562713623
1432915059517 0 -0.27458620071411133 0.5883989930152893 10.43427562713623
1432915059617 0 -0.313812792301178 0.5883989930152893 10.316595077514648
1432915059718 0 -0.27458620071411133 0.509945809841156 10.316595077514648
1432915059817 0 -0.23535959422588348 0.627625584602356 10.591181755065918
1432915059917 0 -0.23535959422588348 0.5883989930152893 10.43427562713623
1432915060017 0 -0.23535959422588348 0.5883989930152893 10.43427562713623
1432915060117 0 -0.23535959422588348 0.5883989930152893 10.473502159118652
1432915060217 0 -0.19613298773765564 0.5491724014282227 10.355822563171387
1432915060317 0 -0.19613298773765564 0.5883989930152893 10.473502159118652
1432915060417 0 -0.27458620071411133 0.6668521761894226 10.395049095153809
1432915060518 0 -0.23535959422588348 0.627625584602356 10.355822563171387
1432915060618 0 -0.19613298773765564 0.5491724014282227 10.43427562713623
1432915060719 0 -0.27458620071411133 0.509945809841156 10.43427562713623
1432915060819 0 -0.23535959422588348 0.5883989930152893 10.159688949584961
1432915060919 0 -0.19613298773765564 0.5883989930152893 10.395049095153809
1432915061019 0 -0.27458620071411133 0.6668521761894226 10.355822563171387
1432915061119 0 -0.27458620071411133 0.627625584602356 10.395049095153809
1432915061219 0 -0.23535959422588348 0.5491724014282227 10.316595077514648
1432915061319 0 -0.23535959422588348 0.5491724014282227 10.355822563171387
1432915061419 0 -0.19613298773765564 0.627625584602356 10.473502159118652
1432915061520 0 -0.27458620071411133 0.6668521761894226 10.43427562713623
1432915061620 0 -0.313812792301178 0.5491724014282227 10.395049095153809
1432915061721 0 -0.27458620071411133 0.5883989930152893 10.355822563171387
1432915061821 0 -0.23535959422588348 0.5883989930152893 10.355822563171387
1432915061921 0 -0.19613298773765564 0.5491724014282227 10.395049095153809
1432915062022 0 -0.23535959422588348 0.5883989930152893 10.43427562713623
1432915062122 0 -0.19613298773765564 0.5883989930152893 10.355822563171387
1432915062222 0 -0.313812792301178 0.5883989930152893 10.316595077514648
1432915062323 0 -0.27458620071411133 0.627625584602356 10.395049095153809
1432915062423 0 -0.27458620071411133 0.627625584602356 10.355822563171387
1432915062523 0 -0.27458620071411133 0.5491724014282227 10.395049095153809
1432915062623 0 -0.27458620071411133 0.6668521761894226 10.395049095153809
1432915062723 0 -0.27458620071411133 0.627625584602356 10.512728691101074
1432915062823 0 -0.23535959422588348 0.5883989930152893 10.43427562713623
1432915062923 0 -0.23535959422588348 0.5883989930152893 10.355822563171387
1432915063023 0 -0.27458620071411133 0.627625584602356 10.43427562713623
1432915063123 0 -0.23535959422588348 0.627625584602356 10.43427562713623
1432915063223 0 -0.27458620071411133 0.5883989930152893 10.395049095153809
1432915063323 0 -0.19613298773765564 0.5491724014282227 10.355822563171387
1432915063423 0 -0.313812792301178 0.5883989930152893 10.355822563171387
1432915063523 0 -0.27458620071411133 0.5883989930152893 10.43427562713623
1432915063623 0 -0.19613298773765564 0.5883989930152893 10.395049095153809
1432915063723 0 -0.27458620071411133 0.5491724014282227 10.355822563171387
1432915063824 0 -0.313812792301178 0.627625584602356 10.355822563171387
1432915063924 0 -0.23535959422588348 0.5883989930152893 10.43427562713623
1432915064024 0 -0.23535959422588348 0.627625584602356 10.512728691101074
1432915064125 0 -0.3922659754753113 0.5491724014282227 10.43427562713623
1432915064225 0 -0.313812792301178 0.627625584602356 10.473502159118652
1432915064325 0 -0.27458620071411133 0.6668521761894226 10.395049095153809
1432915064426 0 -0.27458620071411133 0.6668521761894226 10.395049095153809
1432915064526 0 -0.23535959422588348 0.5883989930152893 10.395049095153809
1432915064626 0 -0.313812792301178 0.5491724014282227 10.395049095153809
1432915064726 0 -0.23535959422588348 0.627625584602356 10.395049095153809
1432915064826 0 -0.27458620071411133 0.627625584602356 10.395049095153809
1432915064926 0 -0.27458620071411133 0.6668521761894226 10.395049095153809
1432915065026 0 -0.23535959422588348 0.627625584602356 10.395049095153809
1432915065126 0 -0.23535959422588348 0.5883989930152893 10.395049095153809
1432915065226 0 -0.27458620071411133 0.5491724014282227 10.316595077514648
1432915065326 0 -0.23535959422588348 0.6668521761894226 10.395049095153809
1432915065426 0 -0.313812792301178 0.5883989930152893 10.395049095153809
1432915065526 0 -0.156906396150589 0.627625584602356 10.355822563171387
1432915065626 0 -0.23535959422588348 0.5883989930152893 10.395049095153809
1432915065726 0 -0.27458620071411133 0.5883989930152893 10.355822563171387
1432915065826 0 -0.19613298773765564 0.627625584602356 10.43427562713623
1432915065927 0 -0.27458620071411133 0.5491724014282227 10.355822563171387
1432915066027 0 -0.27458620071411133 0.627625584602356 10.395049095153809
1432915066127 0 -0.23535959422588348 0.5883989930152893 10.395049095153809
1432915066228 0 -0.23535959422588348 0.6668521761894226 10.43427562713623
1432915066328 0 -0.27458620071411133 0.627625584602356 10.43427562713623
1432915066428 0 -0.19613298773765564 0.5883989930152893 10.43427562713623
1432915066528 0 -0.35303938388824463 0.627625584602356 10.395049095153809
1432915066628 0 -0.313812792301178 0.6668521761894226 10.316595077514648
1432915066728 0 -0.19613298773765564 0.5883989930152893 10.395049095153809
1432915066828 0 -0.27458620071411133 0.627625584602356 10.395049095153809
1432915066928 0 -0.23535959422588348 0.5491724014282227 10.473502159118652
1432915067029 0 -0.23535959422588348 0.5883989930152893 10.512728691101074
1432915067129 0 -0.313812792301178 0.5883989930152893 10.395049095153809
1432915067229 0 -0.23535959422588348 0.627625584602356 10.43427562713623
1432915067330 0 -0.35303938388824463 0.6668521761894226 10.473502159118652
1432915067430 0 -0.23535959422588348 0.627625584602356 10.473502159118652
1432915067530 0 -0.27458620071411133 0.5883989930152893 10.395049095153809
1432915067630 0 -0.23535959422588348 0.627625584602356 10.512728691101074
1432915067730 0 -0.23535959422588348 0.5883989930152893 10.43427562713623
1432915067830 0 -0.27458620071411133 0.509945809841156 10.512728691101074
1432915067930 0 -0.27458620071411133 0.5491724014282227 10.551955223083496
1432915068030 0 -0.23535959422588348 0.627625584602356 10.43427562713623
1432915068130 0 -0.27458620071411133 0.5883989930152893 10.355822563171387
1432915068230 0 -0.23535959422588348 0.627625584602356 10.355822563171387
1432915068331 0 -0.23535959422588348 0.627625584602356 10.316595077514648
1432915068431 0 -0.23535959422588348 0.627625584602356 10.277368545532227
1432915068531 0 -0.27458620071411133 0.5883989930152893 10.355822563171387
1432915068632 0 -0.23535959422588348 0.5883989930152893 10.395049095153809
1432915068732 0 -0.313812792301178 0.5491724014282227 10.395049095153809
1432915068833 0 -0.23535959422588348 0.5883989930152893 10.43427562713623
1432915068933 0 -0.27458620071411133 0.627625584602356 10.355822563171387
1432915069033 0 -0.23535959422588348 0.627625584602356 10.316595077514648
1432915069133 0 -0.23535959422588348 0.627625584602356 10.395049095153809
1432915069233 0 -0.27458620071411133 0.627625584602356 10.473502159118652
1432915069334 0 -0.23535959422588348 0.627625584602356 10.395049095153809
1432915069436 0 -0.313812792301178 0.627625584602356 10.395049095153809
1432915069536 0 -0.27458620071411133 0.627625584602356 10.395049095153809
1432915069636 0 -0.27458620071411133 0.5491724014282227 10.355822563171387
1432915069737 0 -0.27458620071411133 0.627625584602356 10.395049095153809
1432915069837 0 -0.23535959422588348 0.5883989930152893 10.43427562713623
1432915069937 0 -0.19613298773765564 0.627625584602356 10.355822563171387
1432915070038 0 -0.19613298773765564 0.627625584602356 10.43427562713623
1432915070138 0 -0.23535959422588348 0.6668521761894226 10.43427562713623
1432915070238 0 -0.27458620071411133 0.5491724014282227 10.395049095153809
1432915070339 0 -0.23535959422588348 0.5491724014282227 10.43427562713623
1432915070439 0 -0.27458620071411133 0.6668521761894226 10.355822563171387
1432915070539 0 -0.23535959422588348 0.5883989930152893 10.316595077514648
1432915070639 0 -0.27458620071411133 0.627625584602356 10.395049095153809
1432915070739 0 -0.313812792301178 0.7060787677764893 10.512728691101074
1432915070840 0 -0.19613298773765564 0.5491724014282227 10.316595077514648
1432915070940 0 -0.23535959422588348 0.47071918845176697 10.473502159118652
1432915071040 0 -0.23535959422588348 0.5491724014282227 10.395049095153809
1432915071140 0 -0.19613298773765564 0.5883989930152893 10.473502159118652
1432915071240 0 -0.23535959422588348 0.5883989930152893 10.473502159118652
1432915071340 0 -0.27458620071411133 0.5883989930152893 10.395049095153809
1432915071440 0 -0.313812792301178 0.5883989930152893 10.355822563171387
1432915071540 0 -0.23535959422588348 0.5883989930152893 10.395049095153809
1432915071640 0 -0.27458620071411133 0.627625584602356 10.43427562713623
1432915071740 0 -0.156906396150589 0.627625584602356 10.395049095153809
1432915071840 0 -0.23535959422588348 0.5883989930152893 10.43427562713623
1432915071940 0 -0.27458620071411133 0.6668521761894226 10.43427562713623
1432915072040 0 -0.19613298773765564 0.5883989930152893 10.395049095153809
1432915072141 0 -0.23535959422588348 0.5491724014282227 10.473502159118652
1432915072241 0 -0.27458620071411133 0.5883989930152893 10.43427562713623
1432915072341 0 -0.27458620071411133 0.627625584602356 10.395049095153809
1432915072442 0 -0.19613298773765564 0.5883989930152893 10.473502159118652
1432915072542 0 -0.35303938388824463 0.627625584602356 10.473502159118652
1432915072642 0 -0.23535959422588348 0.509945809841156 10.395049095153809
1432915072742 0 -0.27458620071411133 0.5883989930152893 10.473502159118652
1432915072842 0 -0.313812792301178 0.5883989930152893 10.473502159118652
1432915072942 0 -0.27458620071411133 0.6668521761894226 10.43427562713623
1432915073042 0 -0.27458620071411133 0.627625584602356 10.43427562713623
1432915073142 0 -0.27458620071411133 0.5883989930152893 10.43427562713623
1432915073242 0 -0.27458620071411133 0.5883989930152893 10.395049095153809
1432915073342 0 -0.19613298773765564 0.5491724014282227 10.551955223083496
1432915073443 0 -0.27458620071411133 0.627625584602356 10.43427562713623
1432915073543 0 -0.23535959422588348 0.5883989930152893 10.43427562713623
1432915073643 0 -0.23535959422588348 0.5883989930152893 10.473502159118652
1432915073743 0 -0.23535959422588348 0.47071918845176697 10.355822563171387
1432915073843 0 -0.19613298773765564 0.5883989930152893 10.395049095153809
1432915073943 0 -0.19613298773765564 0.5883989930152893 10.316595077514648
1432915074044 0 -0.19613298773765564 0.627625584602356 10.355822563171387
1432915074144 0 -0.19613298773765564 0.5883989930152893 10.43427562713623
1432915074244 0 -0.23535959422588348 0.5883989930152893 10.355822563171387
1432915074345 0 -0.19613298773765564 0.5883989930152893 10.316595077514648
1432915074445 0 -0.27458620071411133 0.5883989930152893 10.395049095153809
1432915074545 0 -0.23535959422588348 0.5883989930152893 10.395049095153809
1432915074646 0 -0.19613298773765564 0.5883989930152893 10.316595077514648
1432915074745 0 -0.23535959422588348 0.627625584602356 10.395049095153809
1432915074846 0 -0.27458620071411133 0.627625584602356 10.395049095153809
1432915074945 0 -0.313812792301178 0.627625584602356 10.395049095153809
1432915075045 0 -0.27458620071411133 0.5883989930152893 10.43427562713623
1432915075145 0 -0.27458620071411133 0.627625584602356 10.395049095153809
1432915075245 0 -0.27458620071411133 0.5883989930152893 10.355822563171387
1432915075345 0 -0.27458620071411133 0.7060787677764893 10.395049095153809
1432915075445 0 -0.27458620071411133 0.5883989930152893 10.355822563171387
1432915075545 0 -0.23535959422588348 0.5883989930152893 10.395049095153809
1432915075646 0 -0.19613298773765564 0.5491724014282227 10.395049095153809
1432915075746 0 -0.19613298773765564 0.5883989930152893 10.395049095153809
1432915075847 0 -0.23535959422588348 0.6668521761894226 10.473502159118652
1432915075947 0 -0.27458620071411133 0.6668521761894226 10.316595077514648
1432915076047 0 -0.313812792301178 0.5883989930152893 10.43427562713623
1432915076148 0 -0.27458620071411133 0.5491724014282227 10.43427562713623
1432915076248 0 -0.23535959422588348 0.5883989930152893 10.355822563171387
1432915076348 0 -0.27458620071411133 0.5491724014282227 10.43427562713623
1432915076448 0 -0.313812792301178 0.5883989930152893 10.395049095153809
1432915076548 0 -0.27458620071411133 0.627625584602356 10.43427562713623
1432915076648 0 -0.23535959422588348 0.7060787677764893 10.551955223083496
1432915076748 0 -0.23535959422588348 0.627625584602356 10.395049095153809
1432915076849 0 -0.27458620071411133 0.627625584602356 10.43427562713623
1432915076949 0 -0.19613298773765564 0.5491724014282227 10.473502159118652
1432915077049 0 -0.313812792301178 0.6668521761894226 10.551955223083496
1432915077150 0 -0.19613298773765564 0.627625584602356 10.316595077514648
1432915077250 0 -0.23535959422588348 0.627625584602356 10.395049095153809
1432915077350 0 -0.27458620071411133 0.5883989930152893 10.316595077514648
1432915077451 0 -0.27458620071411133 0.627625584602356 10.551955223083496
1432915077551 0 -0.23535959422588348 0.5883989930152893 10.473502159118652
1432915077651 0 -0.23535959422588348 0.627625584602356 10.355822563171387
1432915077751 0 -0.35303938388824463 0.5883989930152893 10.473502159118652
1432915077851 0 -0.23535959422588348 0.627625584602356 10.395049095153809
1432915077952 0 -0.313812792301178 0.6668521761894226 10.395049095153809
1432915078052 0 -0.23535959422588348 0.627625584602356 10.395049095153809
1432915078152 0 -0.23535959422588348 0.5883989930152893 10.512728691101074
1432915078252 0 -0.23535959422588348 0.5883989930152893 10.43427562713623
1432915078352 0 -0.23535959422588348 0.5491724014282227 10.43427562713623
1432915078452 0 -0.313812792301178 0.5883989930152893 10.43427562713623
1432915078552 0 -0.23535959422588348 0.627625584602356 10.43427562713623
1432915078652 0 -0.27458620071411133 0.5883989930152893 10.43427562713623
1432915078752 0 -0.27458620071411133 0.627625584602356 10.43427562713623
1432915078852 0 -0.23535959422588348 0.5883989930152893 10.395049095153809
1432915078953 0 -0.27458620071411133 0.5883989930152893 10.512728691101074
1432915079053 0 -0.23535959422588348 0.5883989930152893 10.473502159118652
1432915079153 0 -0.313812792301178 0.5883989930152893 10.395049095153809
1432915079253 0 -0.27458620071411133 0.5491724014282227 10.395049095153809
1432915079354 0 -0.27458620071411133 0.5883989930152893 10.355822563171387
1432915079454 0 -0.27458620071411133 0.5883989930152893 10.238142013549805
1432915079555 0 -0.27458620071411133 0.5883989930152893 10.395049095153809
1432915079655 0 -0.23535959422588348 0.5883989930152893 10.473502159118652
1432915079755 0 -0.27458620071411133 0.627625584602356 10.43427562713623
1432915079855 0 -0.27458620071411133 0.5883989930152893 10.395049095153809
1432915079955 0 -0.23535959422588348 0.5491724014282227 10.395049095153809
1432915080055 0 -0.27458620071411133 0.5883989930152893 10.43427562713623
1432915080155 0 -0.23535959422588348 0.5491724014282227 10.43427562713623
1432915080255 0 -0.27458620071411133 0.5491724014282227 10.395049095153809
1432915080356 0 -0.23535959422588348 0.627625584602356 10.43427562713623
1432915080456 0 -0.35303938388824463 0.627625584602356 10.473502159118652
1432915080556 0 -0.313812792301178 0.627625584602356 10.395049095153809
1432915080657 0 -0.19613298773765564 0.627625584602356 10.395049095153809
1432915080757 0 -0.19613298773765564 0.6668521761894226 10.43427562713623
1432915080858 0 -0.27458620071411133 0.5883989930152893 10.43427562713623
1432915080957 0 -0.23535959422588348 0.6668521761894226 10.473502159118652
1432915081057 0 -0.27458620071411133 0.5883989930152893 10.43427562713623
1432915081157 0 -0.27458620071411133 0.627625584602356 10.395049095153809
1432915081257 0 -0.23535959422588348 0.5883989930152893 10.395049095153809
1432915081358 0 -0.23535959422588348 0.627625584602356 10.512728691101074
1432915081458 0 -0.19613298773765564 0.5883989930152893 10.316595077514648
1432915081558 0 -0.27458620071411133 0.627625584602356 10.43427562713623
1432915081659 0 -0.313812792301178 0.5491724014282227 10.43427562713623
1432915081759 0 -0.313812792301178 0.5491724014282227 10.473502159118652
1432915081859 0 -0.27458620071411133 0.5491724014282227 10.43427562713623
1432915081960 0 -0.27458620071411133 0.7453053593635559 10.43427562713623
1432915082061 0 -0.27458620071411133 0.627625584602356 10.43427562713623
1432915082161 0 -0.23535959422588348 0.627625584602356 10.43427562713623
1432915082261 0 -0.27458620071411133 0.5883989930152893 10.395049095153809
1432915082361 0 -0.23535959422588348 0.5883989930152893 10.395049095153809
1432915082461 0 -0.27458620071411133 0.5883989930152893 10.43427562713623
1432915082561 0 -0.23535959422588348 0.5883989930152893 10.512728691101074
1432915082661 0 -0.27458620071411133 0.5883989930152893 10.395049095153809
1432915082762 0 -0.27458620071411133 0.5491724014282227 10.43427562713623
1432915082862 0 -0.27458620071411133 0.627625584602356 10.43427562713623
1432915082962 0 -0.19613298773765564 0.627625584602356 10.43427562713623
1432915083063 0 -0.23535959422588348 0.6668521761894226 10.355822563171387
1432915083163 0 -0.27458620071411133 0.5491724014282227 10.355822563171387
1432915083263 0 -0.313812792301178 0.5883989930152893 10.316595077514648
1432915083364 0 -0.313812792301178 0.627625584602356 10.43427562713623
1432915083465 0 -0.27458620071411133 0.627625584602356 10.355822563171387
1432915083564 0 -0.23535959422588348 0.6668521761894226 10.473502159118652
1432915083664 0 -0.23535959422588348 0.627625584602356 10.43427562713623
1432915083764 0 -0.23535959422588348 0.5883989930152893 10.355822563171387
1432915083864 0 -0.19613298773765564 0.5883989930152893 10.395049095153809
1432915083964 0 -0.23535959422588348 0.5883989930152893 10.43427562713623
1432915084064 0 -0.23535959422588348 0.5491724014282227 10.355822563171387
1432915084164 0 -0.27458620071411133 0.6668521761894226 10.473502159118652
1432915084265 0 -0.23535959422588348 0.5883989930152893 10.355822563171387
1432915084365 0 -0.23535959422588348 0.627625584602356 10.473502159118652
1432915084465 0 -0.23535959422588348 0.5491724014282227 10.512728691101074
1432915084566 0 -0.19613298773765564 0.5491724014282227 10.512728691101074
1432915084666 0 -0.27458620071411133 0.5883989930152893 10.512728691101074
1432915084766 0 -0.27458620071411133 0.627625584602356 10.43427562713623
1432915084866 0 -0.27458620071411133 0.5491724014282227 10.473502159118652
1432915084966 0 -0.27458620071411133 0.627625584602356 10.473502159118652
1432915085066 0 -0.313812792301178 0.5491724014282227 10.43427562713623
1432915085166 0 -0.313812792301178 0.627625584602356 10.473502159118652
1432915085266 0 -0.27458620071411133 0.6668521761894226 10.395049095153809
1432915085366 0 -0.23535959422588348 0.5491724014282227 10.395049095153809
1432915085466 0 -0.27458620071411133 0.5883989930152893 10.395049095153809
1432915085566 0 -0.27458620071411133 0.5883989930152893 10.512728691101074
1432915085666 0 -0.23535959422588348 0.6668521761894226 10.395049095153809
1432915085766 0 -0.23535959422588348 0.5883989930152893 10.395049095153809
1432915085867 0 -0.19613298773765564 0.6668521761894226 10.355822563171387
1432915085967 0 -0.27458620071411133 0.627625584602356 10.473502159118652
1432915086067 0 -0.23535959422588348 0.5883989930152893 10.395049095153809
1432915086168 0 -0.23535959422588348 0.509945809841156 10.43427562713623
1432915086268 0 -0.156906396150589 0.627625584602356 10.43427562713623
1432915086368 0 -0.19613298773765564 0.5883989930152893 10.43427562713623
1432915086469 0 -0.23535959422588348 0.5883989930152893 10.395049095153809
1432915086568 0 -0.23535959422588348 0.5491724014282227 10.395049095153809
1432915086668 0 -0.156906396150589 0.627625584602356 10.316595077514648
1432915086768 0 -0.27458620071411133 0.627625584602356 10.512728691101074
1432915086868 0 -0.19613298773765564 0.5883989930152893 10.395049095153809
1432915086968 0 -0.313812792301178 0.5491724014282227 10.355822563171387
1432915087068 0 -0.156906396150589 0.5491724014282227 10.551955223083496
1432915087169 0 -0.27458620071411133 0.509945809841156 10.43427562713623
1432915087269 0 -0.27458620071411133 0.5883989930152893 10.473502159118652
1432915087369 0 -0.19613298773765564 0.5883989930152893 10.395049095153809
1432915087470 0 -0.23535959422588348 0.6668521761894226 10.395049095153809
1432915087570 0 -0.23535959422588348 0.5491724014282227 10.238142013549805
1432915087670 0 -0.27458620071411133 0.5491724014282227 10.43427562713623
1432915087770 0 -0.27458620071411133 0.509945809841156 10.395049095153809
1432915087870 0 -0.27458620071411133 0.5491724014282227 10.395049095153809
1432915087970 0 -0.19613298773765564 0.5491724014282227 10.355822563171387
1432915088070 0 -0.19613298773765564 0.5491724014282227 10.395049095153809
1432915088170 0 -0.23535959422588348 0.627625584602356 10.473502159118652
1432915088271 0 -0.313812792301178 0.627625584602356 10.473502159118652
1432915088371 0 -0.156906396150589 0.5883989930152893 10.355822563171387
1432915088471 0 -0.27458620071411133 0.6668521761894226 10.395049095153809
1432915088572 0 -0.23535959422588348 0.627625584602356 10.43427562713623
1432915088672 0 -0.19613298773765564 0.627625584602356 10.43427562713623
1432915088773 0 -0.313812792301178 0.5883989930152893 10.473502159118652
1432915088873 0 -0.23535959422588348 0.627625584602356 10.512728691101074
1432915088973 0 -0.23535959422588348 0.627625584602356 10.355822563171387
1432915089073 0 -0.27458620071411133 0.5883989930152893 10.43427562713623
1432915089173 0 -0.27458620071411133 0.5883989930152893 10.512728691101074
1432915089273 0 -0.27458620071411133 0.5883989930152893 10.395049095153809
1432915089373 0 -0.27458620071411133 0.5883989930152893 10.43427562713623
1432915089473 0 -0.27458620071411133 0.627625584602356 10.43427562713623
1432915089573 0 -0.19613298773765564 0.6668521761894226 10.43427562713623
1432915089673 0 -0.19613298773765564 0.5883989930152893 10.43427562713623
1432915089774 0 -0.23535959422588348 0.5883989930152893 10.43427562713623
1432915089874 0 -0.23535959422588348 0.5883989930152893 10.43427562713623
1432915089974 0 -0.19613298773765564 0.627625584602356 10.395049095153809
1432915090075 0 -0.23535959422588348 0.627625584602356 10.473502159118652
1432915090175 0 -0.313812792301178 0.6668521761894226 10.277368545532227
1432915090275 0 -0.19613298773765564 0.5491724014282227 10.395049095153809
1432915090376 0 -0.23535959422588348 0.5883989930152893 10.238142013549805
1432915090476 0 -0.23535959422588348 0.5883989930152893 10.395049095153809
1432915090576 0 -0.35303938388824463 0.627625584602356 10.473502159118652
1432915090677 0 -0.27458620071411133 0.7060787677764893 10.355822563171387
1432915090777 0 -0.19613298773765564 0.5491724014282227 10.355822563171387
1432915090878 0 -0.313812792301178 0.5491724014282227 10.43427562713623
1432915090978 0 -0.23535959422588348 0.627625584602356 10.43427562713623
1432915091078 0 -0.27458620071411133 0.509945809841156 10.395049095153809
1432915091178 0 -0.27458620071411133 0.5491724014282227 10.355822563171387
1432915091278 0 -0.313812792301178 0.627625584602356 10.355822563171387
1432915091378 0 -0.23535959422588348 0.6668521761894226 10.395049095153809
1432915091478 0 -0.23535959422588348 0.5883989930152893 10.316595077514648
1432915091578 0 -0.19613298773765564 0.5883989930152893 10.355822563171387
1432915091679 0 -0.23535959422588348 0.5883989930152893 10.43427562713623
1432915091779 0 -0.27458620071411133 0.5883989930152893 10.473502159118652
1432915091880 0 -0.19613298773765564 0.5491724014282227 10.395049095153809
1432915091980 0 -0.23535959422588348 0.5883989930152893 10.43427562713623
1432915092080 0 -0.27458620071411133 0.5491724014282227 10.198915481567383
1432915092181 0 -0.19613298773765564 0.627625584602356 10.512728691101074
1432915092281 0 -0.313812792301178 0.627625584602356 10.43427562713623
1432915092381 0 -0.19613298773765564 0.627625584602356 10.512728691101074
1432915092482 0 -0.35303938388824463 0.5491724014282227 10.473502159118652
1432915092581 0 -0.23535959422588348 0.5883989930152893 10.43427562713623
1432915092681 0 -0.23535959422588348 0.5883989930152893 10.355822563171387
1432915092781 0 -0.19613298773765564 0.5491724014282227 10.355822563171387
1432915092881 0 -0.27458620071411133 0.627625584602356 10.43427562713623
1432915092981 0 -0.23535959422588348 0.5491724014282227 10.395049095153809
1432915093081 0 -0.27458620071411133 0.6668521761894226 10.355822563171387
1432915093182 0 -0.23535959422588348 0.6668521761894226 10.355822563171387
1432915093282 0 -0.313812792301178 0.5883989930152893 10.43427562713623
1432915093382 0 -0.23535959422588348 0.627625584602356 10.473502159118652
1432915093483 0 -0.23535959422588348 0.5491724014282227 10.355822563171387
1432915093584 0 -0.19613298773765564 0.5883989930152893 10.395049095153809
1432915093684 0 -0.23535959422588348 0.5883989930152893 10.473502159118652
1432915093784 0 -0.23535959422588348 0.5883989930152893 10.43427562713623
1432915093884 0 -0.313812792301178 0.627625584602356 10.355822563171387
1432915093984 0 -0.23535959422588348 0.5883989930152893 10.473502159118652
1432915094084 0 -0.313812792301178 0.5883989930152893 10.355822563171387
1432915094185 0 -0.23535959422588348 0.627625584602356 10.473502159118652
1432915094285 0 -0.156906396150589 0.5491724014282227 10.43427562713623
1432915094385 0 -0.27458620071411133 0.627625584602356 10.43427562713623
1432915094486 0 -0.27458620071411133 0.6668521761894226 10.473502159118652
1432915094586 0 -0.23535959422588348 0.627625584602356 10.43427562713623
1432915094686 0 -0.19613298773765564 0.627625584602356 10.395049095153809
1432915094786 0 -0.23535959422588348 0.627625584602356 10.512728691101074
1432915094886 0 -0.23535959422588348 0.509945809841156 10.395049095153809
1432915094986 0 -0.23535959422588348 0.6668521761894226 10.43427562713623
1432915095086 0 -0.27458620071411133 0.5883989930152893 10.395049095153809
1432915095187 0 -0.27458620071411133 0.627625584602356 10.512728691101074
1432915095287 0 -0.313812792301178 0.5491724014282227 10.473502159118652
1432915095387 0 -0.19613298773765564 0.5883989930152893 10.512728691101074
1432915095488 0 -0.23535959422588348 0.627625584602356 10.395049095153809
1432915095588 0 -0.23535959422588348 0.7060787677764893 10.473502159118652
1432915095688 0 -0.27458620071411133 0.5883989930152893 10.43427562713623
1432915095788 0 -0.23535959422588348 0.627625584602356 10.43427562713623
1432915095888 0 -0.27458620071411133 0.5883989930152893 10.355822563171387
1432915095989 0 -0.27458620071411133 0.7060787677764893 10.395049095153809
1432915096089 0 -0.23535959422588348 0.627625584602356 10.473502159118652
1432915096189 0 -0.23535959422588348 0.5883989930152893 10.316595077514648
1432915096290 0 -0.23535959422588348 0.627625584602356 10.395049095153809
1432915096390 0 -0.27458620071411133 0.627625584602356 10.355822563171387
1432915096490 0 -0.23535959422588348 0.5883989930152893 10.43427562713623
1432915096591 0 -0.27458620071411133 0.627625584602356 10.43427562713623
1432915096691 0 -0.23535959422588348 0.5883989930152893 10.395049095153809
1432915096791 0 -0.27458620071411133 0.5491724014282227 10.395049095153809
1432915096891 0 -0.19613298773765564 0.627625584602356 10.43427562713623
1432915096991 0 -0.19613298773765564 0.627625584602356 10.473502159118652
1432915097091 0 -0.313812792301178 0.6668521761894226 10.395049095153809
1432915097191 0 -0.27458620071411133 0.6668521761894226 10.395049095153809
1432915097292 0 -0.23535959422588348 0.5883989930152893 10.395049095153809
1432915097392 0 -0.313812792301178 0.6668521761894226 10.43427562713623
1432915097492 0 -0.23535959422588348 0.627625584602356 10.473502159118652
1432915097593 0 -0.19613298773765564 0.6668521761894226 10.395049095153809
1432915097696 0 -0.19613298773765564 0.627625584602356 10.395049095153809
1432915097795 0 -0.156906396150589 0.5491724014282227 10.395049095153809
1432915097895 0 -0.313812792301178 0.6668521761894226 10.355822563171387
1432915097995 0 -0.23535959422588348 0.6668521761894226 10.512728691101074
1432915098095 0 -0.19613298773765564 0.5883989930152893 10.43427562713623
1432915098195 0 -0.23535959422588348 0.627625584602356 10.355822563171387
1432915098295 0 -0.27458620071411133 0.5883989930152893 10.43427562713623
1432915098395 0 -0.23535959422588348 0.6668521761894226 10.43427562713623
1432915098496 0 -0.23535959422588348 0.627625584602356 10.473502159118652
1432915098596 0 -0.27458620071411133 0.5491724014282227 10.355822563171387
1432915098696 0 -0.19613298773765564 0.627625584602356 10.43427562713623
1432915098796 0 -0.27458620071411133 0.627625584602356 10.43427562713623
1432915098896 0 -0.27458620071411133 0.509945809841156 10.512728691101074
1432915098996 0 -0.313812792301178 0.5883989930152893 10.395049095153809
1432915099096 0 -0.27458620071411133 0.5883989930152893 10.43427562713623
1432915099196 0 -0.27458620071411133 0.5883989930152893 10.395049095153809
1432915099296 0 -0.27458620071411133 0.627625584602356 10.395049095153809
1432915099397 0 -0.23535959422588348 0.5883989930152893 10.355822563171387
1432915099497 0 -0.27458620071411133 0.6668521761894226 10.43427562713623
1432915099597 0 -0.313812792301178 0.5491724014282227 10.395049095153809
1432915099698 0 -0.23535959422588348 0.5491724014282227 10.473502159118652
1432915099798 0 -0.313812792301178 0.5491724014282227 10.473502159118652
1432915099898 0 -0.27458620071411133 0.627625584602356 10.395049095153809
1432915099999 0 -0.27458620071411133 0.5883989930152893 10.355822563171387
1432915100099 0 -0.23535959422588348 0.5883989930152893 10.43427562713623
1432915100199 0 -0.23535959422588348 0.5883989930152893 10.43427562713623
1432915100300 0 -0.23535959422588348 0.5883989930152893 10.316595077514648
1432915100400 0 -0.27458620071411133 0.5883989930152893 10.43427562713623
1432915100500 0 -0.313812792301178 0.5883989930152893 10.395049095153809
1432915100601 0 -0.23535959422588348 0.627625584602356 10.395049095153809
1432915100701 0 -0.23535959422588348 0.5491724014282227 10.43427562713623
1432915100801 0 -0.27458620071411133 0.5883989930152893 10.395049095153809
1432915100902 0 -0.19613298773765564 0.5491724014282227 10.395049095153809
1432915101002 0 -0.27458620071411133 0.5883989930152893 10.43427562713623
1432915101102 0 -0.27458620071411133 0.5883989930152893 10.355822563171387
1432915101203 0 -0.23535959422588348 0.627625584602356 10.43427562713623
1432915101303 0 -0.19613298773765564 0.627625584602356 10.355822563171387
1432915101403 0 -0.19613298773765564 0.627625584602356 10.355822563171387
1432915101504 0 -0.27458620071411133 0.5883989930152893 10.395049095153809
1432915101604 0 -0.19613298773765564 0.6668521761894226 10.395049095153809
1432915101704 0 -0.19613298773765564 0.627625584602356 10.316595077514648
1432915101804 0 -0.27458620071411133 0.627625584602356 10.43427562713623
1432915101904 0 -0.27458620071411133 0.627625584602356 10.355822563171387
1432915102005 0 -0.313812792301178 0.5883989930152893 10.395049095153809
1432915102105 0 -0.27458620071411133 0.627625584602356 10.473502159118652
1432915102205 0 -0.27458620071411133 0.627625584602356 10.395049095153809
1432915102306 0 -0.23535959422588348 0.627625584602356 10.355822563171387
1432915102406 0 -0.19613298773765564 0.5491724014282227 10.43427562713623
1432915102506 0 -0.23535959422588348 0.627625584602356 10.43427562713623
1432915102607 0 -0.27458620071411133 0.5491724014282227 10.395049095153809
1432915102707 0 -0.19613298773765564 0.5883989930152893 10.355822563171387
1432915102808 0 -0.23535959422588348 0.627625584602356 10.355822563171387
1432915102908 0 -0.313812792301178 0.5883989930152893 10.316595077514648
1432915103008 0 -0.19613298773765564 0.5491724014282227 10.473502159118652
1432915103109 0 -0.23535959422588348 0.627625584602356 10.395049095153809
1432915103209 0 -0.23535959422588348 0.5491724014282227 10.395049095153809
1432915103309 0 -0.23535959422588348 0.5491724014282227 10.395049095153809
1432915103409 0 -0.19613298773765564 0.5491724014282227 10.395049095153809
1432915103509 0 -0.23535959422588348 0.5883989930152893 10.277368545532227
1432915103609 0 -0.19613298773765564 0.627625584602356 10.355822563171387
1432915103709 0 -0.23535959422588348 0.627625584602356 10.43427562713623
1432915103810 0 -0.23535959422588348 0.5491724014282227 10.395049095153809
1432915103910 0 -0.35303938388824463 0.5883989930152893 10.473502159118652
1432915104010 0 -0.313812792301178 0.6668521761894226 10.395049095153809
1432915104111 0 -0.23535959422588348 0.5883989930152893 10.355822563171387
1432915104211 0 -0.23535959422588348 0.5883989930152893 10.43427562713623
1432915104311 0 -0.27458620071411133 0.5491724014282227 10.355822563171387
1432915104412 0 -0.19613298773765564 0.627625584602356 10.551955223083496
1432915104512 0 -0.23535959422588348 0.7060787677764893 10.355822563171387
1432915104612 0 -0.27458620071411133 0.5883989930152893 10.395049095153809
1432915104712 0 -0.313812792301178 0.627625584602356 10.43427562713623
1432915104812 0 -0.313812792301178 0.7060787677764893 10.512728691101074
1432915104912 0 -0.19613298773765564 0.5883989930152893 10.277368545532227
1432915105012 0 -0.313812792301178 0.627625584602356 10.395049095153809
1432915105113 0 -0.23535959422588348 0.5491724014282227 10.316595077514648
1432915105213 0 -0.23535959422588348 0.5883989930152893 10.355822563171387
1432915105313 0 -0.23535959422588348 0.509945809841156 10.43427562713623
1432915105413 0 -0.27458620071411133 0.627625584602356 10.355822563171387
1432915105513 0 -0.19613298773765564 0.627625584602356 10.43427562713623
1432915105613 0 -0.23535959422588348 0.7060787677764893 10.395049095153809
1432915105713 0 -0.23535959422588348 0.5491724014282227 10.355822563171387
1432915105813 0 -0.27458620071411133 0.5883989930152893 10.43427562713623
1432915105913 0 -0.27458620071411133 0.5491724014282227 10.355822563171387
1432915106013 0 -0.313812792301178 0.5491724014282227 10.43427562713623
1432915106113 0 -0.23535959422588348 0.5883989930152893 10.43427562713623
1432915106214 0 -0.23535959422588348 0.5491724014282227 10.277368545532227
1432915106314 0 -0.23535959422588348 0.5883989930152893 10.43427562713623
1432915106415 0 -0.27458620071411133 0.6668521761894226 10.473502159118652
1432915106516 0 -0.19613298773765564 0.627625584602356 10.43427562713623
1432915106617 0 -0.23535959422588348 0.627625584602356 10.355822563171387
1432915106717 0 -0.19613298773765564 0.627625584602356 10.43427562713623
1432915106818 0 -0.23535959422588348 0.5883989930152893 10.395049095153809
1432915106918 0 -0.19613298773765564 0.627625584602356 10.473502159118652
1432915107018 0 -0.27458620071411133 0.5883989930152893 10.43427562713623
1432915107119 0 -0.27458620071411133 0.5491724014282227 10.395049095153809
1432915107219 0 -0.19613298773765564 0.627625584602356 10.43427562713623
1432915107319 0 -0.23535959422588348 0.5883989930152893 10.355822563171387
1432915107419 0 -0.27458620071411133 0.5883989930152893 10.355822563171387
1432915107519 0 -0.23535959422588348 0.627625584602356 10.395049095153809
1432915107620 0 -0.313812792301178 0.5491724014282227 10.395049095153809
1432915107719 0 -0.313812792301178 0.5883989930152893 10.43427562713623
1432915107820 0 -0.27458620071411133 0.6668521761894226 10.395049095153809
1432915107920 0 -0.23535959422588348 0.5883989930152893 10.473502159118652
1432915108020 0 -0.27458620071411133 0.627625584602356 10.43427562713623
1432915108121 0 -0.27458620071411133 0.5883989930152893 10.473502159118652
1432915108221 0 -0.27458620071411133 0.627625584602356 10.395049095153809
1432915108321 0 -0.27458620071411133 0.627625584602356 10.43427562713623
1432915108422 0 -0.19613298773765564 0.5883989930152893 10.395049095153809
1432915108522 0 -0.313812792301178 0.627625584602356 10.63040828704834
1432915108623 0 -0.313812792301178 0.5883989930152893 10.43427562713623
1432915108724 0 -0.27458620071411133 0.5883989930152893 10.238142013549805
1432915108824 0 -0.23535959422588348 0.509945809841156 10.355822563171387
1432915108924 0 -0.19613298773765564 0.509945809841156 10.473502159118652
1432915109025 0 -0.23535959422588348 0.5491724014282227 10.512728691101074
1432915109125 0 -0.27458620071411133 0.5883989930152893 10.355822563171387
1432915109225 0 -0.313812792301178 0.5491724014282227 10.473502159118652
1432915109325 0 -0.27458620071411133 0.5883989930152893 10.512728691101074
1432915109425 0 -0.23535959422588348 0.5491724014282227 10.473502159118652
1432915109525 0 -0.35303938388824463 0.627625584602356 10.355822563171387
1432915109626 0 -0.19613298773765564 0.627625584602356 10.395049095153809
1432915109727 0 -0.19613298773765564 0.5883989930152893 10.395049095153809
1432915109827 0 -0.19613298773765564 0.627625584602356 10.395049095153809
1432915109927 0 -0.23535959422588348 0.509945809841156 10.473502159118652
1432915110028 0 -0.313812792301178 0.5491724014282227 10.277368545532227
1432915110128 0 -0.23535959422588348 0.627625584602356 10.395049095153809
1432915110229 0 -0.27458620071411133 0.5883989930152893 10.395049095153809
1432915110329 0 -0.27458620071411133 0.627625584602356 10.43427562713623
1432915110429 0 -0.27458620071411133 0.627625584602356 10.355822563171387
1432915110530 0 -0.23535959422588348 0.509945809841156 10.43427562713623
1432915110630 0 -0.23535959422588348 0.627625584602356 10.473502159118652
1432915110730 0 -0.27458620071411133 0.627625584602356 10.43427562713623
1432915110830 0 -0.23535959422588348 0.509945809841156 10.355822563171387
1432915110930 0 -0.313812792301178 0.5883989930152893 10.395049095153809
1432915111030 0 -0.3922659754753113 0.5491724014282227 10.473502159118652
1432915111130 0 -0.27458620071411133 0.5491724014282227 10.395049095153809
1432915111231 0 -0.27458620071411133 0.627625584602356 10.473502159118652
1432915111331 0 -0.23535959422588348 0.5883989930152893 10.355822563171387
1432915111431 0 -0.23535959422588348 0.5491724014282227 10.473502159118652
1432915111532 0 -0.23535959422588348 0.5883989930152893 10.43427562713623
1432915111633 0 -0.27458620071411133 0.5883989930152893 10.43427562713623
1432915111734 0 -0.19613298773765564 0.509945809841156 10.355822563171387
1432915111834 0 -0.23535959422588348 0.5883989930152893 10.473502159118652
1432915111934 0 -0.27458620071411133 0.627625584602356 10.395049095153809
1432915112035 0 -0.27458620071411133 0.627625584602356 10.43427562713623
1432915112135 0 -0.23535959422588348 0.627625584602356 10.473502159118652
1432915112235 0 -0.27458620071411133 0.5883989930152893 10.316595077514648
1432915112336 0 -0.23535959422588348 0.5883989930152893 10.43427562713623
1432915112436 0 -0.19613298773765564 0.5883989930152893 10.355822563171387
1432915112536 0 -0.23535959422588348 0.627625584602356 10.512728691101074
1432915112636 0 -0.27458620071411133 0.5491724014282227 10.395049095153809
1432915112736 0 -0.27458620071411133 0.5491724014282227 10.395049095153809
1432915112837 0 -0.23535959422588348 0.627625584602356 10.395049095153809
1432915112937 0 -0.27458620071411133 0.5883989930152893 10.43427562713623
1432915113037 0 -0.19613298773765564 0.5883989930152893 10.395049095153809
1432915113137 0 -0.313812792301178 0.509945809841156 10.43427562713623
1432915113237 0 -0.35303938388824463 0.5883989930152893 10.512728691101074
1432915113337 0 -0.19613298773765564 0.627625584602356 10.316595077514648
1432915113437 0 -0.23535959422588348 0.5883989930152893 10.43427562713623
1432915113537 0 -0.27458620071411133 0.5883989930152893 10.395049095153809
1432915113637 0 -0.23535959422588348 0.627625584602356 10.395049095153809
1432915113737 0 -0.313812792301178 0.5883989930152893 10.355822563171387
1432915113837 0 -0.27458620071411133 0.627625584602356 10.395049095153809
1432915113937 0 -0.27458620071411133 0.6668521761894226 10.473502159118652
1432915114037 0 -0.27458620071411133 0.5883989930152893 10.43427562713623
1432915114137 0 -0.23535959422588348 0.5491724014282227 10.43427562713623
1432915114238 0 -0.27458620071411133 0.627625584602356 10.355822563171387
1432915114338 0 -0.313812792301178 0.5883989930152893 10.395049095153809
1432915114438 0 -0.23535959422588348 0.5883989930152893 10.355822563171387
1432915114539 0 -0.27458620071411133 0.5883989930152893 10.355822563171387
1432915114639 0 -0.313812792301178 0.5883989930152893 10.355822563171387
1432915114739 0 -0.27458620071411133 0.5491724014282227 10.43427562713623
1432915114840 0 -0.27458620071411133 0.5883989930152893 10.355822563171387
1432915114940 0 -0.27458620071411133 0.5491724014282227 10.395049095153809
1432915115040 0 -0.313812792301178 0.5491724014282227 10.473502159118652
1432915115141 0 -0.19613298773765564 0.5491724014282227 10.395049095153809
1432915115241 0 -0.23535959422588348 0.627625584602356 10.395049095153809
1432915115341 0 -0.27458620071411133 0.5883989930152893 10.43427562713623
1432915115441 0 -0.27458620071411133 0.6668521761894226 10.395049095153809
1432915115541 0 -0.23535959422588348 0.627625584602356 10.355822563171387
1432915115641 0 -0.23535959422588348 0.5491724014282227 10.395049095153809
1432915115741 0 -0.27458620071411133 0.5883989930152893 10.355822563171387
1432915115842 0 -0.19613298773765564 0.627625584602356 10.43427562713623
1432915115942 0 -0.23535959422588348 0.5883989930152893 10.43427562713623
1432915116042 0 -0.27458620071411133 0.509945809841156 10.355822563171387
1432915116143 0 -0.27458620071411133 0.5491724014282227 10.355822563171387
1432915116243 0 -0.27458620071411133 0.5883989930152893 10.316595077514648
1432915116343 0 -0.313812792301178 0.5491724014282227 10.43427562713623
1432915116443 0 -0.23535959422588348 0.5491724014282227 10.355822563171387
1432915116543 0 -0.27458620071411133 0.5883989930152893 10.473502159118652
