1433025130676 0 13.0
1433025130828 1 19.0
1433025130776 0 13.0
1433025130927 1 19.0
1433025130876 0 13.0
1433025131028 1 19.0
1433025130977 0 13.0
1433025131130 1 19.0
1433025131078 0 13.0
1433025131232 1 19.0
1433025131178 0 13.0
1433025131332 1 19.0
1433025131278 0 13.0
1433025131433 1 19.0
1433025131534 1 19.0
1433025131636 1 19.0
1433025131737 1 19.0
1433025131378 0 13.0
1433025131478 0 13.0
1433025131578 0 13.0
1433025131679 0 13.0
1433025131780 0 13.0
1433025131880 0 13.0
1433025131980 0 13.0
1433025131838 1 19.0
1433025131939 1 19.0
1433025132041 1 19.0
1433025132142 1 19.0
1433025132242 1 19.0
1433025132081 0 13.0
1433025132182 0 13.0
1433025132282 0 13.0
1433025132382 0 13.0
1433025132482 0 13.0
1433025132343 1 19.0
1433025132445 1 19.0
1433025132546 1 19.0
1433025132583 0 13.0
1433025132682 0 13.0
1433025132782 0 13.0
1433025132883 0 13.0
1433025132982 0 13.0
1433025133082 0 13.0
1433025132647 1 19.0
1433025132748 1 19.0
1433025132850 1 19.0
1433025132951 1 19.0
1433025133053 1 19.0
1433025133183 0 13.0
1433025133284 0 13.0
1433025133385 0 13.0
1433025133485 0 13.0
1433025133586 0 13.0
1433025133686 0 13.0
1433025133153 1 19.0
1433025133254 1 19.0
1433025133356 1 19.0
1433025133457 1 19.0
1433025133558 1 19.0
1433025133659 1 19.0
1433025133759 1 19.0
1433025133861 1 19.0
1433025133962 1 19.0
1433025134062 1 19.0
1433025134163 1 19.0
1433025134263 1 19.0
1433025133787 0 13.0
1433025133887 0 13.0
1433025133988 0 13.0
1433025134088 0 13.0
1433025134188 0 13.0
1433025134288 0 13.0
1433025134364 1 19.0
1433025134466 1 19.0
1433025134567 1 19.0
1433025134669 1 19.0
1433025134770 1 19.0
1433025134871 1 19.0
1433025134972 1 19.0
1433025134388 0 13.0
1433025134488 0 13.0
1433025134588 0 13.0
1433025134689 0 13.0
1433025134789 0 13.0
1433025134889 0 13.0
1433025134990 0 13.0
1433025135090 0 13.0
1433025135190 0 13.0
1433025135291 0 13.0
1433025135391 0 13.0
1433025135491 0 13.0
1433025135591 0 13.0
1433025135073 1 19.0
1433025135175 1 19.0
1433025135277 1 19.0
1433025135379 1 19.0
1433025135481 1 19.0
1433025135582 1 19.0
1433025135683 1 19.0
1433025135692 0 13.0
1433025135792 0 13.0
1433025135892 0 13.0
1433025135992 0 13.0
1433025136095 0 13.0
1433025136196 0 13.0
1433025135784 1 19.0
1433025135886 1 19.0
1433025135987 1 19.0
1433025136089 1 19.0
1433025136191 1 19.0
1433025136291 1 19.0
1433025136393 1 19.0
1433025136494 1 19.0
1433025136595 1 19.0
1433025136696 1 19.0
1433025136797 1 19.0
1433025136897 1 19.0
1433025136997 1 19.0
1433025137097 1 19.0
1433025136295 0 13.0
1433025136395 0 13.0
1433025136497 0 13.0
1433025136595 0 13.0
1433025136696 0 13.0
1433025136796 0 13.0
1433025136897 0 13.0
1433025136997 0 13.0
1433025137098 0 13.0
1433025137199 0 13.0
1433025137299 0 13.0
1433025137399 0 13.0
1433025137500 0 13.0
1433025137601 0 13.0
1433025137701 0 13.0
1433025137197 1 19.0
1433025137298 1 19.0
1433025137398 1 19.0
1433025137499 1 19.0
1433025137600 1 19.0
1433025137700 1 19.0
1433025137800 1 19.0
1433025137801 0 13.0
1433025137902 0 13.0
1433025138002 0 13.0
1433025138102 0 13.0
1433025138202 0 13.0
1433025138303 0 13.0
1433025137901 1 19.0
1433025138003 1 19.0
1433025138104 1 19.0
1433025138206 1 19.0
1433025138307 1 19.0
1433025138408 1 19.0
1433025138404 0 13.0
1433025138505 0 13.0
1433025138604 0 13.0
1433025138704 0 13.0
1433025138804 0 13.0
1433025138904 0 13.0
1433025139004 0 13.0
1433025138510 1 19.0
1433025138611 1 19.0
1433025138712 1 19.0
1433025138813 1 5.0
1433025138914 1 4.0
1433025139016 1 5.0
1433025139106 0 13.0
1433025139206 0 13.0
1433025139306 0 13.0
1433025139406 0 13.0
1433025139507 0 13.0
1433025139607 0 13.0
1433025139116 1 4.0
1433025139218 1 3.0
1433025139318 1 3.0
1433025139418 1 3.0
1433025139518 1 4.0
1433025139620 1 5.0
1433025139721 1 6.0
1433025139823 1 6.0
1433025139925 1 6.0
1433025139707 0 13.0
1433025139807 0 13.0
1433025139908 0 13.0
1433025140008 0 13.0
1433025140108 0 13.0
1433025140208 0 13.0
1433025140309 0 13.0
1433025140410 0 13.0
1433025140510 0 13.0
1433025140026 1 6.0
1433025140128 1 5.0
1433025140230 1 5.0
1433025140331 1 5.0
1433025140432 1 5.0
1433025140533 1 5.0
1433025140610 0 13.0
1433025140711 0 13.0
1433025140811 0 13.0
1433025140911 0 13.0
1433025141012 0 13.0
1433025141112 0 13.0
1433025140634 1 5.0
1433025140735 1 4.0
1433025140836 1 6.0
1433025140937 1 6.0
1433025141039 1 6.0
1433025141141 1 6.0
1433025141213 0 13.0
1433025141313 0 13.0
1433025141413 0 13.0
1433025141514 0 13.0
1433025141613 0 13.0
1433025141713 0 13.0
1433025141243 1 6.0
1433025141345 1 5.0
1433025141446 1 5.0
1433025141547 1 5.0
1433025141649 1 5.0
1433025141751 1 5.0
1433025141814 0 13.0
1433025141914 0 13.0
1433025142014 0 13.0
1433025142114 0 13.0
1433025142214 0 13.0
1433025141853 1 6.0
1433025141955 1 6.0
1433025142057 1 6.0
1433025142159 1 6.0
1433025142261 1 6.0
1433025142314 0 13.0
1433025142415 0 13.0
1433025142515 0 13.0
1433025142616 0 13.0
1433025142716 0 13.0
1433025142816 0 13.0
1433025142916 0 13.0
1433025143016 0 13.0
1433025143118 0 13.0
1433025143218 0 13.0
1433025143318 0 13.0
1433025143418 0 9.0
1433025143518 0 11.0
1433025143618 0 7.0
1433025143718 0 6.0
1433025143818 0 6.0
1433025143919 0 5.0
1433025144019 0 6.0
1433025144120 0 6.0
1433025142362 1 6.0
1433025142464 1 6.0
1433025142566 1 6.0
1433025142668 1 6.0
1433025142769 1 6.0
1433025142871 1 6.0
1433025142972 1 6.0
1433025143073 1 6.0
1433025143175 1 6.0
1433025143277 1 6.0
1433025143378 1 6.0
1433025143480 1 7.0
1433025143581 1 7.0
1433025143682 1 6.0
1433025143782 1 10.0
1433025143884 1 19.0
1433025143986 1 19.0
1433025144087 1 19.0
1433025144220 0 6.0
1433025144320 0 6.0
1433025144420 0 6.0
1433025144521 0 6.0
1433025144621 0 6.0
1433025144721 0 6.0
1433025144189 1 19.0
1433025144290 1 19.0
1433025144391 1 19.0
1433025144492 1 19.0
1433025144592 1 19.0
1433025144692 1 19.0
1433025144793 1 19.0
1433025144894 1 19.0
1433025144822 0 6.0
1433025144922 0 6.0
1433025145023 0 8.0
1433025145123 0 8.0
1433025145223 0 8.0
1433025145324 0 8.0
1433025144996 1 19.0
1433025145098 1 19.0
1433025145198 1 19.0
1433025145299 1 19.0
1433025145401 1 19.0
1433025145424 0 8.0
1433025145524 0 8.0
1433025145624 0 8.0
1433025145724 0 8.0
1433025145824 0 8.0
1433025145924 0 8.0
1433025146025 0 8.0
1433025145502 1 19.0
1433025145602 1 19.0
1433025145703 1 19.0
1433025145805 1 19.0
1433025145907 1 19.0
1433025146008 1 19.0
1433025146109 1 19.0
1433025146210 1 19.0
1433025146126 0 8.0
1433025146226 0 8.0
1433025146326 0 8.0
1433025146426 0 8.0
1433025146311 1 19.0
1433025146412 1 19.0
1433025146514 1 19.0
1433025146526 0 8.0
1433025146627 0 8.0
1433025146615 1 19.0
1433025146728 0 8.0
1433025146716 1 19.0
1433025146818 1 19.0
1433025146827 0 8.0
1433025146918 1 19.0
1433025146927 0 8.0
1433025147021 1 19.0
1433025147027 0 8.0
1433025147128 0 8.0
1433025147122 1 19.0
1433025147228 0 8.0
1433025147329 0 9.0
1433025147224 1 19.0
1433025147325 1 19.0
1433025147426 1 19.0
1433025147430 0 9.0
1433025147530 0 9.0
1433025147631 0 9.0
1433025147527 1 19.0
1433025147628 1 19.0
1433025147729 1 19.0
1433025147731 0 9.0
1433025147831 0 9.0
1433025147931 0 9.0
1433025147831 1 19.0
1433025147933 1 19.0
1433025148033 1 19.0
1433025148133 1 19.0
1433025148032 0 9.0
1433025148132 0 9.0
1433025148233 0 9.0
1433025148234 1 19.0
1433025148336 1 19.0
1433025148438 1 19.0
1433025148540 1 19.0
1433025148333 0 9.0
1433025148433 0 9.0
1433025148533 0 9.0
1433025148633 0 9.0
1433025148643 1 19.0
1433025148734 0 9.0
1433025148743 1 19.0
1433025148845 1 19.0
1433025148834 0 9.0
1433025148934 0 10.0
1433025149034 0 10.0
1433025148946 1 19.0
1433025149046 1 19.0
1433025149147 1 19.0
1433025149134 0 10.0
1433025149234 0 10.0
1433025149334 0 10.0
1433025149248 1 19.0
1433025149349 1 19.0
1433025149451 1 19.0
1433025149553 1 19.0
1433025149435 0 10.0
1433025149536 0 7.0
1433025149636 0 12.0
1433025149654 1 19.0
1433025149754 1 19.0
1433025149736 0 12.0
1433025149837 0 12.0
1433025149937 0 5.0
1433025150038 0 3.0
1433025150138 0 3.0
1433025150238 0 2.0
1433025149855 1 19.0
1433025149958 1 19.0
1433025150058 1 19.0
1433025150159 1 19.0
1433025150260 1 19.0
1433025150362 1 19.0
1433025150338 0 2.0
1433025150438 0 2.0
1433025150539 0 2.0
1433025150639 0 2.0
1433025150739 0 2.0
1433025150463 1 19.0
1433025150564 1 19.0
1433025150666 1 19.0
1433025150766 1 19.0
1433025150839 0 2.0
1433025150939 0 2.0
1433025151039 0 2.0
1433025150867 1 19.0
1433025150968 1 19.0
1433025151070 1 19.0
1433025151140 0 2.0
1433025151240 0 2.0
1433025151171 1 19.0
1433025151272 1 19.0
1433025151373 1 19.0
1433025151340 0 2.0
1433025151441 0 2.0
1433025151541 0 2.0
1433025151642 0 2.0
1433025151474 1 19.0
1433025151576 1 19.0
1433025151677 1 19.0
1433025151742 0 2.0
1433025151842 0 2.0
1433025151943 0 2.0
1433025151778 1 19.0
1433025151879 1 19.0
1433025151980 1 19.0
1433025152043 0 2.0
1433025152144 0 2.0
1433025152244 0 2.0
1433025152081 1 19.0
1433025152183 1 19.0
1433025152285 1 19.0
1433025152386 1 19.0
1433025152486 1 19.0
1433025152587 1 19.0
1433025152345 0 2.0
1433025152445 0 2.0
1433025152545 0 2.0
1433025152646 0 2.0
1433025152746 0 2.0
1433025152687 1 19.0
1433025152788 1 19.0
1433025152846 0 2.0
1433025152947 0 2.0
1433025153047 0 2.0
1433025152889 1 19.0
1433025152990 1 19.0
1433025153090 1 19.0
1433025153147 0 2.0
1433025153248 0 2.0
1433025153348 0 2.0
1433025153448 0 2.0
1433025153548 0 2.0
1433025153648 0 2.0
1433025153190 1 19.0
1433025153291 1 19.0
1433025153392 1 19.0
1433025153493 1 19.0
1433025153594 1 19.0
1433025153695 1 19.0
1433025153796 1 19.0
1433025153749 0 2.0
1433025153849 0 2.0
1433025153949 0 2.0
1433025154050 0 2.0
1433025154151 0 2.0
1433025153897 1 19.0
1433025153999 1 19.0
1433025154101 1 19.0
1433025154203 1 19.0
1433025154304 1 19.0
1433025154251 0 2.0
1433025154405 1 19.0
1433025154506 1 19.0
1433025154607 1 19.0
1433025154351 0 2.0
1433025154707 1 19.0
1433025154451 0 2.0
1433025154551 0 2.0
1433025154651 0 2.0
1433025154752 0 2.0
1433025154853 0 2.0
1433025154953 0 2.0
1433025155054 0 2.0
1433025155154 0 2.0
1433025155254 0 2.0
1433025155354 0 2.0
1433025155454 0 2.0
1433025155555 0 2.0
1433025155655 0 2.0
1433025155755 0 2.0
1433025155855 0 2.0
1433025155955 0 2.0
1433025156056 0 2.0
1433025156156 0 2.0
1433025156257 0 2.0
1433025156356 0 2.0
1433025156456 0 2.0
1433025156557 0 2.0
1433025154808 1 19.0
1433025154910 1 19.0
1433025155012 1 19.0
1433025155112 1 19.0
1433025155213 1 19.0
1433025155314 1 19.0
1433025155414 1 19.0
1433025155515 1 19.0
1433025155616 1 19.0
1433025155717 1 19.0
1433025155819 1 19.0
1433025155918 1 19.0
1433025156018 1 19.0
1433025156119 1 19.0
1433025156220 1 19.0
1433025156320 1 19.0
1433025156421 1 19.0
1433025156523 1 19.0
1433025156625 1 19.0
1433025156658 0 2.0
1433025156759 0 2.0
1433025156858 0 2.0
1433025156727 1 19.0
1433025156829 1 19.0
1433025156931 1 19.0
1433025157031 1 19.0
1433025157131 1 19.0
1433025156959 0 2.0
1433025157059 0 2.0
1433025157160 0 2.0
1433025157260 0 2.0
1433025157360 0 2.0
1433025157460 0 2.0
1433025157232 1 19.0
1433025157332 1 19.0
1433025157432 1 19.0
1433025157532 1 19.0
1433025157633 1 19.0
1433025157734 1 19.0
1433025157560 0 2.0
1433025157660 0 2.0
1433025157760 0 2.0
1433025157860 0 2.0
1433025157961 0 2.0
1433025157836 1 19.0
1433025157937 1 19.0
1433025158061 0 2.0
1433025158161 0 2.0
1433025158262 0 2.0
1433025158037 1 19.0
1433025158138 1 19.0
1433025158240 1 19.0
1433025158362 0 2.0
1433025158462 0 2.0
1433025158563 0 2.0
1433025158340 1 19.0
1433025158441 1 19.0
1433025158541 1 19.0
1433025158641 1 19.0
1433025158741 1 19.0
1433025158664 0 2.0
1433025158765 0 2.0
1433025158866 0 2.0
1433025158843 1 19.0
1433025158944 1 19.0
1433025158965 0 2.0
1433025159065 0 2.0
1433025159166 0 2.0
1433025159267 0 2.0
1433025159367 0 9.0
1433025159467 0 12.0
1433025159046 1 19.0
1433025159146 1 19.0
1433025159247 1 19.0
1433025159347 1 19.0
1433025159448 1 19.0
1433025159548 1 19.0
1433025159567 0 12.0
1433025159668 0 11.0
1433025159769 0 11.0
1433025159869 0 11.0
1433025159969 0 12.0
1433025160069 0 12.0
1433025159649 1 19.0
1433025159750 1 19.0
1433025159850 1 19.0
1433025159952 1 19.0
1433025160053 1 19.0
1433025160154 1 19.0
1433025160169 0 12.0
1433025160269 0 12.0
1433025160369 0 12.0
1433025160469 0 12.0
1433025160569 0 12.0
1433025160669 0 14.0
1433025160769 0 14.0
1433025160255 1 19.0
1433025160357 1 19.0
1433025160458 1 19.0
1433025160559 1 19.0
1433025160661 1 19.0
1433025160761 1 19.0
1433025160862 1 19.0
1433025160869 0 14.0
1433025160970 0 14.0
1433025161069 0 14.0
1433025160963 1 19.0
1433025161064 1 19.0
1433025161165 1 19.0
1433025161266 1 19.0
1433025161169 0 14.0
1433025161269 0 14.0
1433025161370 0 14.0
1433025161470 0 14.0
1433025161367 1 19.0
1433025161469 1 19.0
1433025161570 1 19.0
1433025161570 0 14.0
1433025161671 0 14.0
1433025161772 0 14.0
1433025161671 1 19.0
1433025161772 1 19.0
1433025161873 1 19.0
1433025161974 1 19.0
1433025162074 1 19.0
1433025162174 1 19.0
1433025161872 0 14.0
1433025161972 0 14.0
1433025162072 0 14.0
1433025162173 0 14.0
1433025162274 0 14.0
1433025162374 0 14.0
1433025162274 1 19.0
1433025162376 1 19.0
1433025162477 1 19.0
1433025162474 0 14.0
1433025162574 0 14.0
1433025162675 0 14.0
1433025162577 1 19.0
1433025162679 1 19.0
1433025162780 1 19.0
1433025162774 0 14.0
1433025162874 0 14.0
1433025162974 0 14.0
1433025162881 1 19.0
1433025162982 1 19.0
1433025163083 1 19.0
1433025163184 1 19.0
1433025163284 1 19.0
1433025163385 1 19.0
1433025163074 0 14.0
1433025163175 0 14.0
1433025163275 0 14.0
1433025163375 0 14.0
1433025163476 0 14.0
1433025163486 1 19.0
1433025163586 1 19.0
1433025163686 1 19.0
1433025163576 0 14.0
1433025163676 0 14.0
1433025163776 0 14.0
1433025163877 0 14.0
1433025163787 1 19.0
1433025163888 1 19.0
1433025163989 1 19.0
1433025164089 1 19.0
1433025163977 0 14.0
1433025164077 0 14.0
1433025164190 1 19.0
1433025164177 0 14.0
1433025164277 0 14.0
1433025164291 1 19.0
1433025164392 1 19.0
1433025164377 0 14.0
1433025164477 0 14.0
1433025164577 0 14.0
1433025164491 1 19.0
1433025164592 1 19.0
1433025164692 1 19.0
