1433149826963 0 0.0784531980752945 -0.6668521761894226 10.551955223083496
1433149825008 1 0.0784531980752945 0.11767979711294174 10.238142013549805
1433149827064 0 0.156906396150589 -0.627625584602356 10.591181755065918
1433149825108 1 0.11767979711294174 0.19613298773765564 10.198915481567383
1433149827165 0 0.19613298773765564 -0.5883989930152893 10.473502159118652
1433149825208 1 0.11767979711294174 0.11767979711294174 10.355822563171387
1433149827267 0 0.156906396150589 -0.5883989930152893 10.591181755065918
1433149825308 1 0.11767979711294174 0.156906396150589 10.277368545532227
1433149827368 0 0.11767979711294174 -0.627625584602356 10.473502159118652
1433149825408 1 0.156906396150589 0.156906396150589 10.316595077514648
1433149827469 0 0.156906396150589 -0.627625584602356 10.512728691101074
1433149825508 1 0.156906396150589 0.0784531980752945 10.277368545532227
1433149827569 0 0.0784531980752945 -0.5883989930152893 10.551955223083496
1433149825608 1 0.156906396150589 -0.03922659903764725 10.159688949584961
1433149827669 0 0.156906396150589 -0.627625584602356 10.551955223083496
1433149825708 1 0.03922659903764725 0.19613298773765564 10.159688949584961
1433149827770 0 0.156906396150589 -0.5883989930152893 10.591181755065918
1433149825808 1 0.0784531980752945 -0.0 10.159688949584961
1433149827871 0 0.156906396150589 -0.5883989930152893 10.551955223083496
1433149825908 1 0.0784531980752945 -0.0 10.198915481567383
1433149827972 0 0.11767979711294174 -0.5491724014282227 10.591181755065918
1433149826009 1 0.11767979711294174 0.0784531980752945 10.316595077514648
1433149828072 0 0.0784531980752945 -0.5883989930152893 10.512728691101074
1433149826109 1 0.0784531980752945 0.03922659903764725 10.238142013549805
1433149828172 0 0.11767979711294174 -0.5883989930152893 10.591181755065918
1433149826210 1 0.0784531980752945 0.156906396150589 10.316595077514648
1433149828273 0 0.11767979711294174 -0.5491724014282227 10.551955223083496
1433149826312 1 0.11767979711294174 0.156906396150589 10.120462417602539
1433149828373 0 0.0784531980752945 -0.5883989930152893 10.43427562713623
1433149826412 1 0.11767979711294174 -0.0 10.198915481567383
1433149828474 0 0.11767979711294174 -0.6668521761894226 10.591181755065918
1433149826512 1 0.156906396150589 0.11767979711294174 10.277368545532227
1433149828575 0 0.19613298773765564 -0.5883989930152893 10.551955223083496
1433149826612 1 0.156906396150589 0.156906396150589 10.120462417602539
1433149828676 0 0.11767979711294174 -0.5883989930152893 10.512728691101074
1433149826712 1 0.0784531980752945 0.11767979711294174 10.238142013549805
1433149828776 0 0.156906396150589 -0.5883989930152893 10.551955223083496
1433149826813 1 0.11767979711294174 0.156906396150589 10.198915481567383
1433149828877 0 0.03922659903764725 -0.5491724014282227 10.591181755065918
1433149826913 1 0.03922659903764725 0.0784531980752945 10.198915481567383
1433149828978 0 0.11767979711294174 -0.5491724014282227 10.591181755065918
1433149827014 1 0.156906396150589 0.0784531980752945 10.198915481567383
1433149829079 0 0.11767979711294174 -0.5883989930152893 10.591181755065918
1433149827115 1 0.11767979711294174 0.11767979711294174 10.159688949584961
1433149829180 0 0.156906396150589 -0.5491724014282227 10.551955223083496
1433149827215 1 0.0784531980752945 0.11767979711294174 10.120462417602539
1433149829281 0 0.156906396150589 -0.5883989930152893 10.551955223083496
1433149827315 1 0.11767979711294174 0.11767979711294174 10.316595077514648
1433149827416 1 0.0784531980752945 0.0784531980752945 10.238142013549805
1433149829382 0 0.156906396150589 -0.627625584602356 10.512728691101074
1433149829483 0 0.11767979711294174 -0.5491724014282227 10.512728691101074
1433149827518 1 0.03922659903764725 0.11767979711294174 10.238142013549805
1433149827618 1 0.0784531980752945 0.23535959422588348 10.238142013549805
1433149829584 0 0.11767979711294174 -0.7060787677764893 10.43427562713623
1433149827719 1 -0.0 0.0784531980752945 10.198915481567383
1433149829685 0 0.156906396150589 -0.5883989930152893 10.551955223083496
1433149829787 0 0.0784531980752945 -0.627625584602356 10.512728691101074
1433149827820 1 0.0784531980752945 0.19613298773765564 10.316595077514648
1433149827921 1 0.19613298773765564 0.156906396150589 10.316595077514648
1433149829887 0 0.156906396150589 -0.5883989930152893 10.43427562713623
1433149828022 1 0.0784531980752945 0.03922659903764725 10.159688949584961
1433149829988 0 0.156906396150589 -0.627625584602356 10.551955223083496
1433149830089 0 0.156906396150589 -0.7060787677764893 10.551955223083496
1433149828122 1 0.19613298773765564 0.03922659903764725 10.159688949584961
1433149828222 1 -0.11767979711294174 0.11767979711294174 10.081235885620117
1433149830189 0 0.11767979711294174 -0.627625584602356 10.591181755065918
1433149828323 1 0.03922659903764725 0.03922659903764725 10.238142013549805
1433149830289 0 0.0784531980752945 -0.627625584602356 10.473502159118652
1433149828423 1 0.11767979711294174 0.19613298773765564 10.159688949584961
1433149830389 0 0.11767979711294174 -0.5883989930152893 10.591181755065918
1433149828524 1 0.0784531980752945 0.0784531980752945 10.277368545532227
1433149830489 0 0.156906396150589 -0.5883989930152893 10.551955223083496
1433149828626 1 0.156906396150589 0.11767979711294174 10.120462417602539
1433149830589 0 0.11767979711294174 -0.627625584602356 10.473502159118652
1433149828727 1 0.0784531980752945 0.0784531980752945 10.277368545532227
1433149830689 0 0.11767979711294174 -0.5883989930152893 10.43427562713623
1433149828828 1 0.156906396150589 0.156906396150589 10.238142013549805
1433149830790 0 0.156906396150589 -0.5883989930152893 10.591181755065918
1433149828928 1 -0.0 0.11767979711294174 10.238142013549805
1433149830889 0 0.11767979711294174 -0.5491724014282227 10.512728691101074
1433149829031 1 0.156906396150589 0.03922659903764725 10.238142013549805
1433149830989 0 0.03922659903764725 -0.5883989930152893 10.473502159118652
1433149829131 1 0.0784531980752945 0.11767979711294174 10.277368545532227
1433149831090 0 0.11767979711294174 -0.5883989930152893 10.591181755065918
1433149831191 0 0.0784531980752945 -0.5883989930152893 10.512728691101074
1433149829231 1 0.11767979711294174 0.11767979711294174 10.238142013549805
1433149831291 0 0.11767979711294174 -0.6668521761894226 10.512728691101074
1433149829333 1 0.0784531980752945 0.156906396150589 10.198915481567383
1433149831391 0 0.11767979711294174 -0.5883989930152893 10.43427562713623
1433149829435 1 0.156906396150589 0.03922659903764725 10.159688949584961
1433149831492 0 0.156906396150589 -0.627625584602356 10.551955223083496
1433149829536 1 0.11767979711294174 0.03922659903764725 10.159688949584961
1433149831592 0 0.156906396150589 -0.5883989930152893 10.591181755065918
1433149829637 1 0.156906396150589 0.0784531980752945 10.277368545532227
1433149831692 0 0.0784531980752945 -0.5883989930152893 10.512728691101074
1433149829737 1 0.11767979711294174 0.19613298773765564 10.198915481567383
1433149829838 1 -0.0 0.19613298773765564 10.198915481567383
1433149831792 0 0.11767979711294174 -0.5491724014282227 10.512728691101074
1433149831892 0 0.11767979711294174 -0.5883989930152893 10.551955223083496
1433149829940 1 0.03922659903764725 -0.0 10.238142013549805
1433149830040 1 0.11767979711294174 0.11767979711294174 10.277368545532227
1433149831993 0 0.156906396150589 -0.5883989930152893 10.551955223083496
1433149830141 1 0.0784531980752945 0.0784531980752945 10.159688949584961
1433149832094 0 0.156906396150589 -0.5883989930152893 10.551955223083496
1433149830243 1 0.0784531980752945 -0.03922659903764725 10.238142013549805
1433149832195 0 0.11767979711294174 -0.5491724014282227 10.473502159118652
1433149832295 0 0.156906396150589 -0.5883989930152893 10.512728691101074
1433149830346 1 0.156906396150589 -0.0 10.198915481567383
1433149832396 0 0.19613298773765564 -0.5883989930152893 10.512728691101074
1433149830447 1 0.03922659903764725 -0.0 10.042009353637695
1433149832497 0 0.156906396150589 -0.5883989930152893 10.551955223083496
1433149830548 1 0.156906396150589 -0.03922659903764725 10.198915481567383
1433149832598 0 0.156906396150589 -0.627625584602356 10.591181755065918
1433149830649 1 0.03922659903764725 0.156906396150589 10.159688949584961
1433149832699 0 0.0784531980752945 -0.6668521761894226 10.473502159118652
1433149830750 1 0.0784531980752945 0.0784531980752945 10.316595077514648
1433149832799 0 0.11767979711294174 -0.509945809841156 10.551955223083496
1433149830852 1 0.11767979711294174 0.11767979711294174 10.395049095153809
1433149832899 0 0.156906396150589 -0.627625584602356 10.512728691101074
1433149830953 1 0.19613298773765564 0.19613298773765564 10.159688949584961
1433149832999 0 0.11767979711294174 -0.5491724014282227 10.473502159118652
1433149831053 1 0.03922659903764725 -0.0 10.120462417602539
1433149833099 0 0.11767979711294174 -0.5491724014282227 10.591181755065918
1433149831154 1 -0.0784531980752945 0.0784531980752945 10.277368545532227
1433149833200 0 0.11767979711294174 -0.5491724014282227 10.591181755065918
1433149831255 1 0.11767979711294174 0.03922659903764725 10.198915481567383
1433149833300 0 0.156906396150589 -0.627625584602356 10.63040828704834
1433149833400 0 0.156906396150589 -0.509945809841156 10.512728691101074
1433149831356 1 0.156906396150589 0.11767979711294174 10.277368545532227
1433149833501 0 0.11767979711294174 -0.5491724014282227 10.473502159118652
1433149831456 1 0.0784531980752945 0.0784531980752945 10.238142013549805
1433149833602 0 0.0784531980752945 -0.5883989930152893 10.512728691101074
1433149831557 1 0.11767979711294174 0.0784531980752945 10.198915481567383
1433149833704 0 0.11767979711294174 -0.5491724014282227 10.551955223083496
1433149831657 1 0.11767979711294174 0.156906396150589 10.120462417602539
1433149833805 0 0.156906396150589 -0.5491724014282227 10.551955223083496
1433149831759 1 0.19613298773765564 0.0784531980752945 10.159688949584961
1433149833907 0 0.11767979711294174 -0.5491724014282227 10.473502159118652
1433149831860 1 0.03922659903764725 0.156906396150589 10.238142013549805
1433149834007 0 0.156906396150589 -0.5491724014282227 10.591181755065918
1433149831961 1 0.11767979711294174 0.19613298773765564 10.277368545532227
1433149834108 0 0.11767979711294174 -0.627625584602356 10.551955223083496
1433149832061 1 0.11767979711294174 0.156906396150589 10.238142013549805
1433149834209 0 0.11767979711294174 -0.627625584602356 10.551955223083496
1433149832162 1 0.03922659903764725 0.03922659903764725 10.238142013549805
1433149834310 0 0.156906396150589 -0.47071918845176697 10.473502159118652
1433149832263 1 0.03922659903764725 0.03922659903764725 10.238142013549805
1433149834410 0 0.19613298773765564 -0.509945809841156 10.591181755065918
1433149832363 1 0.03922659903764725 0.0784531980752945 10.120462417602539
1433149832463 1 -0.0 0.0784531980752945 10.238142013549805
1433149834510 0 0.156906396150589 -0.5491724014282227 10.512728691101074
1433149832564 1 -0.03922659903764725 0.156906396150589 10.316595077514648
1433149834611 0 0.11767979711294174 -0.5883989930152893 10.551955223083496
1433149832666 1 0.11767979711294174 0.0784531980752945 10.355822563171387
1433149832766 1 0.0784531980752945 -0.0 10.316595077514648
1433149834712 0 0.156906396150589 -0.5491724014282227 10.551955223083496
1433149832866 1 0.11767979711294174 0.11767979711294174 10.238142013549805
1433149834812 0 0.11767979711294174 -0.5491724014282227 10.551955223083496
1433149832966 1 0.0784531980752945 0.156906396150589 10.159688949584961
1433149834913 0 0.11767979711294174 -0.5883989930152893 10.512728691101074
1433149833066 1 0.11767979711294174 0.03922659903764725 10.159688949584961
1433149835014 0 0.0784531980752945 -0.5883989930152893 10.512728691101074
1433149833166 1 0.0784531980752945 0.11767979711294174 10.238142013549805
1433149835116 0 0.156906396150589 -0.5491724014282227 10.512728691101074
1433149833266 1 0.0784531980752945 0.156906396150589 10.277368545532227
1433149835217 0 0.03922659903764725 -0.627625584602356 10.551955223083496
1433149835317 0 0.11767979711294174 -0.5491724014282227 10.512728691101074
1433149833366 1 0.0784531980752945 0.156906396150589 10.277368545532227
1433149833466 1 0.11767979711294174 0.0784531980752945 10.277368545532227
1433149835418 0 0.11767979711294174 -0.5883989930152893 10.591181755065918
1433149833567 1 0.03922659903764725 0.19613298773765564 10.159688949584961
1433149835518 0 0.11767979711294174 -0.5491724014282227 10.512728691101074
1433149833668 1 0.156906396150589 0.23535959422588348 10.198915481567383
1433149835618 0 0.11767979711294174 -0.5883989930152893 10.512728691101074
1433149835719 0 0.156906396150589 -0.627625584602356 10.551955223083496
1433149835819 0 0.11767979711294174 -0.627625584602356 10.512728691101074
1433149833769 1 0.156906396150589 0.0784531980752945 10.277368545532227
1433149835921 0 0.11767979711294174 -0.627625584602356 10.512728691101074
1433149833870 1 -0.03922659903764725 0.0784531980752945 10.277368545532227
1433149833971 1 -0.0 0.156906396150589 10.277368545532227
1433149836022 0 0.11767979711294174 -0.5491724014282227 10.591181755065918
1433149834072 1 0.156906396150589 0.11767979711294174 10.277368545532227
1433149836124 0 0.156906396150589 -0.5883989930152893 10.551955223083496
1433149834172 1 0.19613298773765564 0.11767979711294174 10.238142013549805
1433149836224 0 0.11767979711294174 -0.6668521761894226 10.551955223083496
1433149836326 0 0.0784531980752945 -0.5491724014282227 10.395049095153809
1433149834272 1 0.03922659903764725 0.0784531980752945 10.238142013549805
1433149834373 1 0.03922659903764725 0.19613298773765564 10.238142013549805
1433149836428 0 0.11767979711294174 -0.627625584602356 10.63040828704834
1433149834475 1 0.0784531980752945 0.03922659903764725 10.355822563171387
1433149836529 0 0.11767979711294174 -0.5883989930152893 10.512728691101074
1433149834576 1 0.03922659903764725 0.0784531980752945 10.316595077514648
1433149836629 0 0.11767979711294174 -0.627625584602356 10.512728691101074
1433149836730 0 0.156906396150589 -0.5491724014282227 10.551955223083496
1433149834677 1 0.11767979711294174 0.0784531980752945 10.159688949584961
1433149836829 0 0.156906396150589 -0.6668521761894226 10.473502159118652
1433149834779 1 -0.0 -0.0 10.277368545532227
1433149836929 0 0.11767979711294174 -0.5883989930152893 10.512728691101074
1433149834881 1 0.156906396150589 0.11767979711294174 10.238142013549805
1433149837031 0 0.11767979711294174 -0.627625584602356 10.591181755065918
1433149834982 1 0.03922659903764725 0.11767979711294174 10.159688949584961
1433149837132 0 0.11767979711294174 -0.5491724014282227 10.551955223083496
1433149835083 1 0.11767979711294174 0.03922659903764725 10.198915481567383
1433149837233 0 0.156906396150589 -0.5491724014282227 10.63040828704834
1433149835184 1 0.03922659903764725 0.0784531980752945 10.198915481567383
1433149837336 0 0.0784531980752945 -0.5883989930152893 10.43427562713623
1433149835286 1 0.19613298773765564 0.0784531980752945 10.277368545532227
1433149837436 0 0.156906396150589 -0.5883989930152893 10.591181755065918
1433149835386 1 0.11767979711294174 0.19613298773765564 10.316595077514648
1433149837537 0 0.0784531980752945 -0.627625584602356 10.43427562713623
1433149835486 1 0.0784531980752945 0.19613298773765564 10.120462417602539
1433149835586 1 0.11767979711294174 0.11767979711294174 10.159688949584961
1433149837637 0 0.11767979711294174 -0.5491724014282227 10.551955223083496
1433149837738 0 0.11767979711294174 -0.5883989930152893 10.63040828704834
1433149835687 1 0.0784531980752945 0.0784531980752945 10.198915481567383
1433149837838 0 0.11767979711294174 -0.627625584602356 10.512728691101074
1433149835787 1 0.11767979711294174 0.0784531980752945 10.277368545532227
1433149837939 0 0.156906396150589 -0.5883989930152893 10.591181755065918
1433149835888 1 0.0784531980752945 0.0784531980752945 10.159688949584961
1433149838040 0 0.11767979711294174 -0.5883989930152893 10.473502159118652
1433149835989 1 0.0784531980752945 0.156906396150589 10.277368545532227
1433149838141 0 0.0784531980752945 -0.5883989930152893 10.591181755065918
1433149836090 1 0.0784531980752945 0.11767979711294174 10.198915481567383
1433149838242 0 0.156906396150589 -0.627625584602356 10.512728691101074
1433149836190 1 0.0784531980752945 0.156906396150589 10.277368545532227
1433149838342 0 0.11767979711294174 -0.627625584602356 10.473502159118652
1433149836290 1 0.11767979711294174 0.11767979711294174 10.159688949584961
1433149838443 0 0.156906396150589 -0.5491724014282227 10.551955223083496
1433149836391 1 0.03922659903764725 -0.0 10.316595077514648
1433149838544 0 0.0784531980752945 -0.7060787677764893 10.43427562713623
1433149836491 1 0.11767979711294174 0.11767979711294174 10.277368545532227
1433149838645 0 0.11767979711294174 -0.5883989930152893 10.512728691101074
1433149836591 1 0.03922659903764725 0.19613298773765564 10.238142013549805
1433149838747 0 0.156906396150589 -0.5883989930152893 10.551955223083496
1433149836692 1 0.0784531980752945 0.156906396150589 10.159688949584961
1433149836793 1 -0.11767979711294174 0.03922659903764725 10.277368545532227
1433149838848 0 0.156906396150589 -0.627625584602356 10.512728691101074
1433149836894 1 0.11767979711294174 0.03922659903764725 10.238142013549805
1433149838949 0 0.11767979711294174 -0.627625584602356 10.512728691101074
1433149836995 1 0.0784531980752945 0.0784531980752945 10.277368545532227
1433149839050 0 0.19613298773765564 -0.5883989930152893 10.473502159118652
1433149839150 0 0.156906396150589 -0.5883989930152893 10.512728691101074
1433149837095 1 0.156906396150589 0.156906396150589 10.316595077514648
1433149839250 0 0.11767979711294174 -0.5491724014282227 10.551955223083496
1433149837196 1 0.11767979711294174 0.23535959422588348 10.198915481567383
1433149839351 0 0.0784531980752945 -0.5491724014282227 10.512728691101074
1433149837297 1 0.11767979711294174 0.23535959422588348 10.238142013549805
1433149839452 0 0.11767979711294174 -0.5883989930152893 10.43427562713623
1433149837398 1 0.156906396150589 0.19613298773765564 10.159688949584961
1433149839552 0 0.19613298773765564 -0.627625584602356 10.591181755065918
1433149837499 1 0.0784531980752945 0.156906396150589 10.159688949584961
1433149839652 0 0.11767979711294174 -0.6668521761894226 10.551955223083496
1433149837600 1 0.19613298773765564 0.19613298773765564 10.277368545532227
1433149839753 0 0.11767979711294174 -0.5883989930152893 10.473502159118652
1433149837701 1 0.23535959422588348 0.11767979711294174 10.316595077514648
1433149839854 0 0.11767979711294174 -0.627625584602356 10.551955223083496
1433149837802 1 0.19613298773765564 0.11767979711294174 10.316595077514648
1433149839954 0 0.11767979711294174 -0.627625584602356 10.473502159118652
1433149837903 1 0.11767979711294174 -0.0 10.159688949584961
1433149840055 0 0.19613298773765564 -0.509945809841156 10.473502159118652
1433149838004 1 0.11767979711294174 0.156906396150589 10.159688949584961
1433149840156 0 0.156906396150589 -0.5491724014282227 10.551955223083496
1433149838106 1 -0.0 0.0784531980752945 10.277368545532227
1433149838206 1 0.0784531980752945 0.156906396150589 10.238142013549805
1433149840257 0 0.0784531980752945 -0.5883989930152893 10.551955223083496
1433149838306 1 0.11767979711294174 0.03922659903764725 10.316595077514648
1433149840359 0 0.0784531980752945 -0.627625584602356 10.43427562713623
1433149838407 1 0.19613298773765564 0.11767979711294174 10.238142013549805
1433149840460 0 0.0784531980752945 -0.5491724014282227 10.43427562713623
1433149838507 1 0.11767979711294174 0.156906396150589 10.316595077514648
1433149840561 0 0.11767979711294174 -0.627625584602356 10.551955223083496
1433149838607 1 0.156906396150589 0.11767979711294174 10.159688949584961
1433149840662 0 0.0784531980752945 -0.6668521761894226 10.43427562713623
1433149838708 1 -0.0 0.156906396150589 10.277368545532227
1433149840763 0 0.11767979711294174 -0.5883989930152893 10.512728691101074
1433149838808 1 0.11767979711294174 0.0784531980752945 10.238142013549805
1433149840864 0 0.11767979711294174 -0.5491724014282227 10.473502159118652
1433149838908 1 0.03922659903764725 0.03922659903764725 10.159688949584961
1433149840965 0 0.0784531980752945 -0.5491724014282227 10.473502159118652
1433149839009 1 0.11767979711294174 0.11767979711294174 10.042009353637695
1433149841067 0 0.11767979711294174 -0.5491724014282227 10.512728691101074
1433149839110 1 -0.0 0.03922659903764725 10.238142013549805
1433149841168 0 0.11767979711294174 -0.627625584602356 10.512728691101074
1433149839212 1 0.0784531980752945 0.11767979711294174 10.081235885620117
1433149841268 0 0.11767979711294174 -0.5491724014282227 10.512728691101074
1433149839312 1 -0.03922659903764725 0.11767979711294174 10.198915481567383
1433149841368 0 0.11767979711294174 -0.5491724014282227 10.512728691101074
1433149841469 0 0.03922659903764725 -0.5883989930152893 10.591181755065918
1433149839412 1 0.156906396150589 0.156906396150589 10.238142013549805
1433149841569 0 0.11767979711294174 -0.5883989930152893 10.512728691101074
1433149839513 1 0.03922659903764725 0.156906396150589 10.120462417602539
1433149841670 0 0.11767979711294174 -0.509945809841156 10.551955223083496
1433149839613 1 0.03922659903764725 0.03922659903764725 10.238142013549805
1433149841771 0 0.11767979711294174 -0.5491724014282227 10.512728691101074
1433149839713 1 0.03922659903764725 -0.0 10.198915481567383
1433149839813 1 0.19613298773765564 0.0784531980752945 10.159688949584961
1433149841872 0 0.11767979711294174 -0.5491724014282227 10.551955223083496
1433149839914 1 -0.0 0.03922659903764725 10.198915481567383
1433149841973 0 0.156906396150589 -0.627625584602356 10.473502159118652
1433149840015 1 0.0784531980752945 0.156906396150589 10.198915481567383
1433149842074 0 0.11767979711294174 -0.5883989930152893 10.551955223083496
1433149840116 1 0.0784531980752945 0.19613298773765564 10.198915481567383
1433149842174 0 0.11767979711294174 -0.5883989930152893 10.551955223083496
1433149840216 1 0.11767979711294174 0.156906396150589 10.316595077514648
1433149842274 0 0.11767979711294174 -0.509945809841156 10.512728691101074
1433149840316 1 0.11767979711294174 0.11767979711294174 10.238142013549805
1433149842375 0 0.11767979711294174 -0.627625584602356 10.551955223083496
1433149840417 1 0.19613298773765564 0.19613298773765564 10.238142013549805
1433149842476 0 0.11767979711294174 -0.5883989930152893 10.43427562713623
1433149840518 1 0.11767979711294174 0.156906396150589 10.198915481567383
1433149842576 0 0.156906396150589 -0.5883989930152893 10.551955223083496
1433149840619 1 -0.03922659903764725 0.11767979711294174 10.198915481567383
1433149842677 0 0.156906396150589 -0.5883989930152893 10.63040828704834
1433149840720 1 0.11767979711294174 0.23535959422588348 10.238142013549805
1433149842778 0 0.156906396150589 -0.5883989930152893 10.512728691101074
1433149840821 1 0.11767979711294174 0.0784531980752945 10.238142013549805
1433149842879 0 0.11767979711294174 -0.5491724014282227 10.591181755065918
1433149840923 1 0.156906396150589 0.0784531980752945 10.277368545532227
1433149842979 0 0.0784531980752945 -0.5883989930152893 10.473502159118652
1433149841024 1 0.156906396150589 0.11767979711294174 10.316595077514648
1433149843080 0 0.11767979711294174 -0.5883989930152893 10.551955223083496
1433149841125 1 0.23535959422588348 -0.0 10.198915481567383
1433149843181 0 0.11767979711294174 -0.509945809841156 10.473502159118652
1433149841227 1 0.0784531980752945 0.156906396150589 10.277368545532227
1433149843282 0 0.0784531980752945 -0.5491724014282227 10.551955223083496
1433149841326 1 -0.0 0.11767979711294174 10.355822563171387
1433149843383 0 0.0784531980752945 -0.5883989930152893 10.551955223083496
1433149843483 0 0.0784531980752945 -0.5883989930152893 10.473502159118652
1433149841426 1 0.03922659903764725 0.0784531980752945 10.198915481567383
1433149843584 0 0.0784531980752945 -0.5883989930152893 10.551955223083496
1433149841526 1 -0.0 -0.0 10.316595077514648
1433149843684 0 0.11767979711294174 -0.5883989930152893 10.512728691101074
1433149841629 1 -0.0 0.156906396150589 10.238142013549805
1433149843785 0 0.11767979711294174 -0.627625584602356 10.512728691101074
1433149841729 1 -0.0 0.03922659903764725 10.042009353637695
1433149843886 0 0.0784531980752945 -0.5883989930152893 10.63040828704834
1433149841830 1 0.0784531980752945 0.03922659903764725 10.316595077514648
1433149841930 1 -0.0 0.19613298773765564 10.198915481567383
1433149843989 0 0.03922659903764725 -0.5883989930152893 10.551955223083496
1433149844088 0 0.156906396150589 -0.627625584602356 10.551955223083496
1433149842030 1 0.0784531980752945 0.11767979711294174 10.277368545532227
1433149844189 0 0.11767979711294174 -0.627625584602356 10.551955223083496
1433149842131 1 0.03922659903764725 0.156906396150589 10.316595077514648
1433149842232 1 0.0784531980752945 0.11767979711294174 10.159688949584961
1433149844289 0 0.156906396150589 -0.5491724014282227 10.512728691101074
1433149844389 0 0.156906396150589 -0.5883989930152893 10.473502159118652
1433149842333 1 0.156906396150589 0.156906396150589 10.238142013549805
1433149844489 0 0.156906396150589 -0.627625584602356 10.512728691101074
1433149842435 1 -0.03922659903764725 0.19613298773765564 10.198915481567383
1433149844590 0 0.11767979711294174 -0.5883989930152893 10.512728691101074
1433149842536 1 -0.0 0.0784531980752945 10.198915481567383
1433149844691 0 0.03922659903764725 -0.5883989930152893 10.473502159118652
1433149842637 1 0.19613298773765564 0.11767979711294174 10.238142013549805
1433149842738 1 0.03922659903764725 0.11767979711294174 10.120462417602539
1433149844793 0 0.156906396150589 -0.5883989930152893 10.512728691101074
1433149842839 1 0.19613298773765564 0.0784531980752945 10.159688949584961
1433149844894 0 0.19613298773765564 -0.627625584602356 10.512728691101074
1433149842940 1 0.0784531980752945 0.03922659903764725 10.198915481567383
1433149844994 0 0.11767979711294174 -0.5491724014282227 10.512728691101074
1433149843041 1 0.03922659903764725 0.0784531980752945 10.238142013549805
1433149845096 0 0.11767979711294174 -0.509945809841156 10.512728691101074
1433149843142 1 0.03922659903764725 0.11767979711294174 10.277368545532227
1433149845197 0 0.11767979711294174 -0.5491724014282227 10.512728691101074
1433149843243 1 0.0784531980752945 0.156906396150589 10.238142013549805
1433149845297 0 0.11767979711294174 -0.5491724014282227 10.551955223083496
1433149843344 1 0.156906396150589 0.11767979711294174 10.316595077514648
1433149845399 0 0.11767979711294174 -0.627625584602356 10.473502159118652
1433149843445 1 0.11767979711294174 0.156906396150589 10.198915481567383
1433149845500 0 0.11767979711294174 -0.5883989930152893 10.551955223083496
1433149843545 1 0.0784531980752945 0.03922659903764725 10.316595077514648
1433149845601 0 0.11767979711294174 -0.5491724014282227 10.551955223083496
1433149843645 1 0.19613298773765564 0.11767979711294174 10.277368545532227
1433149845702 0 0.11767979711294174 -0.5883989930152893 10.551955223083496
1433149843746 1 0.156906396150589 0.0784531980752945 10.277368545532227
1433149845801 0 0.11767979711294174 -0.627625584602356 10.551955223083496
1433149843847 1 0.11767979711294174 0.156906396150589 10.277368545532227
1433149845901 0 0.19613298773765564 -0.627625584602356 10.512728691101074
1433149843948 1 0.11767979711294174 0.156906396150589 10.277368545532227
1433149846002 0 0.0784531980752945 -0.5883989930152893 10.591181755065918
1433149844048 1 -0.0 0.11767979711294174 10.081235885620117
1433149846102 0 0.156906396150589 -0.627625584602356 10.512728691101074
1433149844148 1 0.19613298773765564 0.11767979711294174 10.238142013549805
1433149846203 0 0.0784531980752945 -0.5491724014282227 10.473502159118652
1433149844248 1 0.0784531980752945 0.156906396150589 10.238142013549805
1433149846303 0 0.11767979711294174 -0.5491724014282227 10.512728691101074
1433149844349 1 -0.0 0.11767979711294174 10.198915481567383
1433149846403 0 0.11767979711294174 -0.5491724014282227 10.551955223083496
1433149846504 0 0.0784531980752945 -0.509945809841156 10.551955223083496
1433149844449 1 0.11767979711294174 0.156906396150589 10.159688949584961
1433149846606 0 0.156906396150589 -0.5883989930152893 10.43427562713623
1433149844549 1 0.11767979711294174 0.11767979711294174 10.120462417602539
1433149846707 0 0.0784531980752945 -0.5883989930152893 10.512728691101074
1433149844650 1 0.11767979711294174 0.11767979711294174 10.198915481567383
1433149846807 0 0.11767979711294174 -0.5883989930152893 10.551955223083496
1433149844751 1 0.03922659903764725 -0.0 10.159688949584961
1433149846907 0 0.11767979711294174 -0.6668521761894226 10.591181755065918
1433149844851 1 0.156906396150589 0.03922659903764725 10.198915481567383
1433149847007 0 0.11767979711294174 -0.627625584602356 10.473502159118652
1433149844951 1 0.0784531980752945 0.0784531980752945 10.395049095153809
1433149847107 0 0.11767979711294174 -0.627625584602356 10.591181755065918
1433149845052 1 0.11767979711294174 0.03922659903764725 10.316595077514648
1433149847207 0 0.156906396150589 -0.5491724014282227 10.551955223083496
1433149845153 1 0.11767979711294174 0.0784531980752945 10.198915481567383
1433149847307 0 0.0784531980752945 -0.5491724014282227 10.551955223083496
1433149845254 1 0.11767979711294174 0.19613298773765564 10.238142013549805
1433149847408 0 0.19613298773765564 -0.627625584602356 10.43427562713623
1433149845355 1 0.156906396150589 0.156906396150589 10.277368545532227
1433149847509 0 0.11767979711294174 -0.5491724014282227 10.473502159118652
1433149845456 1 0.11767979711294174 0.11767979711294174 10.238142013549805
1433149845557 1 0.03922659903764725 0.11767979711294174 10.316595077514648
1433149847611 0 0.11767979711294174 -0.5491724014282227 10.551955223083496
1433149845657 1 0.03922659903764725 0.0784531980752945 10.198915481567383
1433149847711 0 0.47071918845176697 -0.0784531980752945 10.591181755065918
1433149845758 1 0.23535959422588348 0.11767979711294174 10.277368545532227
1433149847811 0 -0.509945809841156 -0.19613298773765564 10.43427562713623
1433149845859 1 -0.0 -0.0 10.120462417602539
1433149847911 0 0.0784531980752945 -1.1375713348388672 10.551955223083496
1433149845959 1 0.0784531980752945 0.0784531980752945 10.120462417602539
1433149848011 0 0.5883989930152893 -0.7453053593635559 10.708861351013184
1433149846059 1 0.156906396150589 -0.0 10.198915481567383
1433149848111 0 2.432049036026001 -0.7845319509506226 9.492836952209473
1433149846160 1 0.11767979711294174 0.156906396150589 10.238142013549805
1433149848212 0 5.021004676818848 -1.019891619682312 8.825984954833984
1433149846261 1 0.11767979711294174 0.11767979711294174 10.277368545532227
1433149848312 0 6.119349479675293 -1.019891619682312 8.590624809265137
1433149846362 1 0.156906396150589 0.0784531980752945 10.159688949584961
1433149848413 0 6.825428009033203 -0.823758602142334 7.884546279907227
1433149846463 1 0.03922659903764725 0.03922659903764725 10.159688949584961
1433149848513 0 7.923772811889648 -0.9022117853164673 6.158576011657715
1433149846563 1 0.0784531980752945 0.156906396150589 10.238142013549805
1433149848613 0 8.94366455078125 -1.6082905530929565 3.9226598739624023
1433149846664 1 0.0784531980752945 0.0784531980752945 10.198915481567383
1433149848714 0 9.571290016174316 -1.3729310035705566 3.8834333419799805
1433149846765 1 0.0784531980752945 0.19613298773765564 10.198915481567383
1433149848815 0 9.296704292297363 -1.6082905530929565 4.040339469909668
1433149846866 1 -0.0 0.156906396150589 10.277368545532227
1433149848914 0 9.45361042022705 -1.45138418674469 3.255807638168335
1433149846967 1 0.03922659903764725 0.23535959422588348 10.198915481567383
1433149849014 0 9.061344146728516 -1.647517204284668 4.275699138641357
1433149847066 1 0.11767979711294174 0.0784531980752945 10.316595077514648
1433149849115 0 8.629851341247559 -1.4121575355529785 5.334817409515381
1433149847166 1 0.19613298773765564 0.156906396150589 10.159688949584961
1433149849216 0 7.884546279907227 -1.4906107187271118 6.786201477050781
1433149847266 1 0.03922659903764725 0.19613298773765564 10.316595077514648
1433149849317 0 7.1000142097473145 -1.6082905530929565 7.335373878479004
1433149847369 1 0.0784531980752945 0.19613298773765564 10.238142013549805
1433149849418 0 6.080122947692871 -1.2944778203964233 8.394492149353027
1433149847469 1 0.156906396150589 0.0784531980752945 10.238142013549805
1433149849519 0 5.530950546264648 -1.647517204284668 9.688969612121582
1433149847570 1 0.156906396150589 0.19613298773765564 10.238142013549805
1433149849618 0 6.237029075622559 -1.0983448028564453 7.845319747924805
1433149847672 1 -0.0 0.11767979711294174 10.316595077514648
1433149849719 0 6.982334613800049 -1.4906107187271118 7.217694282531738
1433149847773 1 0.03922659903764725 0.03922659903764725 10.159688949584961
1433149849820 0 7.649186611175537 -1.2944778203964233 6.668521881103516
1433149847873 1 0.03922659903764725 0.27458620071411133 10.277368545532227
1433149849919 0 8.119906425476074 -1.4906107187271118 6.197802543640137
1433149847974 1 0.11767979711294174 0.0784531980752945 10.198915481567383
1433149850020 0 7.923772811889648 -1.4906107187271118 6.197802543640137
1433149850120 0 7.649186611175537 -1.2160245180130005 6.903881549835205
1433149848075 1 0.11767979711294174 0.19613298773765564 10.277368545532227
1433149850221 0 6.746974945068359 -1.1375713348388672 7.688413619995117
1433149848175 1 0.19613298773765564 0.19613298773765564 10.198915481567383
1433149850321 0 5.217137813568115 -0.9414383769035339 9.21825122833252
1433149848275 1 0.156906396150589 0.03922659903764725 10.198915481567383
1433149850421 0 4.2364726066589355 -1.019891619682312 10.512728691101074
1433149848376 1 0.0784531980752945 0.11767979711294174 10.120462417602539
1433149850522 0 5.962442874908447 -1.1375713348388672 8.825984954833984
1433149848477 1 0.11767979711294174 0.0784531980752945 10.277368545532227
1433149850622 0 7.217694282531738 -0.9806649684906006 7.453053951263428
1433149848578 1 -0.0 0.0784531980752945 10.159688949584961
1433149850724 0 9.610516548156738 -2.000556468963623 3.0596747398376465
1433149848679 1 0.156906396150589 0.11767979711294174 10.120462417602539
1433149848781 1 0.0784531980752945 0.156906396150589 10.159688949584961
1433149850825 0 11.297260284423828 -2.1182363033294678 4.354152679443359
1433149848880 1 0.0784531980752945 0.156906396150589 10.198915481567383
1433149850927 0 10.120462417602539 0.0784531980752945 0.0784531980752945
1433149848981 1 0.11767979711294174 0.23535959422588348 10.316595077514648
1433149851027 0 11.885659217834473 1.3337043523788452 -3.1381278038024902
1433149849082 1 0.19613298773765564 0.0784531980752945 10.277368545532227
1433149851128 0 9.061344146728516 2.471275806427002 -1.9221034049987793
1433149849183 1 0.19613298773765564 0.03922659903764725 10.355822563171387
1433149851228 0 7.374600410461426 2.2751426696777344 1.255251169204712
1433149849283 1 0.0784531980752945 0.11767979711294174 10.120462417602539
1433149851328 0 5.687856674194336 2.785088539123535 2.863541841506958
1433149851429 0 10.473502159118652 1.3337043523788452 4.981778144836426
1433149849383 1 0.0784531980752945 0.0784531980752945 10.198915481567383
1433149849484 1 0.11767979711294174 0.156906396150589 10.355822563171387
1433149851529 0 5.530950546264648 7.25692081451416 4.432605743408203
1433149851629 0 1.8044235706329346 7.884546279907227 4.275699138641357
1433149849585 1 0.0784531980752945 0.11767979711294174 10.159688949584961
1433149851731 0 4.197246074676514 8.002225875854492 4.197246074676514
1433149849686 1 0.11767979711294174 0.11767979711294174 10.198915481567383
1433149851831 0 4.354152679443359 7.25692081451416 4.197246074676514
1433149849787 1 0.03922659903764725 0.19613298773765564 10.238142013549805
1433149851932 0 7.766866683959961 4.903325080871582 5.021004676818848
1433149849886 1 0.0784531980752945 0.156906396150589 10.198915481567383
1433149849987 1 0.156906396150589 0.0784531980752945 10.159688949584961
1433149850086 1 0.11767979711294174 0.03922659903764725 10.081235885620117
1433149852032 0 7.923772811889648 3.216581106185913 6.040896415710449
1433149852132 0 5.844763278961182 1.8044235706329346 7.217694282531738
1433149852232 0 2.824315071105957 8.472945213317871 4.001112937927246
1433149850187 1 0.03922659903764725 0.03922659903764725 10.238142013549805
1433149850286 1 0.11767979711294174 -0.03922659903764725 10.238142013549805
1433149852332 0 -0.27458620071411133 2.824315071105957 6.550841808319092
1433149852433 0 -2.471275806427002 -0.7845319509506226 13.376270294189453
1433149850387 1 0.0784531980752945 0.0784531980752945 10.198915481567383
1433149852534 0 1.8436501026153564 -0.9022117853164673 9.21825122833252
1433149850489 1 0.11767979711294174 0.03922659903764725 10.238142013549805
1433149852635 0 -0.5491724014282227 3.1381278038024902 7.845319747924805
1433149850589 1 0.0784531980752945 0.11767979711294174 10.198915481567383
1433149852736 0 0.156906396150589 0.0784531980752945 12.356378555297852
1433149850690 1 0.0784531980752945 0.19613298773765564 10.120462417602539
1433149852837 0 -0.23535959422588348 -4.275699138641357 15.651412963867188
1433149850791 1 0.03922659903764725 0.03922659903764725 10.081235885620117
1433149852938 0 -5.57017707824707 -8.786758422851562 3.648073673248291
1433149850892 1 0.03922659903764725 0.19613298773765564 10.316595077514648
1433149853039 0 8.94366455078125 0.509945809841156 -20.005565643310547
1433149850993 1 -0.0 0.0784531980752945 10.316595077514648
1433149851094 1 0.156906396150589 0.156906396150589 10.159688949584961
1433149853140 0 2.392822504043579 7.609960079193115 -11.022674560546875
1433149851195 1 0.11767979711294174 0.156906396150589 10.238142013549805
1433149853240 0 -0.9806649684906006 -0.9414383769035339 -5.295590877532959
1433149853341 0 -6.119349479675293 -3.687300205230713 20.005565643310547
1433149851296 1 0.11767979711294174 0.19613298773765564 10.316595077514648
1433149853441 0 -4.393379211425781 -3.9226598739624023 5.177911281585693
1433149851397 1 0.0784531980752945 0.11767979711294174 10.316595077514648
1433149853542 0 2.7458620071411133 5.138684272766113 -20.005565643310547
1433149851498 1 0.0784531980752945 0.11767979711294174 10.277368545532227
1433149853643 0 -4.667965412139893 -0.7453053593635559 -3.1381278038024902
1433149851598 1 0.11767979711294174 0.0784531980752945 10.198915481567383
1433149853744 0 2.7458620071411133 -4.393379211425781 20.005565643310547
1433149851698 1 -0.0 0.0784531980752945 10.198915481567383
1433149853845 0 -2.785088539123535 6.433162212371826 -14.9845609664917
1433149851800 1 0.03922659903764725 0.03922659903764725 10.238142013549805
1433149853947 0 -3.177354574203491 -0.11767979711294174 -10.355822563171387
1433149851901 1 0.0784531980752945 0.11767979711294174 10.316595077514648
1433149854047 0 3.295034408569336 -11.964112281799316 20.005565643310547
1433149852002 1 -0.0 0.11767979711294174 10.277368545532227
1433149854147 0 -1.5690639019012451 12.905550956726074 -20.005565643310547
1433149852103 1 0.0784531980752945 0.19613298773765564 10.198915481567383
1433149854247 0 -7.5315070152282715 -16.985116958618164 10.748087882995605
1433149852204 1 0.0784531980752945 -0.0 10.198915481567383
1433149854347 0 -5.334817409515381 8.551398277282715 -8.708305358886719
1433149852305 1 0.11767979711294174 0.19613298773765564 10.159688949584961
1433149854447 0 -2.3535959720611572 -14.906107902526855 10.277368545532227
1433149852406 1 0.0784531980752945 0.03922659903764725 10.238142013549805
1433149854548 0 -2.5889556407928467 14.866881370544434 -12.630965232849121
1433149852507 1 0.19613298773765564 -0.0784531980752945 10.159688949584961
1433149854648 0 -7.845319747924805 -0.7845319509506226 -7.609960079193115
1433149852607 1 0.03922659903764725 0.0784531980752945 10.081235885620117
1433149854749 0 6.668521881103516 -0.627625584602356 6.903881549835205
1433149852707 1 0.19613298773765564 0.03922659903764725 10.159688949584961
1433149854850 0 -3.648073673248291 -4.589511871337891 -6.982334613800049
1433149852807 1 0.0784531980752945 0.11767979711294174 10.238142013549805
1433149854951 0 3.608847141265869 -10.355822563171387 6.119349479675293
1433149852908 1 0.03922659903764725 -0.03922659903764725 10.238142013549805
1433149855051 0 -6.393935680389404 3.961886405944824 -20.005565643310547
1433149853008 1 0.0784531980752945 0.156906396150589 10.238142013549805
1433149855152 0 0.23535959422588348 -9.92432975769043 20.005565643310547
1433149853108 1 0.0784531980752945 0.0784531980752945 10.277368545532227
1433149855253 0 -8.472945213317871 5.021004676818848 -20.005565643310547
1433149853208 1 0.11767979711294174 0.03922659903764725 10.198915481567383
1433149855352 0 2.863541841506958 -9.92432975769043 20.005565643310547
1433149853309 1 0.03922659903764725 -0.0 10.159688949584961
1433149855453 0 -7.5315070152282715 13.376270294189453 -20.005565643310547
1433149853409 1 0.11767979711294174 0.11767979711294174 10.159688949584961
1433149855553 0 -0.35303938388824463 -5.766310214996338 5.766310214996338
1433149853510 1 0.11767979711294174 0.11767979711294174 10.042009353637695
1433149855654 0 2.000556468963623 12.82709789276123 -11.179580688476562
1433149853611 1 0.03922659903764725 0.11767979711294174 10.277368545532227
1433149855754 0 -3.0989012718200684 -4.354152679443359 -4.314925670623779
1433149853712 1 -0.03922659903764725 0.11767979711294174 10.198915481567383
1433149855855 0 2.079009771347046 1.8828767538070679 -1.255251169204712
1433149853812 1 -0.03922659903764725 0.0784531980752945 10.238142013549805
1433149855956 0 -5.57017707824707 -2.039783239364624 -16.985116958618164
1433149853913 1 0.11767979711294174 0.0784531980752945 10.238142013549805
1433149856057 0 3.0989012718200684 -5.962442874908447 18.750314712524414
1433149854014 1 0.23535959422588348 0.19613298773765564 10.159688949584961
1433149856157 0 -6.982334613800049 1.45138418674469 -20.005565643310547
1433149854115 1 0.0784531980752945 0.11767979711294174 10.198915481567383
1433149856257 0 2.392822504043579 -6.354709148406982 20.005565643310547
1433149854216 1 0.156906396150589 -0.03922659903764725 10.355822563171387
1433149856357 0 -6.982334613800049 5.648630142211914 -20.005565643310547
1433149854316 1 0.03922659903764725 -0.03922659903764725 10.238142013549805
1433149856457 0 1.3729310035705566 -14.278482437133789 17.65196990966797
1433149854417 1 0.0784531980752945 0.03922659903764725 10.316595077514648
1433149856557 0 -4.82487154006958 14.70997428894043 -20.005565643310547
1433149854518 1 0.11767979711294174 0.156906396150589 10.238142013549805
1433149856657 0 -0.0784531980752945 -12.199472427368164 14.278482437133789
1433149854619 1 0.0784531980752945 0.156906396150589 10.238142013549805
1433149856758 0 -5.609403610229492 15.180693626403809 -19.770206451416016
1433149854720 1 -0.0 0.0784531980752945 10.159688949584961
1433149856858 0 -2.039783239364624 -8.355265617370605 8.590624809265137
1433149854821 1 0.03922659903764725 0.03922659903764725 10.277368545532227
1433149856958 0 -1.4121575355529785 15.572959899902344 -14.78842830657959
1433149854922 1 0.11767979711294174 0.156906396150589 10.316595077514648
1433149857058 0 -4.275699138641357 -6.001669883728027 -0.9414383769035339
1433149855023 1 -0.0 0.19613298773765564 10.159688949584961
1433149857158 0 -1.0983448028564453 14.043122291564941 -6.943108081817627
1433149855125 1 0.0784531980752945 0.156906396150589 10.355822563171387
1433149857258 0 -5.334817409515381 -6.668521881103516 2.3535959720611572
1433149855225 1 -0.03922659903764725 0.03922659903764725 10.159688949584961
1433149857358 0 -2.5497288703918457 12.944777488708496 -6.903881549835205
1433149855325 1 0.0784531980752945 0.03922659903764725 10.238142013549805
1433149857458 0 -8.472945213317871 -8.512171745300293 2.6281821727752686
1433149855426 1 0.0784531980752945 0.0784531980752945 10.238142013549805
1433149857558 0 -0.11767979711294174 11.375713348388672 -9.375157356262207
1433149855527 1 -0.0 -0.03922659903764725 10.081235885620117
1433149857658 0 -10.002782821655273 -8.198359489440918 -0.6668521761894226
1433149855628 1 0.156906396150589 0.0784531980752945 10.277368545532227
1433149857758 0 1.0983448028564453 7.806093215942383 -6.51161527633667
1433149855729 1 0.0784531980752945 0.11767979711294174 10.277368545532227
1433149857859 0 -8.119906425476074 -9.061344146728516 -1.5298373699188232
1433149855830 1 0.11767979711294174 0.03922659903764725 10.316595077514648
1433149857959 0 5.295590877532959 6.393935680389404 -4.511058807373047
1433149855931 1 0.0784531980752945 0.156906396150589 10.238142013549805
1433149858059 0 -7.884546279907227 -5.452497482299805 -5.138684272766113
1433149856032 1 -0.0 0.0784531980752945 10.277368545532227
1433149858159 0 7.335373878479004 0.9414383769035339 0.156906396150589
1433149856133 1 0.0784531980752945 0.11767979711294174 10.198915481567383
1433149858260 0 -5.609403610229492 -0.313812792301178 -14.9845609664917
1433149856234 1 -0.0784531980752945 0.156906396150589 10.159688949584961
1433149858360 0 4.589511871337891 1.45138418674469 4.903325080871582
1433149856335 1 -0.0 0.0784531980752945 10.198915481567383
1433149858460 0 -0.8629851937294006 0.156906396150589 -19.29948616027832
1433149856436 1 0.11767979711294174 0.156906396150589 10.355822563171387
1433149858560 0 5.413270473480225 -3.3734874725341797 8.669078826904297
1433149856537 1 0.11767979711294174 0.0784531980752945 10.159688949584961
1433149858660 0 -2.863541841506958 -0.4314925968647003 -20.005565643310547
1433149856638 1 0.03922659903764725 0.03922659903764725 10.277368545532227
1433149858761 0 -0.9806649684906006 -3.1381278038024902 15.298373222351074
1433149856739 1 -0.0 0.156906396150589 10.159688949584961
1433149858861 0 -4.589511871337891 16.200586318969727 -13.337043762207031
1433149856840 1 0.11767979711294174 0.0784531980752945 10.081235885620117
1433149858961 0 -4.197246074676514 -1.255251169204712 5.334817409515381
1433149856941 1 0.156906396150589 0.0784531980752945 10.198915481567383
1433149859062 0 -1.6082905530929565 10.63040828704834 0.27458620071411133
1433149857042 1 0.03922659903764725 0.11767979711294174 10.238142013549805
1433149859163 0 -4.197246074676514 7.49228048324585 -7.845319747924805
1433149857143 1 0.11767979711294174 0.0784531980752945 10.198915481567383
1433149859263 0 -3.9226598739624023 7.1000142097473145 3.7657535076141357
1433149857245 1 -0.0 0.0784531980752945 10.198915481567383
1433149859364 0 -3.0204482078552246 10.198915481567383 -0.7453053593635559
