1433024582106 0 14.0
1433024582206 0 14.0
1433024582306 0 14.0
1433024582406 0 14.0
1433024582506 0 14.0
1433024582606 0 14.0
1433024582114 1 18.0
1433024582214 1 18.0
1433024582315 1 18.0
1433024582416 1 18.0
1433024582517 1 18.0
1433024582618 1 18.0
1433024582719 1 18.0
1433024582820 1 18.0
1433024582922 1 18.0
1433024583023 1 18.0
1433024583124 1 18.0
1433024583225 1 18.0
1433024583327 1 18.0
1433024582706 0 14.0
1433024582806 0 14.0
1433024582906 0 14.0
1433024583007 0 14.0
1433024583106 0 15.0
1433024583207 0 21.0
1433024583306 0 29.0
1433024583406 0 29.0
1433024583507 0 24.0
1433024583606 0 24.0
1433024583707 0 24.0
1433024583429 1 18.0
1433024583529 1 18.0
1433024583631 1 18.0
1433024583732 1 18.0
1433024583833 1 18.0
1433024583806 0 21.0
1433024583907 0 21.0
1433024584007 0 21.0
1433024584108 0 21.0
1433024584208 0 22.0
1433024584309 0 22.0
1433024584409 0 22.0
1433024583935 1 18.0
1433024584036 1 18.0
1433024584138 1 18.0
1433024584239 1 18.0
1433024584340 1 18.0
1433024584442 1 18.0
1433024584544 1 18.0
1433024584509 0 23.0
1433024584609 0 25.0
1433024584709 0 31.0
1433024584810 0 45.0
1433024584910 0 50.0
1433024585011 0 50.0
1433024584645 1 18.0
1433024584745 1 18.0
1433024584845 1 19.0
1433024584946 1 39.0
1433024585047 1 58.0
1433024585112 0 58.0
1433024585212 0 58.0
1433024585313 0 71.0
1433024585412 0 79.0
1433024585513 0 79.0
1433024585613 0 79.0
1433024585150 1 58.0
1433024585251 1 66.0
1433024585352 1 76.0
1433024585451 1 93.0
1433024585552 1 93.0
1433024585654 1 93.0
1433024585714 0 89.0
1433024585814 0 89.0
1433024585915 0 89.0
1433024586016 0 89.0
1433024586116 0 89.0
1433024586216 0 89.0
1433024586316 0 89.0
1433024585754 1 92.0
1433024585855 1 84.0
1433024585958 1 84.0
1433024586060 1 84.0
1433024586161 1 84.0
1433024586262 1 84.0
1433024586364 1 84.0
1433024586416 0 100.0
1433024586516 0 100.0
1433024586617 0 100.0
1433024586717 0 100.0
1433024586817 0 100.0
1433024586917 0 97.0
1433024586469 1 84.0
1433024586569 1 77.0
1433024586669 1 77.0
1433024586770 1 77.0
1433024586870 1 77.0
1433024586971 1 77.0
1433024587017 0 97.0
1433024587117 0 97.0
1433024587217 0 97.0
1433024587317 0 109.0
1433024587417 0 109.0
1433024587517 0 109.0
1433024587071 1 77.0
1433024587173 1 77.0
1433024587272 1 77.0
1433024587372 1 77.0
1433024587472 1 77.0
1433024587574 1 77.0
1433024587675 1 77.0
1433024587618 0 109.0
1433024587718 0 109.0
1433024587818 0 109.0
1433024587918 0 109.0
1433024588018 0 109.0
1433024588118 0 109.0
1433024587776 1 77.0
1433024587877 1 77.0
1433024587978 1 77.0
1433024588079 1 77.0
1433024588181 1 77.0
1433024588282 1 70.0
1433024588218 0 75.0
1433024588318 0 75.0
1433024588418 0 75.0
1433024588519 0 75.0
1433024588619 0 75.0
1433024588720 0 75.0
1433024588384 1 61.0
1433024588485 1 61.0
1433024588586 1 45.0
1433024588687 1 49.0
1433024588788 1 46.0
1433024588889 1 46.0
1433024588820 0 75.0
1433024588920 0 75.0
1433024589020 0 75.0
1433024589121 0 75.0
1433024589221 0 75.0
1433024588990 1 46.0
1433024589322 0 75.0
1433024589091 1 46.0
1433024589192 1 50.0
1433024589293 1 50.0
1433024589394 1 50.0
1433024589496 1 50.0
1433024589422 0 75.0
1433024589522 0 75.0
1433024589622 0 75.0
1433024589722 0 75.0
1433024589822 0 75.0
1433024589922 0 75.0
1433024589596 1 50.0
1433024589698 1 50.0
1433024589799 1 50.0
1433024589901 1 50.0
1433024590003 1 50.0
1433024590103 1 50.0
1433024590022 0 75.0
1433024590122 0 75.0
1433024590222 0 75.0
1433024590322 0 75.0
1433024590422 0 75.0
1433024590522 0 75.0
1433024590622 0 75.0
1433024590204 1 50.0
1433024590306 1 50.0
1433024590408 1 50.0
1433024590508 1 50.0
1433024590609 1 56.0
1433024590710 1 56.0
1433024590722 0 75.0
1433024590822 0 75.0
1433024590923 0 75.0
1433024591023 0 75.0
1433024591124 0 75.0
1433024591224 0 75.0
1433024590812 1 56.0
1433024590912 1 56.0
1433024591013 1 56.0
1433024591113 1 56.0
1433024591214 1 56.0
1433024591316 1 56.0
1433024591325 0 75.0
1433024591425 0 75.0
1433024591526 0 75.0
1433024591626 0 82.0
1433024591726 0 106.0
1433024591826 0 106.0
1433024591417 1 56.0
1433024591517 1 56.0
1433024591619 1 56.0
1433024591721 1 56.0
1433024591822 1 56.0
1433024591924 1 56.0
1433024591926 0 106.0
1433024592026 0 106.0
1433024592126 0 106.0
1433024592227 0 115.0
1433024592326 0 115.0
1433024592427 0 102.0
1433024592026 1 56.0
1433024592127 1 56.0
1433024592229 1 56.0
1433024592330 1 73.0
1433024592431 1 73.0
1433024592533 1 73.0
1433024592527 0 102.0
1433024592627 0 102.0
1433024592727 0 109.0
1433024592827 0 109.0
1433024592927 0 109.0
1433024593028 0 109.0
1433024592635 1 90.0
1433024592737 1 90.0
1433024592838 1 74.0
1433024592940 1 74.0
1433024593041 1 74.0
1433024593141 1 65.0
1433024593128 0 109.0
1433024593229 0 109.0
1433024593329 0 109.0
1433024593430 0 82.0
1433024593530 0 82.0
1433024593631 0 82.0
1433024593242 1 65.0
1433024593343 1 65.0
1433024593444 1 65.0
1433024593546 1 57.0
1433024593647 1 51.0
1433024593749 1 51.0
1433024593850 1 51.0
1433024593952 1 51.0
1433024594054 1 51.0
1433024594155 1 42.0
1433024594256 1 42.0
1433024594358 1 42.0
1433024593731 0 75.0
1433024593832 0 56.0
1433024593932 0 50.0
1433024594033 0 46.0
1433024594133 0 46.0
1433024594234 0 52.0
1433024594460 1 42.0
1433024594561 1 47.0
1433024594662 1 47.0
1433024594762 1 47.0
1433024594863 1 47.0
1433024594964 1 47.0
1433024594334 0 52.0
1433024594435 0 58.0
1433024594536 0 71.0
1433024594636 0 71.0
1433024594736 0 79.0
1433024594837 0 79.0
1433024595066 1 47.0
1433024595168 1 47.0
1433024595269 1 47.0
1433024595370 1 51.0
1433024595470 1 57.0
1433024595572 1 70.0
1433024594937 0 79.0
1433024595037 0 79.0
1433024595137 0 79.0
1433024595237 0 79.0
1433024595337 0 79.0
1433024595438 0 79.0
1433024595538 0 71.0
1433024595673 1 88.0
1433024595774 1 106.0
1433024595875 1 106.0
1433024595976 1 106.0
1433024596077 1 118.0
1433024596177 1 118.0
1433024595639 0 71.0
1433024595739 0 71.0
1433024595840 0 71.0
1433024595940 0 71.0
1433024596040 0 71.0
1433024596141 0 71.0
1433024596277 1 76.0
1433024596378 1 17.0
1433024596480 1 17.0
1433024596581 1 17.0
1433024596682 1 17.0
1433024596783 1 17.0
1433024596241 0 71.0
1433024596342 0 86.0
1433024596442 0 100.0
1433024596542 0 100.0
1433024596642 0 114.0
1433024596743 0 114.0
1433024596884 1 17.0
1433024596986 1 17.0
1433024597088 1 17.0
1433024597190 1 17.0
1433024597291 1 17.0
1433024597391 1 17.0
1433024597492 1 17.0
1433024596843 0 88.0
1433024596943 0 70.0
1433024597043 0 75.0
1433024597143 0 75.0
1433024597243 0 57.0
1433024597343 0 64.0
1433024597594 1 17.0
1433024597695 1 17.0
1433024597796 1 17.0
1433024597897 1 17.0
1433024597999 1 17.0
1433024598100 1 17.0
1433024597444 0 59.0
1433024597544 0 13.0
1433024597645 0 11.0
1433024597746 0 10.0
1433024597846 0 10.0
1433024597946 0 12.0
1433024598202 1 17.0
1433024598303 1 17.0
1433024598404 1 17.0
1433024598506 1 17.0
1433024598607 1 17.0
1433024598708 1 17.0
1433024598047 0 12.0
1433024598147 0 12.0
1433024598248 0 11.0
1433024598348 0 11.0
1433024598448 0 12.0
1433024598548 0 15.0
1433024598810 1 17.0
1433024598911 1 17.0
1433024599013 1 17.0
1433024599115 1 17.0
1433024599216 1 17.0
1433024599317 1 17.0
1433024598648 0 13.0
1433024598748 0 11.0
1433024598849 0 9.0
1433024598948 0 9.0
1433024599049 0 11.0
1433024599149 0 12.0
1433024599418 1 17.0
1433024599519 1 17.0
1433024599620 1 17.0
1433024599721 1 17.0
1433024599822 1 17.0
1433024599923 1 17.0
1433024599250 0 12.0
1433024599350 0 11.0
1433024599450 0 10.0
1433024599550 0 10.0
1433024599650 0 10.0
1433024599750 0 10.0
1433024600025 1 17.0
1433024600126 1 17.0
1433024600228 1 17.0
1433024600330 1 17.0
1433024600430 1 17.0
1433024600532 1 17.0
1433024599851 0 11.0
1433024599951 0 11.0
1433024600052 0 11.0
1433024600152 0 11.0
1433024600253 0 11.0
1433024600353 0 11.0
1433024600454 0 11.0
1433024600633 1 17.0
1433024600735 1 17.0
1433024600837 1 17.0
1433024600939 1 17.0
1433024601040 1 17.0
1433024601142 1 17.0
1433024600554 0 11.0
1433024600655 0 11.0
1433024600756 0 11.0
1433024600856 0 11.0
1433024600957 0 11.0
1433024601057 0 11.0
1433024601243 1 17.0
1433024601344 1 17.0
1433024601443 1 17.0
1433024601544 1 17.0
1433024601645 1 17.0
1433024601746 1 17.0
1433024601157 0 11.0
1433024601257 0 11.0
1433024601357 0 11.0
1433024601457 0 11.0
1433024601557 0 11.0
1433024601657 0 11.0
1433024601848 1 17.0
1433024601950 1 17.0
1433024602051 1 17.0
1433024602152 1 17.0
1433024602255 1 17.0
1433024602357 1 17.0
1433024601757 0 11.0
1433024601857 0 11.0
1433024601957 0 11.0
1433024602057 0 11.0
1433024602157 0 11.0
1433024602257 0 11.0
1433024602458 1 17.0
1433024602559 1 17.0
1433024602661 1 17.0
1433024602761 1 17.0
1433024602862 1 17.0
1433024602963 1 17.0
1433024602357 0 11.0
1433024602457 0 11.0
1433024602557 0 11.0
1433024602657 0 11.0
1433024602758 0 11.0
1433024602858 0 11.0
1433024603065 1 17.0
1433024603166 1 17.0
1433024603266 1 17.0
1433024603368 1 17.0
1433024603469 1 17.0
1433024603569 1 17.0
1433024602959 0 11.0
1433024603059 0 11.0
1433024603160 0 11.0
1433024603260 0 11.0
1433024603361 0 11.0
1433024603461 0 11.0
1433024603669 1 17.0
1433024603769 1 17.0
1433024603562 0 11.0
1433024603662 0 11.0
1433024603762 0 11.0
1433024603870 1 17.0
1433024603971 1 17.0
1433024603862 0 11.0
1433024603962 0 11.0
1433024604062 0 11.0
1433024604162 0 11.0
1433024604072 1 17.0
1433024604174 1 17.0
1433024604274 1 17.0
1433024604375 1 17.0
1433024604476 1 17.0
1433024604577 1 17.0
1433024604262 0 11.0
1433024604363 0 11.0
1433024604462 0 11.0
1433024604678 1 17.0
1433024604779 1 17.0
1433024604880 1 17.0
1433024604563 0 11.0
1433024604663 0 11.0
1433024604764 0 11.0
1433024604864 0 11.0
1433024604965 0 11.0
1433024605065 0 11.0
1433024605166 0 11.0
1433024605267 0 11.0
1433024605367 0 11.0
1433024604981 1 17.0
1433024605082 1 17.0
1433024605184 1 17.0
1433024605285 1 17.0
1433024605386 1 17.0
1433024605487 1 17.0
1433024605467 0 11.0
1433024605567 0 11.0
1433024605668 0 11.0
1433024605768 0 11.0
1433024605869 0 11.0
1433024605969 0 11.0
1433024605588 1 17.0
1433024605690 1 17.0
1433024605791 1 17.0
1433024605891 1 17.0
1433024605993 1 17.0
1433024606094 1 17.0
1433024606069 0 11.0
1433024606169 0 11.0
1433024606269 0 11.0
1433024606369 0 11.0
1433024606469 0 11.0
1433024606569 0 11.0
1433024606196 1 17.0
1433024606297 1 17.0
1433024606398 1 17.0
1433024606500 1 17.0
1433024606601 1 17.0
1433024606701 1 17.0
1433024606802 1 17.0
1433024606904 1 17.0
1433024607006 1 17.0
1433024607108 1 17.0
1433024607209 1 17.0
1433024607310 1 17.0
1433024606669 0 11.0
1433024606769 0 11.0
1433024606869 0 11.0
1433024606969 0 11.0
1433024607069 0 11.0
1433024607169 0 11.0
1433024607269 0 11.0
1433024607369 0 11.0
1433024607469 0 11.0
1433024607569 0 11.0
1433024607669 0 11.0
1433024607769 0 11.0
1433024607411 1 17.0
1433024607513 1 17.0
1433024607615 1 17.0
1433024607716 1 17.0
1433024607818 1 17.0
1433024607919 1 17.0
1433024607869 0 11.0
1433024607969 0 11.0
1433024608069 0 11.0
1433024608169 0 11.0
1433024608269 0 11.0
1433024608369 0 11.0
1433024608019 1 17.0
1433024608120 1 17.0
1433024608221 1 17.0
1433024608322 1 17.0
1433024608424 1 17.0
1433024608526 1 17.0
1433024608469 0 11.0
1433024608569 0 11.0
1433024608670 0 20.0
1433024608769 0 20.0
1433024608870 0 20.0
1433024608628 1 17.0
1433024608729 1 17.0
1433024608831 1 17.0
1433024608932 1 17.0
1433024609034 1 17.0
1433024608970 0 20.0
1433024609071 0 20.0
1433024609170 0 20.0
1433024609270 0 20.0
1433024609370 0 20.0
1433024609135 1 17.0
1433024609237 1 17.0
1433024609339 1 17.0
1433024609439 1 17.0
1433024609540 1 17.0
1433024609642 1 17.0
1433024609744 1 17.0
1433024609470 0 20.0
1433024609570 0 20.0
1433024609670 0 20.0
1433024609770 0 20.0
1433024609870 0 30.0
1433024609844 1 17.0
1433024609946 1 17.0
1433024610046 1 17.0
1433024609971 0 66.0
1433024610071 0 617.0
1433024610171 0 800.0
1433024610148 1 17.0
1433024610250 1 17.0
1433024610352 1 17.0
1433024610272 0 1096.0
1433024610372 0 1194.0
1433024610472 0 1293.0
1433024610572 0 1110.0
1433024610672 0 997.0
1433024610772 0 997.0
1433024610453 1 17.0
1433024610554 1 17.0
1433024610656 1 17.0
1433024610758 1 17.0
1433024610858 1 17.0
1433024610958 1 17.0
1433024610872 0 913.0
1433024610972 0 913.0
1433024611072 0 772.0
1433024611172 0 336.0
1433024611059 1 17.0
1433024611161 1 17.0
1433024611262 1 17.0
1433024611362 1 17.0
1433024611273 0 55.0
1433024611372 0 34.0
1433024611473 0 95.0
1433024611463 1 17.0
1433024611565 1 17.0
1433024611573 0 561.0
1433024611674 0 899.0
1433024611774 0 1616.0
1433024611874 0 2250.0
1433024611974 0 2826.0
1433024612074 0 3080.0
1433024611667 1 17.0
1433024611767 1 17.0
1433024611868 1 17.0
1433024611969 1 17.0
1433024612070 1 17.0
1433024612171 1 17.0
1433024612174 0 3389.0
1433024612274 0 3868.0
1433024612374 0 3868.0
1433024612474 0 3868.0
1433024612574 0 3868.0
1433024612674 0 4121.0
1433024612271 1 17.0
1433024612372 1 17.0
1433024612473 1 17.0
1433024612575 1 17.0
1433024612676 1 17.0
1433024612777 1 17.0
1433024612878 1 17.0
1433024612774 0 4740.0
1433024612874 0 5514.0
1433024612975 0 6696.0
1433024613075 0 9313.0
1433024613175 0 11129.0
1433024613276 0 13633.0
1433024612978 1 17.0
1433024613079 1 17.0
1433024613180 1 17.0
1433024613282 1 17.0
1433024613384 1 17.0
1433024613485 1 17.0
1433024613376 0 14590.0
1433024613476 0 16630.0
1433024613576 0 19444.0
1433024613676 0 19444.0
1433024613777 0 19444.0
1433024613877 0 19444.0
1433024613587 1 17.0
1433024613688 1 17.0
1433024613790 1 17.0
1433024613891 1 17.0
1433024613992 1 17.0
1433024614093 1 17.0
1433024613977 0 19444.0
1433024614077 0 19444.0
1433024614177 0 19444.0
1433024614194 1 17.0
1433024614295 1 17.0
1433024614396 1 17.0
