1432904230062 0 309.0
1432904229693 1 421.0
1432904230946 0 210.0
1432904231206 0 55.0
1432904231362 0 63.0
1432904231517 0 77.0
1432904231725 0 92.0
1432904232089 0 119.0
1432904232244 0 171.0
1432904232400 0 305.0
1432904231734 1 337.0
1432904232556 0 323.0
1432904232920 0 351.0
1432904232833 1 280.0
1432904233042 1 323.0
1432904233803 0 323.0
1432904233356 1 252.0
1432904234115 0 295.0
1432904233565 1 196.0
1432904234427 0 238.0
1432904234582 0 168.0
1432904233984 1 154.0
1432904234738 0 126.0
1432904234298 1 154.0
1432904235414 0 196.0
1432904234664 1 112.0
1432904235725 0 266.0
1432904235031 1 83.0
1432904235187 1 113.0
1432904235882 0 505.0
1432904235344 1 412.0
1432904235501 1 463.0
1432904236193 0 562.0
1432904235711 1 505.0
1432904236548 1 492.0
1432904237281 1 478.0
1432904237490 1 182.0
1432904238323 0 534.0
1432904237699 1 267.0
1432904237908 1 267.0
1432904238118 1 238.0
1432904238947 0 435.0
1432904238327 1 252.0
1432904239206 0 323.0
1432904238641 1 323.0
1432904239414 0 407.0
1432904238798 1 435.0
1432904239622 0 520.0
1432904239217 1 477.0
1432904239882 0 562.0
1432904243519 0 463.0
1432904243351 1 449.0
1432904243769 1 407.0
1432904246333 1 421.0
1432904246909 1 491.0
1432904248403 0 435.0
1432904248870 0 393.0
1432904248114 1 463.0
1432904250886 1 407.0
1432904252194 1 421.0
1432904252455 0 435.0
1432904260515 1 463.0
1432904260881 1 351.0
1432904261038 1 309.0
1432904261755 0 379.0
1432904261247 1 266.0
1432904261404 1 224.0
1432904262170 0 534.0
1432904261614 1 351.0
1432904261771 1 421.0
1432904262451 1 309.0
1432904263262 0 323.0
1432904262608 1 182.0
1432904263417 0 309.0
1432904262817 1 407.0
1432904263573 0 505.0
