1433024545908 1 21.0
1433024546010 1 21.0
1433024545812 0 12.0
1433024545912 0 12.0
1433024546012 0 12.0
1433024546111 1 21.0
1433024546213 1 21.0
1433024546315 1 21.0
1433024546112 0 12.0
1433024546213 0 12.0
1433024546313 0 12.0
1433024546414 0 12.0
1433024546514 0 12.0
1433024546615 0 12.0
1433024546716 0 12.0
1433024546416 1 21.0
1433024546517 1 21.0
1433024546618 1 21.0
1433024546718 1 21.0
1433024546820 1 21.0
1433024546921 1 21.0
1433024546816 0 12.0
1433024546917 0 12.0
1433024547017 0 12.0
1433024547117 0 12.0
1433024547217 0 12.0
1433024547317 0 12.0
1433024547417 0 12.0
1433024547517 0 12.0
1433024547617 0 12.0
1433024547022 1 21.0
1433024547124 1 21.0
1433024547226 1 21.0
1433024547328 1 21.0
1433024547428 1 21.0
1433024547529 1 21.0
1433024547630 1 21.0
1433024547730 1 21.0
1433024547717 0 12.0
1433024547818 0 12.0
1433024547917 0 12.0
1433024548018 0 12.0
1433024548118 0 12.0
1433024547831 1 21.0
1433024547933 1 21.0
1433024548035 1 21.0
1433024548136 1 21.0
1433024548238 1 21.0
1433024548224 0 12.0
1433024548324 0 12.0
1433024548424 0 12.0
1433024548524 0 12.0
1433024548624 0 12.0
1433024548725 0 12.0
1433024548825 0 12.0
1433024548339 1 21.0
1433024548439 1 21.0
1433024548541 1 21.0
1433024548642 1 21.0
1433024548743 1 21.0
1433024548844 1 21.0
1433024548946 1 21.0
1433024548926 0 12.0
1433024549026 0 12.0
1433024549126 0 12.0
1433024549226 0 12.0
1433024549326 0 12.0
1433024549426 0 12.0
1433024549048 1 21.0
1433024549148 1 21.0
1433024549249 1 21.0
1433024549351 1 21.0
1433024549452 1 21.0
1433024549553 1 21.0
1433024549526 0 12.0
1433024549627 0 12.0
1433024549726 0 12.0
1433024549827 0 12.0
1433024549927 0 12.0
1433024550028 0 12.0
1433024549654 1 21.0
1433024549757 1 21.0
1433024549858 1 21.0
1433024549958 1 21.0
1433024550060 1 21.0
1433024550160 1 21.0
1433024550128 0 12.0
1433024550229 0 12.0
1433024550329 0 12.0
1433024550429 0 12.0
1433024550529 0 12.0
1433024550629 0 12.0
1433024550260 1 21.0
1433024550362 1 21.0
1433024550464 1 21.0
1433024550565 1 21.0
1433024550666 1 21.0
1433024550766 1 21.0
1433024550729 0 12.0
1433024550829 0 12.0
1433024550929 0 12.0
1433024551029 0 12.0
1433024551129 0 12.0
1433024551229 0 12.0
1433024550867 1 21.0
1433024550969 1 21.0
1433024551069 1 21.0
1433024551170 1 21.0
1433024551270 1 21.0
1433024551370 1 21.0
1433024551330 0 13.0
1433024551430 0 8.0
1433024551530 0 8.0
1433024551630 0 8.0
1433024551730 0 8.0
1433024551831 0 9.0
1433024551931 0 12.0
1433024551471 1 21.0
1433024551572 1 21.0
1433024551673 1 21.0
1433024551774 1 21.0
1433024551875 1 21.0
1433024551976 1 19.0
1433024552032 0 12.0
1433024552132 0 13.0
1433024552233 0 13.0
1433024552333 0 13.0
1433024552433 0 13.0
1433024552533 0 13.0
1433024552078 1 19.0
1433024552178 1 19.0
1433024552279 1 19.0
1433024552381 1 19.0
1433024552481 1 19.0
1433024552583 1 19.0
1433024552633 0 13.0
1433024552733 0 13.0
1433024552833 0 14.0
1433024552933 0 19.0
1433024553033 0 44.0
1433024553133 0 58.0
1433024552684 1 19.0
1433024552785 1 19.0
1433024552886 1 19.0
1433024552987 1 19.0
1433024553087 1 19.0
1433024553187 1 19.0
1433024553233 0 58.0
1433024553334 0 44.0
1433024553434 0 14.0
1433024553534 0 10.0
1433024553634 0 10.0
1433024553734 0 8.0
1433024553288 1 19.0
1433024553389 1 19.0
1433024553490 1 19.0
1433024553592 1 19.0
1433024553694 1 19.0
1433024553796 1 19.0
1433024553834 0 8.0
1433024553934 0 8.0
1433024554034 0 11.0
1433024554134 0 14.0
1433024554234 0 59.0
1433024554335 0 92.0
1433024553898 1 19.0
1433024553998 1 19.0
1433024554099 1 19.0
1433024554200 1 19.0
1433024554302 1 19.0
1433024554403 1 19.0
1433024554504 1 19.0
1433024554435 0 107.0
1433024554536 0 107.0
1433024554636 0 107.0
1433024554736 0 106.0
1433024554836 0 106.0
1433024554936 0 106.0
1433024554606 1 19.0
1433024554706 1 19.0
1433024554807 1 19.0
1433024554907 1 19.0
1433024555009 1 19.0
1433024555110 1 19.0
1433024555212 1 19.0
1433024555312 1 19.0
1433024555036 0 106.0
1433024555136 0 106.0
1433024555236 0 106.0
1433024555412 1 19.0
1433024555513 1 19.0
1433024555615 1 19.0
1433024555337 0 106.0
1433024555437 0 106.0
1433024555538 0 106.0
1433024555638 0 106.0
1433024555739 0 106.0
1433024555717 1 19.0
1433024555819 1 19.0
1433024555919 1 19.0
1433024555839 0 106.0
1433024555940 0 106.0
1433024556040 0 106.0
1433024556140 0 106.0
1433024556240 0 106.0
1433024556340 0 106.0
1433024556441 0 106.0
1433024556540 0 106.0
1433024556020 1 19.0
1433024556121 1 19.0
1433024556222 1 34.0
1433024556322 1 72.0
1433024556423 1 82.0
1433024556525 1 82.0
1433024556627 1 82.0
1433024556641 0 106.0
1433024556741 0 106.0
1433024556842 0 106.0
1433024556942 0 106.0
1433024557042 0 106.0
1433024557142 0 106.0
1433024556728 1 82.0
1433024556830 1 82.0
1433024556931 1 89.0
1433024557033 1 89.0
1433024557133 1 100.0
1433024557233 1 100.0
1433024557242 0 106.0
1433024557342 0 106.0
1433024557442 0 106.0
1433024557543 0 106.0
1433024557643 0 106.0
1433024557744 0 86.0
1433024557334 1 100.0
1433024557436 1 100.0
1433024557538 1 100.0
1433024557640 1 100.0
1433024557742 1 100.0
1433024557842 1 100.0
1433024557844 0 86.0
1433024557944 0 86.0
1433024558044 0 86.0
1433024558144 0 86.0
1433024558244 0 86.0
1433024558344 0 86.0
1433024557944 1 100.0
1433024558046 1 100.0
1433024558148 1 100.0
1433024558250 1 100.0
1433024558351 1 100.0
1433024558453 1 100.0
1433024558444 0 86.0
1433024558544 0 86.0
1433024558644 0 86.0
1433024558744 0 73.0
1433024558844 0 73.0
1433024558554 1 100.0
1433024558656 1 100.0
1433024558758 1 100.0
1433024558858 1 100.0
1433024558958 1 100.0
1433024559059 1 100.0
1433024559161 1 100.0
1433024559263 1 88.0
1433024559364 1 88.0
1433024559464 1 43.0
1433024559565 1 18.0
1433024559668 1 18.0
1433024559768 1 18.0
1433024559869 1 18.0
1433024559970 1 18.0
1433024560070 1 18.0
1433024558945 0 73.0
1433024559045 0 73.0
1433024559145 0 73.0
1433024559245 0 73.0
1433024559345 0 73.0
1433024559446 0 73.0
1433024559546 0 73.0
1433024559647 0 73.0
1433024559747 0 73.0
1433024559848 0 73.0
1433024559948 0 73.0
1433024560170 1 18.0
1433024560270 1 18.0
1433024560371 1 18.0
1433024560048 0 73.0
1433024560149 0 73.0
1433024560249 0 73.0
1433024560350 0 73.0
1433024560450 0 73.0
1433024560471 1 15.0
1433024560573 1 15.0
1433024560674 1 17.0
1433024560775 1 13.0
1433024560875 1 6.0
1433024560550 0 73.0
1433024560651 0 73.0
1433024560751 0 73.0
1433024560852 0 73.0
1433024560952 0 73.0
1433024561053 0 73.0
1433024561153 0 73.0
1433024561253 0 73.0
1433024561353 0 73.0
1433024560975 1 3.0
1433024561075 1 3.0
1433024561175 1 3.0
1433024561276 1 2.0
1433024561377 1 2.0
1433024561477 1 2.0
1433024561453 0 73.0
1433024561553 0 73.0
1433024561653 0 73.0
1433024561753 0 73.0
1433024561853 0 73.0
1433024561953 0 73.0
1433024562054 0 73.0
1433024561578 1 2.0
1433024561679 1 2.0
1433024561780 1 2.0
1433024561882 1 2.0
1433024561982 1 2.0
1433024562082 1 2.0
1433024562182 1 2.0
1433024562158 0 73.0
1433024562259 0 73.0
1433024562359 0 73.0
1433024562460 0 73.0
1433024562283 1 2.0
1433024562383 1 2.0
1433024562483 1 2.0
1433024562584 1 2.0
1433024562560 0 73.0
1433024562661 0 73.0
1433024562761 0 73.0
1433024562684 1 2.0
1433024562784 1 2.0
1433024562884 1 2.0
1433024562985 1 2.0
1433024562862 0 73.0
1433024562962 0 73.0
1433024563085 1 2.0
1433024563063 0 73.0
1433024563185 1 2.0
1433024563285 1 2.0
1433024563386 1 2.0
1433024563163 0 73.0
1433024563263 0 73.0
1433024563363 0 73.0
1433024563486 1 2.0
1433024563586 1 2.0
1433024563686 1 2.0
1433024563463 0 73.0
1433024563563 0 73.0
1433024563663 0 73.0
1433024563763 0 73.0
1433024563863 0 73.0
1433024563963 0 73.0
1433024564063 0 73.0
1433024564163 0 73.0
1433024563786 1 2.0
1433024563886 1 2.0
1433024563986 1 2.0
1433024564087 1 2.0
1433024564187 1 2.0
1433024564287 1 2.0
1433024564263 0 73.0
1433024564363 0 73.0
1433024564463 0 73.0
1433024564563 0 73.0
1433024564663 0 73.0
1433024564763 0 100.0
1433024564388 1 2.0
1433024564487 1 2.0
1433024564587 1 2.0
1433024564688 1 2.0
1433024564788 1 2.0
1433024564863 0 113.0
1433024564964 0 113.0
1433024565064 0 90.0
1433024565165 0 65.0
1433024565266 0 32.0
1433024565367 0 13.0
1433024564888 1 2.0
1433024564988 1 2.0
1433024565088 1 2.0
1433024565188 1 2.0
1433024565289 1 2.0
1433024565389 1 2.0
1433024565467 0 11.0
1433024565567 0 9.0
1433024565668 0 9.0
1433024565768 0 8.0
1433024565869 0 7.0
1433024565969 0 4.0
1433024566070 0 2.0
1433024565489 1 2.0
1433024565589 1 2.0
1433024565689 1 2.0
1433024565789 1 2.0
1433024565889 1 2.0
1433024565990 1 2.0
1433024566090 1 3.0
1433024566192 1 3.0
1433024566292 1 3.0
1433024566393 1 3.0
1433024566493 1 3.0
1433024566593 1 3.0
1433024566693 1 3.0
1433024566171 0 2.0
1433024566271 0 2.0
1433024566371 0 2.0
1433024566471 0 2.0
1433024566571 0 2.0
1433024566671 0 2.0
1433024566771 0 2.0
1433024566871 0 2.0
1433024566972 0 2.0
1433024567072 0 2.0
1433024567173 0 2.0
1433024567273 0 2.0
1433024566794 1 3.0
1433024566894 1 3.0
1433024566994 1 3.0
1433024567094 1 3.0
1433024567194 1 3.0
1433024567294 1 3.0
1433024567373 0 2.0
1433024567474 0 2.0
1433024567574 0 2.0
1433024567674 0 2.0
1433024567775 0 2.0
1433024567875 0 2.0
1433024567976 0 2.0
1433024568076 0 2.0
1433024568177 0 2.0
1433024568277 0 2.0
1433024568377 0 2.0
1433024568478 0 2.0
1433024567394 1 2.0
1433024567495 1 2.0
1433024567595 1 2.0
1433024567695 1 2.0
1433024567795 1 2.0
1433024567895 1 2.0
1433024567995 1 2.0
1433024568095 1 2.0
1433024568195 1 2.0
1433024568295 1 2.0
1433024568395 1 2.0
1433024568495 1 2.0
1433024568578 0 2.0
1433024568679 0 2.0
1433024568779 0 2.0
1433024568880 0 2.0
1433024568980 0 2.0
1433024569080 0 2.0
1433024569180 0 2.0
1433024569280 0 2.0
1433024569381 0 2.0
1433024568595 1 2.0
1433024568695 1 2.0
1433024568795 1 2.0
1433024568895 1 2.0
1433024568995 1 2.0
1433024569095 1 2.0
1433024569196 1 2.0
1433024569296 1 2.0
1433024569397 1 2.0
1433024569497 1 2.0
1433024569597 1 2.0
1433024569697 1 2.0
1433024569797 1 2.0
1433024569898 1 2.0
1433024569998 1 2.0
1433024569481 0 2.0
1433024569581 0 2.0
1433024569681 0 2.0
1433024569782 0 2.0
1433024569882 0 2.0
1433024569983 0 2.0
1433024570083 0 2.0
1433024570183 0 2.0
1433024570283 0 2.0
1433024570383 0 2.0
1433024570483 0 2.0
1433024570583 0 2.0
1433024570098 1 2.0
1433024570198 1 2.0
1433024570299 1 2.0
1433024570399 1 2.0
1433024570499 1 2.0
1433024570599 1 3.0
1433024570683 0 2.0
1433024570783 0 2.0
1433024570883 0 3.0
1433024570983 0 6.0
1433024571083 0 6.0
1433024571184 0 6.0
1433024571284 0 6.0
1433024570699 1 18.0
1433024570799 1 20.0
1433024570900 1 20.0
1433024571002 1 20.0
1433024571103 1 20.0
1433024571204 1 20.0
1433024571384 0 6.0
1433024571484 0 6.0
1433024571585 0 6.0
1433024571684 0 6.0
1433024571785 0 6.0
1433024571884 0 6.0
1433024571304 1 20.0
1433024571405 1 20.0
1433024571507 1 20.0
1433024571607 1 20.0
1433024571708 1 20.0
1433024571810 1 20.0
1433024571911 1 20.0
1433024572012 1 20.0
1433024572114 1 20.0
1433024572215 1 20.0
1433024572315 1 20.0
1433024572416 1 20.0
1433024572516 1 20.0
1433024572616 1 20.0
1433024571984 0 6.0
1433024572084 0 6.0
1433024572184 0 6.0
1433024572284 0 6.0
1433024572384 0 6.0
1433024572484 0 6.0
1433024572584 0 6.0
1433024572684 0 6.0
1433024572785 0 6.0
1433024572885 0 6.0
1433024572718 1 20.0
1433024572820 1 20.0
1433024572922 1 20.0
1433024573023 1 20.0
1433024573124 1 20.0
1433024573224 1 20.0
1433024572985 0 6.0
1433024573085 0 6.0
1433024573186 0 6.0
1433024573325 1 20.0
1433024573426 1 20.0
1433024573526 1 20.0
1433024573286 0 6.0
1433024573386 0 6.0
1433024573486 0 6.0
1433024573586 0 6.0
1433024573686 0 6.0
1433024573627 1 20.0
1433024573729 1 20.0
1433024573831 1 20.0
1433024573786 0 6.0
1433024573887 0 6.0
1433024573987 0 6.0
1433024574088 0 6.0
1433024574188 0 7.0
1433024574288 0 8.0
1433024573931 1 20.0
1433024574033 1 20.0
1433024574132 1 20.0
1433024574233 1 20.0
1433024574336 1 20.0
1433024574437 1 20.0
1433024574539 1 20.0
1433024574388 0 9.0
1433024574489 0 10.0
1433024574589 0 12.0
1433024574640 1 20.0
1433024574741 1 20.0
1433024574689 0 13.0
1433024574789 0 13.0
1433024574889 0 13.0
1433024574989 0 12.0
1433024575089 0 12.0
1433024575189 0 12.0
1433024575289 0 12.0
1433024574842 1 20.0
1433024574943 1 20.0
1433024575044 1 20.0
1433024575146 1 20.0
1433024575247 1 20.0
1433024575348 1 20.0
1433024575389 0 12.0
1433024575489 0 12.0
1433024575589 0 12.0
1433024575689 0 12.0
1433024575790 0 12.0
1433024575890 0 12.0
1433024575450 1 20.0
1433024575551 1 20.0
1433024575654 1 20.0
1433024575754 1 20.0
1433024575854 1 20.0
1433024575991 0 12.0
1433024576091 0 10.0
1433024576192 0 10.0
1433024576292 0 10.0
1433024576392 0 10.0
1433024576492 0 10.0
1433024575957 1 20.0
1433024576058 1 20.0
1433024576159 1 20.0
1433024576259 1 23.0
1433024576360 1 64.0
1433024576460 1 104.0
1433024576561 1 104.0
1433024576663 1 94.0
1433024576763 1 94.0
1433024576864 1 94.0
1433024576965 1 94.0
1433024577068 1 94.0
1433024577168 1 94.0
1433024576592 0 11.0
1433024576692 0 11.0
1433024576792 0 11.0
1433024576892 0 11.0
1433024576992 0 13.0
1433024577092 0 13.0
1433024577192 0 12.0
1433024577292 0 10.0
1433024577392 0 10.0
1433024577492 0 10.0
1433024577592 0 10.0
1433024577693 0 13.0
1433024577269 1 94.0
1433024577369 1 94.0
1433024577470 1 94.0
1433024577571 1 94.0
1433024577671 1 80.0
1433024577772 1 80.0
1433024577792 0 13.0
1433024577893 0 13.0
1433024577993 0 14.0
1433024578094 0 14.0
1433024578194 0 14.0
1433024578294 0 14.0
1433024577872 1 70.0
1433024577974 1 70.0
1433024578075 1 70.0
1433024578177 1 70.0
1433024578278 1 70.0
1433024578379 1 70.0
1433024578394 0 14.0
1433024578494 0 14.0
1433024578594 0 14.0
1433024578695 0 14.0
1433024578794 0 14.0
1433024578895 0 14.0
1433024578480 1 70.0
1433024578580 1 70.0
1433024578681 1 70.0
1433024578782 1 70.0
1433024578884 1 70.0
1433024578985 1 70.0
