1433153358365 0 491.0
1433153358124 1 547.0
1433153358337 1 547.0
1433153360120 0 505.0
1433153358466 0 491.0
1433153358226 1 547.0
1433153358437 1 547.0
1433153360222 0 505.0
1433153358569 0 491.0
1433153358328 1 547.0
1433153358537 1 547.0
1433153360323 0 505.0
1433153358669 0 491.0
1433153358430 1 547.0
1433153358637 1 547.0
1433153360425 0 505.0
1433153358771 0 491.0
1433153358531 1 547.0
1433153358737 1 547.0
1433153360527 0 505.0
1433153358870 0 491.0
1433153358838 1 547.0
1433153358633 1 547.0
1433153360629 0 505.0
1433153358972 0 491.0
1433153358937 1 547.0
1433153358736 1 547.0
1433153360731 0 505.0
1433153359072 0 491.0
1433153359038 1 547.0
1433153358837 1 547.0
1433153360832 0 505.0
1433153359174 0 491.0
1433153359138 1 547.0
1433153358939 1 547.0
1433153360934 0 505.0
1433153359276 0 491.0
1433153359238 1 547.0
1433153359040 1 547.0
1433153361035 0 505.0
1433153359378 0 491.0
1433153359338 1 547.0
1433153359142 1 547.0
1433153361137 0 505.0
1433153359480 0 491.0
1433153359438 1 547.0
1433153359244 1 547.0
1433153361239 0 505.0
1433153359582 0 491.0
1433153359538 1 547.0
1433153359346 1 547.0
1433153361341 0 505.0
1433153359683 0 491.0
1433153359638 1 547.0
1433153359447 1 547.0
1433153361441 0 505.0
1433153359784 0 491.0
1433153359739 1 547.0
1433153359549 1 547.0
1433153359885 0 491.0
1433153359839 1 547.0
1433153361541 0 505.0
1433153361641 0 505.0
1433153359987 0 491.0
1433153359940 1 547.0
1433153361743 0 505.0
1433153359650 1 547.0
1433153359750 1 547.0
1433153360088 0 491.0
1433153360040 1 547.0
1433153359850 1 547.0
1433153361842 0 505.0
1433153360190 0 491.0
1433153360140 1 547.0
1433153359952 1 547.0
1433153361942 0 505.0
1433153360292 0 491.0
1433153360240 1 547.0
1433153360053 1 547.0
1433153362042 0 505.0
1433153360394 0 491.0
1433153360341 1 547.0
1433153360154 1 547.0
1433153362145 0 505.0
1433153360496 0 491.0
1433153360441 1 547.0
1433153360254 1 547.0
1433153362247 0 505.0
1433153360597 0 491.0
1433153360542 1 547.0
1433153360356 1 547.0
1433153362347 0 505.0
1433153360699 0 491.0
1433153360642 1 547.0
1433153360457 1 547.0
1433153362447 0 505.0
1433153360801 0 491.0
1433153360742 1 547.0
1433153360559 1 547.0
1433153362550 0 505.0
1433153360901 0 491.0
1433153360842 1 547.0
1433153360660 1 547.0
1433153362650 0 505.0
1433153361003 0 491.0
1433153360942 1 547.0
1433153360761 1 547.0
1433153362751 0 505.0
1433153361104 0 491.0
1433153361042 1 547.0
1433153360862 1 547.0
1433153362852 0 505.0
1433153361205 0 491.0
1433153361142 1 547.0
1433153360965 1 547.0
1433153361308 0 491.0
1433153361243 1 547.0
1433153361065 1 547.0
1433153362952 0 505.0
1433153363052 0 505.0
1433153361410 0 491.0
1433153361343 1 547.0
1433153363153 0 505.0
1433153361166 1 547.0
1433153361511 0 491.0
1433153361444 1 547.0
1433153363254 0 505.0
1433153361267 1 547.0
1433153361544 1 547.0
1433153363356 0 505.0
1433153361369 1 547.0
1433153361612 0 491.0
1433153361713 0 491.0
1433153361644 1 547.0
1433153363457 0 505.0
1433153361470 1 547.0
1433153361813 0 491.0
1433153361744 1 547.0
1433153363559 0 505.0
1433153361572 1 547.0
1433153361914 0 491.0
1433153361844 1 547.0
1433153363660 0 505.0
1433153361673 1 547.0
1433153362015 0 491.0
1433153361944 1 547.0
1433153363760 0 505.0
1433153361774 1 547.0
1433153362116 0 491.0
1433153362045 1 547.0
1433153363860 0 505.0
1433153361876 1 547.0
1433153362218 0 491.0
1433153362145 1 547.0
1433153363960 0 505.0
1433153361978 1 547.0
1433153362320 0 491.0
1433153362245 1 547.0
1433153364061 0 505.0
1433153362079 1 547.0
1433153362429 0 491.0
1433153362345 1 547.0
1433153364161 0 505.0
1433153362180 1 547.0
1433153362530 0 491.0
1433153362445 1 547.0
1433153364263 0 505.0
1433153362281 1 547.0
1433153362631 0 392.0
1433153362545 1 547.0
1433153364367 0 505.0
1433153362383 1 547.0
1433153362733 0 392.0
1433153362645 1 547.0
1433153364467 0 505.0
1433153362485 1 547.0
1433153362834 0 392.0
1433153362745 1 547.0
1433153364569 0 505.0
1433153362587 1 547.0
1433153362845 1 547.0
1433153362936 0 392.0
1433153364670 0 505.0
1433153362688 1 547.0
1433153362945 1 547.0
1433153363037 0 392.0
1433153364770 0 505.0
1433153362787 1 547.0
1433153363045 1 547.0
1433153363139 0 392.0
1433153364870 0 505.0
1433153362888 1 547.0
1433153363145 1 547.0
1433153363239 0 392.0
1433153364971 0 505.0
1433153362989 1 547.0
1433153363245 1 547.0
1433153363341 0 392.0
1433153365071 0 505.0
1433153363090 1 547.0
1433153363345 1 547.0
1433153363442 0 392.0
1433153365172 0 505.0
1433153363191 1 547.0
1433153363445 1 547.0
1433153363544 0 392.0
1433153365271 0 505.0
1433153363292 1 547.0
1433153363546 1 547.0
1433153363645 0 392.0
1433153365373 0 505.0
1433153363393 1 547.0
1433153363645 1 547.0
1433153363746 0 364.0
1433153365474 0 505.0
1433153363495 1 547.0
1433153363746 1 547.0
1433153363848 0 336.0
1433153365575 0 505.0
1433153363597 1 547.0
1433153363847 1 505.0
1433153363948 0 210.0
1433153365676 0 505.0
1433153363698 1 547.0
1433153363947 1 505.0
1433153364048 0 83.0
1433153365776 0 505.0
1433153363800 1 547.0
1433153364047 1 505.0
1433153364149 0 78.0
1433153365877 0 505.0
1433153363902 1 547.0
1433153364147 1 505.0
1433153364249 0 273.0
1433153365979 0 505.0
1433153364003 1 547.0
1433153364247 1 505.0
1433153364350 0 491.0
1433153366080 0 505.0
1433153364105 1 547.0
1433153364348 1 505.0
1433153364452 0 491.0
1433153366182 0 505.0
1433153364207 1 547.0
1433153364448 1 505.0
1433153364553 0 491.0
1433153366282 0 505.0
1433153364549 1 505.0
1433153364653 0 491.0
1433153366385 0 505.0
1433153364308 1 547.0
1433153364409 1 547.0
1433153364649 1 505.0
1433153364753 0 491.0
1433153366486 0 505.0
1433153364511 1 547.0
1433153364749 1 505.0
1433153364853 0 392.0
1433153366587 0 505.0
1433153364612 1 547.0
1433153364849 1 505.0
1433153364953 0 139.0
1433153366688 0 505.0
1433153364713 1 547.0
1433153364949 1 505.0
1433153365053 0 64.0
1433153366789 0 505.0
1433153364814 1 547.0
1433153365050 1 505.0
1433153365154 0 206.0
1433153366889 0 505.0
1433153364916 1 547.0
1433153365149 1 505.0
1433153365255 0 350.0
1433153366990 0 505.0
1433153365017 1 547.0
1433153365250 1 505.0
1433153365354 0 350.0
1433153367091 0 505.0
1433153365119 1 547.0
1433153365350 1 505.0
1433153365455 0 238.0
1433153367191 0 505.0
1433153365221 1 547.0
1433153365451 1 505.0
1433153365555 0 125.0
1433153367291 0 505.0
1433153365322 1 547.0
1433153365551 1 505.0
1433153365656 0 139.0
1433153367393 0 505.0
1433153365424 1 547.0
1433153365652 1 505.0
1433153365755 0 182.0
1433153367494 0 505.0
1433153365525 1 547.0
1433153365752 1 505.0
1433153365855 0 238.0
1433153367596 0 505.0
1433153365627 1 547.0
1433153365852 1 505.0
1433153365955 0 280.0
1433153367697 0 505.0
1433153365729 1 547.0
1433153365952 1 505.0
1433153366056 0 322.0
1433153367798 0 505.0
1433153365830 1 547.0
1433153366053 1 505.0
1433153366157 0 350.0
1433153367899 0 505.0
1433153365931 1 547.0
1433153366153 1 505.0
1433153366258 0 210.0
1433153368001 0 505.0
1433153366032 1 547.0
1433153366253 1 505.0
1433153366359 0 47.0
1433153368103 0 505.0
1433153366134 1 547.0
1433153366353 1 505.0
1433153366460 0 18.0
1433153368204 0 505.0
1433153366236 1 547.0
1433153366453 1 505.0
1433153366560 0 13.0
1433153368305 0 505.0
1433153366338 1 547.0
1433153366553 1 505.0
1433153366660 0 8.0
1433153368407 0 505.0
1433153366438 1 547.0
1433153366653 1 505.0
1433153366761 0 8.0
1433153368508 0 505.0
1433153366539 1 547.0
1433153366754 1 505.0
1433153366862 0 9.0
1433153368610 0 505.0
1433153366641 1 547.0
1433153366854 1 505.0
1433153366964 0 9.0
1433153368711 0 505.0
1433153366741 1 547.0
1433153366955 1 505.0
1433153367064 0 9.0
1433153368813 0 505.0
1433153366843 1 547.0
1433153367055 1 505.0
1433153367163 0 9.0
1433153368915 0 505.0
1433153366944 1 547.0
1433153367155 1 505.0
1433153367263 0 9.0
1433153369017 0 505.0
1433153367046 1 547.0
1433153367255 1 505.0
1433153367363 0 9.0
1433153369119 0 505.0
1433153367148 1 547.0
1433153367356 1 505.0
1433153367464 0 9.0
1433153369221 0 505.0
1433153367248 1 547.0
1433153367457 1 505.0
1433153367564 0 9.0
1433153369323 0 505.0
1433153367350 1 547.0
1433153367557 1 505.0
1433153367664 0 11.0
1433153369425 0 505.0
1433153367658 1 505.0
1433153367765 0 11.0
1433153369527 0 505.0
1433153367758 1 505.0
1433153367450 1 547.0
1433153367551 1 547.0
1433153367866 0 11.0
1433153369629 0 505.0
1433153367858 1 505.0
1433153367651 1 547.0
1433153367966 0 11.0
1433153369729 0 505.0
1433153367958 1 505.0
1433153367751 1 547.0
1433153368067 0 11.0
1433153369830 0 505.0
1433153368059 1 505.0
1433153367852 1 547.0
1433153368168 0 11.0
1433153369932 0 505.0
1433153368159 1 505.0
1433153367954 1 547.0
1433153368269 0 11.0
1433153370033 0 505.0
1433153368259 1 505.0
1433153368055 1 547.0
1433153368371 0 11.0
1433153370134 0 505.0
1433153368359 1 505.0
1433153368157 1 547.0
1433153368470 0 11.0
1433153370237 0 505.0
1433153368459 1 505.0
1433153368258 1 547.0
1433153368572 0 11.0
1433153370338 0 505.0
1433153368559 1 505.0
1433153368360 1 547.0
1433153368674 0 11.0
1433153370439 0 505.0
1433153368659 1 505.0
1433153368461 1 547.0
1433153368776 0 11.0
1433153370540 0 505.0
1433153368759 1 505.0
1433153368563 1 547.0
1433153368876 0 11.0
1433153370642 0 505.0
1433153368859 1 505.0
1433153368665 1 547.0
1433153368978 0 11.0
1433153370742 0 505.0
1433153368959 1 505.0
1433153368766 1 547.0
1433153369079 0 11.0
1433153370842 0 505.0
1433153369060 1 505.0
1433153368867 1 547.0
1433153369181 0 11.0
1433153370944 0 505.0
1433153369160 1 505.0
1433153368969 1 547.0
1433153369282 0 11.0
1433153369260 1 505.0
1433153371045 0 505.0
1433153369070 1 547.0
1433153369384 0 11.0
1433153369360 1 505.0
1433153371147 0 505.0
1433153369172 1 547.0
1433153369485 0 11.0
1433153369460 1 505.0
1433153371249 0 505.0
1433153369273 1 547.0
1433153369586 0 11.0
1433153369561 1 505.0
1433153371351 0 505.0
1433153369374 1 547.0
1433153369687 0 7.0
1433153369661 1 491.0
1433153371452 0 505.0
1433153369475 1 547.0
1433153369789 0 8.0
1433153369762 1 125.0
1433153371554 0 505.0
1433153369576 1 547.0
1433153369890 0 7.0
1433153369862 1 125.0
1433153371657 0 505.0
1433153369677 1 547.0
1433153369992 0 7.0
1433153369962 1 125.0
1433153371759 0 505.0
1433153369778 1 547.0
1433153370093 0 7.0
1433153370062 1 60.0
1433153371860 0 505.0
1433153369880 1 547.0
1433153370194 0 4.0
1433153370163 1 48.0
1433153371961 0 505.0
1433153369982 1 547.0
1433153370296 0 4.0
1433153370263 1 48.0
1433153372062 0 505.0
1433153370083 1 547.0
1433153370396 0 5.0
1433153370363 1 48.0
1433153372164 0 505.0
1433153370184 1 547.0
1433153370497 0 5.0
1433153370463 1 48.0
1433153372267 0 505.0
1433153370286 1 547.0
1433153370599 0 5.0
1433153370563 1 57.0
1433153372368 0 505.0
1433153370387 1 547.0
1433153370701 0 5.0
1433153370663 1 57.0
1433153372469 0 505.0
1433153370487 1 547.0
1433153370803 0 5.0
1433153370763 1 57.0
1433153372571 0 505.0
1433153370589 1 547.0
1433153370904 0 5.0
1433153370864 1 57.0
1433153372672 0 505.0
1433153370690 1 547.0
1433153371006 0 5.0
1433153370963 1 57.0
1433153372773 0 505.0
1433153370792 1 547.0
1433153371108 0 5.0
1433153371064 1 58.0
1433153372874 0 505.0
1433153370893 1 547.0
1433153371209 0 5.0
1433153371164 1 58.0
1433153372977 0 505.0
1433153370994 1 547.0
1433153371311 0 5.0
1433153371265 1 58.0
1433153373078 0 505.0
1433153371095 1 547.0
1433153371413 0 5.0
1433153371365 1 58.0
1433153373179 0 505.0
1433153371196 1 547.0
1433153371515 0 5.0
1433153371465 1 58.0
1433153373280 0 505.0
1433153371298 1 547.0
1433153371618 0 5.0
1433153371565 1 67.0
1433153373383 0 505.0
1433153371400 1 547.0
1433153371720 0 5.0
1433153371665 1 78.0
1433153373484 0 505.0
1433153371502 1 547.0
1433153371822 0 5.0
1433153371765 1 78.0
1433153373586 0 505.0
1433153371603 1 547.0
1433153371924 0 5.0
1433153371865 1 78.0
1433153373687 0 505.0
1433153371705 1 547.0
1433153372025 0 5.0
1433153371965 1 78.0
1433153373788 0 505.0
1433153371806 1 547.0
1433153372128 0 5.0
1433153372065 1 87.0
1433153373890 0 505.0
1433153372229 0 5.0
1433153372165 1 87.0
1433153371907 1 547.0
1433153372008 1 547.0
1433153372331 0 5.0
1433153372266 1 122.0
1433153373990 0 505.0
1433153374091 0 505.0
1433153372110 1 547.0
1433153372432 0 6.0
1433153372366 1 132.0
1433153372212 1 547.0
1433153372533 0 10.0
1433153372466 1 199.0
1433153374191 0 505.0
1433153374291 0 505.0
1433153372314 1 547.0
1433153372633 0 20.0
1433153372566 1 477.0
1433153374394 0 505.0
1433153372415 1 547.0
1433153372734 0 34.0
1433153372667 1 491.0
1433153374495 0 505.0
1433153372517 1 547.0
1433153372835 0 69.0
1433153372767 1 491.0
1433153374597 0 505.0
1433153372619 1 547.0
1433153372936 0 106.0
1433153372868 1 533.0
1433153374699 0 505.0
1433153372721 1 547.0
1433153373036 0 331.0
1433153372968 1 533.0
1433153374801 0 505.0
1433153372822 1 547.0
1433153373138 0 771.0
1433153373068 1 547.0
1433153372924 1 547.0
1433153373238 0 561.0
1433153373168 1 547.0
1433153374902 0 505.0
1433153375002 0 505.0
1433153373025 1 547.0
1433153373339 0 603.0
1433153373268 1 547.0
1433153375104 0 505.0
1433153373127 1 547.0
1433153373440 0 603.0
1433153373369 1 547.0
1433153375206 0 505.0
1433153373229 1 547.0
1433153373542 0 603.0
1433153373469 1 547.0
1433153375306 0 505.0
1433153373330 1 547.0
1433153373642 0 603.0
1433153373569 1 547.0
1433153375409 0 505.0
1433153373432 1 547.0
1433153373744 0 603.0
1433153373669 1 547.0
1433153375510 0 505.0
1433153373534 1 547.0
1433153373845 0 603.0
1433153373769 1 547.0
1433153375611 0 505.0
1433153373636 1 547.0
1433153373946 0 603.0
1433153373870 1 547.0
1433153375712 0 505.0
1433153373737 1 547.0
1433153374048 0 603.0
1433153373970 1 547.0
1433153375813 0 505.0
1433153373839 1 547.0
1433153374150 0 603.0
1433153374071 1 547.0
1433153375914 0 505.0
1433153373941 1 547.0
1433153374251 0 603.0
1433153374171 1 547.0
1433153376016 0 505.0
1433153374042 1 547.0
1433153374353 0 603.0
1433153374271 1 547.0
1433153376118 0 505.0
1433153374144 1 547.0
1433153374454 0 603.0
1433153374371 1 547.0
1433153376220 0 505.0
1433153374246 1 547.0
1433153374556 0 603.0
1433153374471 1 547.0
1433153376321 0 505.0
1433153374348 1 547.0
1433153374657 0 603.0
1433153374571 1 547.0
1433153376423 0 505.0
1433153374449 1 547.0
1433153374758 0 603.0
1433153374671 1 547.0
1433153376524 0 505.0
1433153374551 1 547.0
1433153374859 0 603.0
1433153374772 1 547.0
1433153376626 0 505.0
1433153374961 0 603.0
1433153374872 1 547.0
1433153376729 0 505.0
1433153374652 1 547.0
1433153374752 1 547.0
1433153375063 0 603.0
1433153374972 1 547.0
1433153376831 0 505.0
1433153374853 1 547.0
1433153375072 1 547.0
1433153375165 0 603.0
1433153376932 0 505.0
1433153374952 1 547.0
1433153375172 1 547.0
1433153375266 0 603.0
1433153377033 0 505.0
1433153375053 1 547.0
1433153375272 1 547.0
1433153375368 0 603.0
1433153377135 0 505.0
1433153375155 1 547.0
1433153375372 1 547.0
1433153375468 0 603.0
1433153377237 0 505.0
1433153375256 1 547.0
1433153375472 1 547.0
1433153375571 0 603.0
1433153377339 0 505.0
1433153375358 1 547.0
1433153375573 1 547.0
1433153375672 0 603.0
1433153377440 0 505.0
1433153375459 1 547.0
1433153375673 1 547.0
1433153375774 0 603.0
1433153377542 0 505.0
1433153375560 1 547.0
1433153375774 1 547.0
1433153375876 0 603.0
1433153377644 0 505.0
1433153375661 1 547.0
1433153375874 1 547.0
1433153375978 0 603.0
1433153377745 0 505.0
1433153375762 1 547.0
1433153375974 1 547.0
1433153376078 0 603.0
1433153377846 0 505.0
1433153375863 1 547.0
1433153376074 1 547.0
1433153376180 0 603.0
1433153377947 0 505.0
1433153375964 1 547.0
1433153376175 1 547.0
1433153376281 0 603.0
1433153378048 0 505.0
1433153376065 1 547.0
1433153376275 1 547.0
1433153376382 0 603.0
1433153378149 0 505.0
1433153376167 1 547.0
1433153376376 1 547.0
1433153376483 0 603.0
1433153378251 0 505.0
1433153376268 1 547.0
1433153376476 1 547.0
1433153376585 0 603.0
1433153378352 0 505.0
1433153376370 1 547.0
1433153376576 1 547.0
1433153376686 0 603.0
1433153378453 0 505.0
1433153376472 1 547.0
1433153376677 1 547.0
1433153376789 0 603.0
1433153378555 0 505.0
1433153376573 1 547.0
1433153376776 1 547.0
1433153376890 0 603.0
1433153378657 0 505.0
1433153376876 1 547.0
1433153376675 1 547.0
1433153376992 0 603.0
1433153378759 0 505.0
1433153376976 1 547.0
1433153376776 1 547.0
1433153377093 0 603.0
1433153378860 0 505.0
1433153377077 1 547.0
1433153376877 1 547.0
1433153377194 0 603.0
1433153378960 0 505.0
1433153377177 1 547.0
1433153376979 1 547.0
1433153377296 0 603.0
1433153379061 0 505.0
1433153377277 1 547.0
1433153377395 0 603.0
1433153379161 0 505.0
1433153377377 1 547.0
1433153377080 1 547.0
1433153377180 1 547.0
1433153377496 0 603.0
1433153379263 0 505.0
1433153377477 1 547.0
1433153377281 1 547.0
1433153377598 0 603.0
1433153379364 0 505.0
1433153377577 1 547.0
1433153377383 1 547.0
1433153377700 0 603.0
1433153379467 0 505.0
1433153377677 1 547.0
1433153377484 1 547.0
1433153377800 0 603.0
1433153377778 1 547.0
1433153379568 0 505.0
1433153377586 1 547.0
1433153377901 0 603.0
1433153377878 1 547.0
1433153379669 0 505.0
1433153378003 0 603.0
1433153377979 1 547.0
1433153379770 0 505.0
1433153377686 1 547.0
1433153377787 1 547.0
1433153378104 0 603.0
1433153378079 1 547.0
1433153379871 0 505.0
1433153377889 1 547.0
1433153378205 0 603.0
1433153378180 1 547.0
1433153379971 0 505.0
1433153377988 1 547.0
1433153378307 0 603.0
1433153378279 1 547.0
1433153380071 0 505.0
1433153378088 1 547.0
1433153378409 0 603.0
1433153378380 1 547.0
1433153380172 0 505.0
1433153378190 1 547.0
1433153378510 0 603.0
1433153378480 1 547.0
1433153380272 0 505.0
1433153378291 1 547.0
1433153378612 0 603.0
1433153378581 1 547.0
1433153380374 0 505.0
1433153378393 1 547.0
1433153378714 0 603.0
1433153378681 1 547.0
1433153380475 0 505.0
1433153378495 1 547.0
1433153378781 1 547.0
1433153380577 0 505.0
1433153378596 1 547.0
1433153378814 0 603.0
1433153378914 0 603.0
1433153378881 1 547.0
1433153380678 0 505.0
1433153378698 1 547.0
1433153379015 0 603.0
1433153378981 1 547.0
1433153380779 0 505.0
1433153378799 1 547.0
1433153379117 0 603.0
1433153379082 1 547.0
1433153380880 0 505.0
1433153378901 1 547.0
1433153379219 0 603.0
1433153379181 1 547.0
1433153380981 0 505.0
1433153379002 1 547.0
1433153379321 0 603.0
1433153379282 1 547.0
1433153381083 0 505.0
1433153379103 1 547.0
1433153379422 0 603.0
1433153379382 1 547.0
1433153379205 1 547.0
1433153379524 0 603.0
1433153379483 1 547.0
1433153381184 0 505.0
1433153381283 0 505.0
1433153379307 1 547.0
1433153379626 0 603.0
1433153379583 1 547.0
1433153381384 0 505.0
1433153379408 1 547.0
1433153379727 0 603.0
1433153379683 1 547.0
1433153381485 0 505.0
1433153379509 1 547.0
1433153379829 0 603.0
1433153379783 1 547.0
1433153381585 0 505.0
1433153379610 1 547.0
1433153379930 0 603.0
1433153379883 1 547.0
1433153381685 0 505.0
1433153379712 1 547.0
1433153380030 0 603.0
1433153379983 1 547.0
1433153381785 0 505.0
1433153379814 1 547.0
1433153380131 0 603.0
1433153380084 1 547.0
1433153381885 0 505.0
1433153379916 1 547.0
1433153380231 0 336.0
1433153380184 1 547.0
1433153381985 0 505.0
1433153380017 1 547.0
1433153380332 0 182.0
1433153380284 1 547.0
1433153382086 0 505.0
1433153380119 1 547.0
1433153380432 0 365.0
1433153380385 1 547.0
1433153382186 0 505.0
1433153380220 1 547.0
1433153380533 0 435.0
1433153380484 1 547.0
1433153382287 0 505.0
1433153380322 1 547.0
1433153380633 0 435.0
1433153380585 1 547.0
1433153382388 0 505.0
1433153380424 1 547.0
1433153380734 0 435.0
1433153380685 1 547.0
1433153382488 0 505.0
1433153380526 1 547.0
1433153380835 0 435.0
1433153380785 1 547.0
1433153382589 0 505.0
1433153380628 1 547.0
1433153380936 0 435.0
1433153380885 1 547.0
1433153382691 0 505.0
1433153380730 1 547.0
1433153381037 0 435.0
1433153380985 1 547.0
1433153382792 0 505.0
1433153380831 1 547.0
1433153381139 0 435.0
1433153381085 1 547.0
1433153382894 0 505.0
1433153380933 1 547.0
1433153381186 1 547.0
1433153382996 0 505.0
1433153381035 1 547.0
1433153381239 0 435.0
1433153381340 0 435.0
1433153381287 1 547.0
1433153383097 0 505.0
1433153381137 1 547.0
1433153381441 0 435.0
1433153381387 1 547.0
1433153383199 0 505.0
1433153381238 1 547.0
1433153381542 0 435.0
1433153381488 1 547.0
1433153383299 0 505.0
1433153381339 1 547.0
1433153381643 0 435.0
1433153381588 1 547.0
1433153383401 0 505.0
1433153381441 1 547.0
1433153381744 0 435.0
1433153381688 1 547.0
1433153383502 0 505.0
1433153381543 1 547.0
1433153381844 0 435.0
1433153381788 1 547.0
1433153383604 0 505.0
1433153381646 1 547.0
1433153381944 0 435.0
1433153381888 1 547.0
1433153383706 0 505.0
1433153381747 1 547.0
1433153382046 0 435.0
1433153381988 1 547.0
1433153383807 0 505.0
1433153381848 1 547.0
1433153382147 0 406.0
1433153382089 1 547.0
1433153383909 0 505.0
1433153381949 1 547.0
1433153382249 0 406.0
1433153382189 1 547.0
1433153384010 0 505.0
1433153382351 0 406.0
1433153382289 1 547.0
1433153382452 0 406.0
1433153382049 1 547.0
1433153382149 1 547.0
1433153382389 1 547.0
1433153384111 0 505.0
1433153384211 0 505.0
1433153382249 1 547.0
1433153382553 0 406.0
1433153382489 1 547.0
1433153384312 0 505.0
1433153382350 1 547.0
1433153382654 0 406.0
1433153382589 1 547.0
1433153384414 0 505.0
1433153382450 1 547.0
1433153382755 0 406.0
1433153382689 1 547.0
1433153384515 0 505.0
1433153382551 1 547.0
1433153382855 0 406.0
1433153382789 1 547.0
1433153384616 0 505.0
1433153382652 1 547.0
1433153382955 0 406.0
1433153382889 1 547.0
1433153384717 0 505.0
1433153382752 1 547.0
1433153383056 0 406.0
1433153382989 1 547.0
1433153384819 0 505.0
1433153382853 1 547.0
1433153383157 0 406.0
1433153383089 1 547.0
1433153384921 0 505.0
1433153382955 1 547.0
1433153383259 0 406.0
1433153383190 1 547.0
1433153385022 0 505.0
1433153383056 1 547.0
1433153383361 0 406.0
1433153383290 1 547.0
1433153385124 0 505.0
1433153383157 1 547.0
1433153383462 0 406.0
1433153383391 1 547.0
1433153385227 0 505.0
1433153383258 1 547.0
1433153383563 0 406.0
1433153383491 1 547.0
1433153385326 0 505.0
1433153383360 1 547.0
1433153383665 0 406.0
1433153383591 1 547.0
1433153385429 0 505.0
1433153383461 1 547.0
1433153383766 0 406.0
1433153383691 1 547.0
1433153385530 0 505.0
1433153383563 1 547.0
1433153383868 0 406.0
1433153383791 1 547.0
1433153385632 0 505.0
1433153383664 1 547.0
1433153383970 0 406.0
1433153383891 1 547.0
1433153385734 0 505.0
1433153383765 1 547.0
1433153384072 0 406.0
1433153383991 1 547.0
1433153385836 0 505.0
1433153383865 1 547.0
1433153384174 0 406.0
1433153384091 1 547.0
1433153385938 0 505.0
1433153383967 1 547.0
1433153384275 0 406.0
1433153384192 1 547.0
1433153386039 0 505.0
1433153384068 1 547.0
1433153384377 0 406.0
1433153384292 1 547.0
1433153386141 0 505.0
1433153384170 1 547.0
1433153384477 0 406.0
1433153384392 1 547.0
1433153386242 0 505.0
1433153384271 1 547.0
1433153384492 1 547.0
1433153384579 0 406.0
1433153386342 0 505.0
1433153384373 1 547.0
1433153384681 0 406.0
1433153384592 1 547.0
1433153386443 0 505.0
1433153384473 1 547.0
1433153384783 0 406.0
1433153384692 1 547.0
1433153386544 0 505.0
1433153384574 1 547.0
1433153384792 1 547.0
1433153384884 0 406.0
1433153386646 0 505.0
1433153384675 1 547.0
1433153384893 1 547.0
1433153384985 0 406.0
1433153386748 0 505.0
1433153384775 1 547.0
1433153384992 1 547.0
1433153385086 0 406.0
1433153386849 0 505.0
1433153384877 1 547.0
1433153385093 1 547.0
1433153385188 0 406.0
1433153386951 0 505.0
1433153384979 1 547.0
1433153385193 1 547.0
1433153385289 0 406.0
1433153385080 1 547.0
1433153385294 1 547.0
1433153385391 0 406.0
1433153387053 0 505.0
1433153385181 1 547.0
1433153385394 1 547.0
1433153385493 0 406.0
1433153387155 0 505.0
1433153385282 1 547.0
1433153385494 1 547.0
1433153385595 0 406.0
1433153387256 0 505.0
1433153387356 0 505.0
1433153385384 1 547.0
1433153385594 1 547.0
1433153385697 0 406.0
1433153387457 0 505.0
1433153385486 1 547.0
1433153385694 1 547.0
1433153385798 0 406.0
1433153387559 0 505.0
1433153385587 1 547.0
1433153385794 1 547.0
1433153385900 0 406.0
1433153387660 0 505.0
1433153385689 1 547.0
1433153385894 1 547.0
1433153386002 0 406.0
1433153387762 0 505.0
1433153385994 1 547.0
1433153387863 0 505.0
1433153385789 1 547.0
1433153385890 1 547.0
1433153386095 1 547.0
1433153386103 0 406.0
1433153387966 0 505.0
1433153385990 1 547.0
1433153386195 1 547.0
1433153386203 0 406.0
1433153386304 0 406.0
1433153388068 0 505.0
1433153386091 1 547.0
1433153386296 1 547.0
1433153386407 0 406.0
1433153388170 0 505.0
1433153386193 1 547.0
1433153386397 1 547.0
1433153386508 0 406.0
1433153386497 1 547.0
1433153386295 1 547.0
1433153386610 0 406.0
1433153388271 0 505.0
1433153388372 0 505.0
1433153386597 1 547.0
1433153386397 1 547.0
1433153386712 0 406.0
1433153388472 0 505.0
1433153386697 1 547.0
1433153386499 1 547.0
1433153386814 0 406.0
1433153388573 0 505.0
1433153386797 1 547.0
1433153386601 1 547.0
1433153386916 0 406.0
1433153388674 0 505.0
1433153386897 1 547.0
1433153386703 1 547.0
1433153387018 0 406.0
1433153388775 0 505.0
1433153386998 1 547.0
1433153386804 1 547.0
1433153387119 0 406.0
1433153388876 0 505.0
1433153387098 1 547.0
1433153386906 1 547.0
1433153387221 0 406.0
1433153388978 0 505.0
1433153387198 1 547.0
1433153387007 1 547.0
1433153387323 0 406.0
1433153389079 0 505.0
1433153387299 1 547.0
1433153387108 1 547.0
1433153387424 0 434.0
1433153389182 0 505.0
1433153387399 1 547.0
1433153387210 1 547.0
1433153387523 0 434.0
1433153389282 0 505.0
1433153387499 1 547.0
1433153387312 1 547.0
1433153387625 0 491.0
1433153389384 0 505.0
1433153387599 1 547.0
1433153387414 1 547.0
1433153387727 0 533.0
1433153389484 0 505.0
1433153387699 1 547.0
1433153387516 1 547.0
1433153387830 0 533.0
1433153389586 0 505.0
1433153387800 1 547.0
1433153387618 1 547.0
1433153387931 0 589.0
1433153389688 0 505.0
1433153387899 1 547.0
1433153387719 1 547.0
1433153388031 0 589.0
1433153388000 1 547.0
1433153389789 0 505.0
1433153387820 1 547.0
1433153388133 0 645.0
1433153388100 1 547.0
1433153389890 0 505.0
1433153387921 1 547.0
1433153388233 0 645.0
1433153388200 1 547.0
1433153389992 0 505.0
1433153388023 1 547.0
1433153388335 0 645.0
1433153388300 1 294.0
