1433153277051 1 547.0
1433153277153 1 547.0
1433153277342 0 476.0
1433153279154 0 434.0
1433153277444 1 533.0
1433153277443 0 476.0
1433153277254 1 547.0
1433153279255 0 434.0
1433153277544 1 533.0
1433153277543 0 476.0
1433153277356 1 547.0
1433153279357 0 434.0
1433153277645 1 533.0
1433153277643 0 476.0
1433153277457 1 547.0
1433153279458 0 392.0
1433153277745 1 533.0
1433153277743 0 476.0
1433153277844 0 476.0
1433153277558 1 547.0
1433153279560 0 392.0
1433153277845 1 533.0
1433153277945 0 476.0
1433153277659 1 547.0
1433153279662 0 392.0
1433153277945 1 533.0
1433153278046 0 476.0
1433153277760 1 547.0
1433153278046 1 533.0
1433153279764 0 392.0
1433153278148 0 476.0
1433153277862 1 547.0
1433153278146 1 533.0
1433153279865 0 392.0
1433153278249 0 476.0
1433153277963 1 547.0
1433153278247 1 533.0
1433153279966 0 392.0
1433153278350 0 476.0
1433153278063 1 547.0
1433153278347 1 533.0
1433153278165 1 547.0
1433153278451 0 476.0
1433153278447 1 533.0
1433153280066 0 392.0
1433153278551 0 476.0
1433153278265 1 547.0
1433153278547 1 533.0
1433153280168 0 392.0
1433153278652 0 476.0
1433153278367 1 547.0
1433153278647 1 533.0
1433153280273 0 392.0
1433153278753 0 476.0
1433153278466 1 547.0
1433153278747 1 533.0
1433153280374 0 434.0
1433153278854 0 476.0
1433153278567 1 547.0
1433153278848 1 533.0
1433153280476 0 434.0
1433153278954 0 476.0
1433153278668 1 547.0
1433153278949 1 533.0
1433153280575 0 434.0
1433153279056 0 476.0
1433153278770 1 547.0
1433153279049 1 533.0
1433153280677 0 434.0
1433153279158 0 476.0
1433153278871 1 547.0
1433153279150 1 533.0
1433153280777 0 434.0
1433153279259 0 476.0
1433153278972 1 547.0
1433153279250 1 533.0
1433153280878 0 434.0
1433153279361 0 476.0
1433153279073 1 547.0
1433153279350 1 533.0
1433153280979 0 434.0
1433153281080 0 434.0
1433153279461 0 476.0
1433153279176 1 547.0
1433153279450 1 533.0
1433153281182 0 434.0
1433153279562 0 476.0
1433153279277 1 547.0
1433153279550 1 533.0
1433153281283 0 434.0
1433153279379 1 547.0
1433153279651 1 533.0
1433153281384 0 434.0
1433153279662 0 476.0
1433153279764 0 476.0
1433153279751 1 533.0
1433153279480 1 547.0
1433153281484 0 434.0
1433153279865 0 476.0
1433153279852 1 533.0
1433153279581 1 547.0
1433153281584 0 434.0
1433153279966 0 476.0
1433153279952 1 533.0
1433153279682 1 547.0
1433153281686 0 434.0
1433153280067 0 476.0
1433153280052 1 533.0
1433153279783 1 547.0
1433153281787 0 434.0
1433153280168 0 476.0
1433153280152 1 533.0
1433153279884 1 547.0
1433153281888 0 434.0
1433153280252 1 533.0
1433153279986 1 547.0
1433153281990 0 434.0
1433153280352 1 533.0
1433153280269 0 476.0
1433153282091 0 434.0
1433153280369 0 476.0
1433153280470 0 476.0
1433153280453 1 533.0
1433153280087 1 547.0
1433153282192 0 434.0
1433153280572 0 476.0
1433153280553 1 533.0
1433153280188 1 547.0
1433153282292 0 434.0
1433153280653 1 533.0
1433153280673 0 476.0
1433153280288 1 547.0
1433153280389 1 547.0
1433153282393 0 434.0
1433153280753 1 533.0
1433153280774 0 476.0
1433153280490 1 547.0
1433153282495 0 434.0
1433153280853 1 533.0
1433153280874 0 476.0
1433153280591 1 547.0
1433153282596 0 434.0
1433153280954 1 533.0
1433153280975 0 476.0
1433153280691 1 547.0
1433153282698 0 434.0
1433153281053 1 533.0
1433153281076 0 476.0
1433153280793 1 547.0
1433153282799 0 434.0
1433153281153 1 533.0
1433153281177 0 476.0
1433153280893 1 547.0
1433153282900 0 434.0
1433153281253 1 533.0
1433153281278 0 476.0
1433153280994 1 547.0
1433153283000 0 434.0
1433153281353 1 533.0
1433153281380 0 476.0
1433153281095 1 547.0
1433153283102 0 434.0
1433153281454 1 533.0
1433153281481 0 476.0
1433153281197 1 547.0
1433153283203 0 434.0
1433153281554 1 533.0
1433153281582 0 476.0
1433153281298 1 547.0
1433153283305 0 434.0
1433153281654 1 533.0
1433153281683 0 476.0
1433153281399 1 547.0
1433153283406 0 434.0
1433153281755 1 533.0
1433153281784 0 476.0
1433153281500 1 547.0
1433153283507 0 434.0
1433153281854 1 533.0
1433153281885 0 476.0
1433153281601 1 547.0
1433153283608 0 434.0
1433153281954 1 533.0
1433153281986 0 476.0
1433153281702 1 547.0
1433153282054 1 533.0
1433153282086 0 476.0
1433153281804 1 547.0
1433153283709 0 434.0
1433153283809 0 434.0
1433153282155 1 533.0
1433153282186 0 476.0
1433153281905 1 547.0
1433153283911 0 434.0
1433153282255 1 533.0
1433153282287 0 476.0
1433153282006 1 547.0
1433153284013 0 434.0
1433153282355 1 533.0
1433153282389 0 476.0
1433153282106 1 547.0
1433153284114 0 434.0
1433153282456 1 533.0
1433153282492 0 476.0
1433153282206 1 547.0
1433153284216 0 434.0
1433153282556 1 533.0
1433153282592 0 476.0
1433153282306 1 547.0
1433153284317 0 434.0
1433153282656 1 533.0
1433153282694 0 476.0
1433153282408 1 547.0
1433153284418 0 434.0
1433153282757 1 533.0
1433153282795 0 476.0
1433153282510 1 547.0
1433153284519 0 434.0
1433153282857 1 533.0
1433153282896 0 476.0
1433153282611 1 547.0
1433153284620 0 434.0
1433153282958 1 533.0
1433153282997 0 476.0
1433153282712 1 547.0
1433153284722 0 434.0
1433153283058 1 533.0
1433153283099 0 476.0
1433153282813 1 547.0
1433153284824 0 434.0
1433153283158 1 533.0
1433153283201 0 476.0
1433153282915 1 547.0
1433153284926 0 434.0
1433153283259 1 533.0
1433153283301 0 476.0
1433153283016 1 547.0
1433153285027 0 434.0
1433153283359 1 533.0
1433153283404 0 476.0
1433153283117 1 547.0
1433153285129 0 434.0
1433153283459 1 533.0
1433153283219 1 547.0
1433153283506 0 476.0
1433153285232 0 434.0
1433153283560 1 533.0
1433153283607 0 476.0
1433153283321 1 547.0
1433153285332 0 434.0
1433153283659 1 533.0
1433153283709 0 476.0
1433153283422 1 547.0
1433153285433 0 434.0
1433153283759 1 533.0
1433153283809 0 476.0
1433153283523 1 547.0
1433153285535 0 434.0
1433153283859 1 533.0
1433153283910 0 476.0
1433153283625 1 547.0
1433153285636 0 434.0
1433153283960 1 533.0
1433153284011 0 476.0
1433153283727 1 547.0
1433153285738 0 434.0
1433153284060 1 533.0
1433153284112 0 476.0
1433153283828 1 547.0
1433153285838 0 434.0
1433153284160 1 533.0
1433153284213 0 476.0
1433153283930 1 547.0
1433153285940 0 434.0
1433153284261 1 533.0
1433153284313 0 476.0
1433153284032 1 547.0
1433153286042 0 434.0
1433153284361 1 533.0
1433153284413 0 476.0
1433153284134 1 547.0
1433153286144 0 434.0
1433153284461 1 533.0
1433153284515 0 476.0
1433153284235 1 547.0
1433153286246 0 434.0
1433153284562 1 533.0
1433153284618 0 476.0
1433153284337 1 547.0
1433153286347 0 434.0
1433153284662 1 533.0
1433153284719 0 476.0
1433153284439 1 547.0
1433153286447 0 434.0
1433153284762 1 533.0
1433153284821 0 476.0
1433153284541 1 547.0
1433153286547 0 434.0
1433153284863 1 533.0
1433153284923 0 476.0
1433153284643 1 547.0
1433153286649 0 434.0
1433153284963 1 533.0
1433153285024 0 476.0
1433153284744 1 547.0
1433153286751 0 434.0
1433153285063 1 533.0
1433153285126 0 476.0
1433153284846 1 547.0
1433153286852 0 434.0
1433153285163 1 533.0
1433153285227 0 476.0
1433153284947 1 547.0
1433153286952 0 434.0
1433153285263 1 533.0
1433153285327 0 476.0
1433153285048 1 547.0
1433153287053 0 434.0
1433153285364 1 533.0
1433153285429 0 476.0
1433153285150 1 547.0
1433153287155 0 434.0
1433153285464 1 533.0
1433153285531 0 476.0
1433153285250 1 547.0
1433153287257 0 434.0
1433153285564 1 533.0
1433153285631 0 476.0
1433153285351 1 547.0
1433153287359 0 434.0
1433153285664 1 533.0
1433153285733 0 476.0
1433153285452 1 547.0
1433153287461 0 434.0
1433153285765 1 533.0
1433153285833 0 476.0
1433153285557 1 547.0
1433153287561 0 434.0
1433153285865 1 533.0
1433153285935 0 476.0
1433153285658 1 547.0
1433153287663 0 434.0
1433153285965 1 533.0
1433153286036 0 476.0
1433153285759 1 547.0
1433153287765 0 434.0
1433153286066 1 533.0
1433153286135 0 476.0
1433153285860 1 547.0
1433153287867 0 434.0
1433153286166 1 533.0
1433153286235 0 476.0
1433153285962 1 547.0
1433153287969 0 434.0
1433153286266 1 533.0
1433153286336 0 476.0
1433153286063 1 547.0
1433153288070 0 434.0
1433153286366 1 533.0
1433153286437 0 476.0
1433153286165 1 547.0
1433153288172 0 434.0
1433153286466 1 533.0
1433153286538 0 476.0
1433153286266 1 547.0
1433153288273 0 434.0
1433153286567 1 533.0
1433153286640 0 476.0
1433153286368 1 547.0
1433153288375 0 434.0
1433153286667 1 533.0
1433153286741 0 476.0
1433153286469 1 547.0
1433153288476 0 434.0
1433153286767 1 533.0
1433153286842 0 476.0
1433153286571 1 547.0
1433153288578 0 434.0
1433153286868 1 533.0
1433153286944 0 476.0
1433153286671 1 547.0
1433153288679 0 434.0
1433153286968 1 533.0
1433153287045 0 476.0
1433153286773 1 547.0
1433153288781 0 434.0
1433153287068 1 533.0
1433153287147 0 476.0
1433153286874 1 547.0
1433153288881 0 434.0
1433153287169 1 533.0
1433153287248 0 476.0
1433153286976 1 547.0
1433153287269 1 533.0
1433153287349 0 476.0
1433153288982 0 434.0
1433153287369 1 533.0
1433153287450 0 476.0
1433153287076 1 547.0
1433153287177 1 547.0
1433153289084 0 434.0
1433153289185 0 434.0
1433153287470 1 533.0
1433153287552 0 476.0
1433153287278 1 547.0
1433153289287 0 434.0
1433153287570 1 533.0
1433153287654 0 476.0
1433153287379 1 547.0
1433153289389 0 434.0
1433153287670 1 533.0
1433153287755 0 476.0
1433153287480 1 547.0
1433153289491 0 434.0
1433153287771 1 533.0
1433153287855 0 476.0
1433153287581 1 547.0
1433153289591 0 434.0
1433153287872 1 533.0
1433153287956 0 476.0
1433153287683 1 547.0
1433153289692 0 434.0
1433153287972 1 533.0
1433153288057 0 476.0
1433153287785 1 547.0
1433153288073 1 533.0
1433153289794 0 434.0
1433153288159 0 476.0
1433153287886 1 547.0
1433153288174 1 533.0
1433153289896 0 434.0
1433153288260 0 476.0
1433153287987 1 547.0
1433153288274 1 533.0
1433153289998 0 434.0
1433153288361 0 476.0
1433153288088 1 547.0
1433153288374 1 533.0
1433153290099 0 434.0
1433153288461 0 476.0
1433153288189 1 547.0
1433153288474 1 533.0
1433153290201 0 434.0
1433153288563 0 476.0
1433153288290 1 547.0
1433153288575 1 533.0
1433153290302 0 434.0
1433153288664 0 476.0
1433153288391 1 547.0
1433153288674 1 533.0
1433153290404 0 434.0
1433153288766 0 476.0
1433153288492 1 547.0
1433153288774 1 533.0
1433153290506 0 434.0
1433153288866 0 476.0
1433153288875 1 533.0
1433153290608 0 434.0
1433153288968 0 476.0
1433153288976 1 533.0
1433153288595 1 547.0
1433153290708 0 434.0
1433153289069 0 476.0
1433153288698 1 547.0
1433153289076 1 533.0
1433153290809 0 434.0
1433153289171 0 476.0
1433153288799 1 547.0
1433153289176 1 533.0
1433153290909 0 434.0
1433153289272 0 476.0
1433153288899 1 547.0
1433153289000 1 547.0
1433153289276 1 533.0
1433153291011 0 434.0
1433153289372 0 476.0
1433153289102 1 547.0
1433153289377 1 533.0
1433153291112 0 434.0
1433153289473 0 476.0
1433153289202 1 547.0
1433153289477 1 533.0
1433153291213 0 434.0
1433153289575 0 476.0
1433153289304 1 547.0
1433153289577 1 533.0
1433153291315 0 434.0
1433153289676 0 476.0
1433153289406 1 547.0
1433153289678 1 533.0
1433153291416 0 434.0
1433153289778 0 476.0
1433153289508 1 547.0
1433153289778 1 533.0
1433153291518 0 434.0
1433153289879 0 476.0
1433153289609 1 547.0
1433153289879 1 533.0
1433153291619 0 434.0
1433153289981 0 476.0
1433153289980 1 533.0
1433153289711 1 547.0
1433153291721 0 434.0
1433153290082 0 476.0
1433153290081 1 533.0
1433153289813 1 547.0
1433153291823 0 434.0
1433153290185 0 476.0
1433153290182 1 533.0
1433153289914 1 547.0
1433153291925 0 434.0
1433153290288 0 476.0
1433153290282 1 533.0
1433153290015 1 547.0
1433153292027 0 434.0
1433153290387 0 476.0
1433153290382 1 533.0
1433153290116 1 547.0
1433153292128 0 434.0
1433153290488 0 476.0
1433153290482 1 533.0
1433153290218 1 547.0
1433153292231 0 434.0
1433153290589 0 476.0
1433153290582 1 533.0
1433153290319 1 547.0
1433153292332 0 434.0
1433153290691 0 476.0
1433153290682 1 533.0
1433153290420 1 547.0
1433153292433 0 434.0
1433153290793 0 476.0
1433153290783 1 533.0
1433153290521 1 547.0
1433153292535 0 434.0
1433153290894 0 476.0
1433153290883 1 533.0
1433153290622 1 547.0
1433153292637 0 434.0
1433153290996 0 476.0
1433153290983 1 533.0
1433153290723 1 547.0
1433153292738 0 434.0
1433153291098 0 476.0
1433153291084 1 533.0
1433153290824 1 547.0
1433153292838 0 434.0
1433153291200 0 476.0
1433153291185 1 533.0
1433153290926 1 547.0
1433153292940 0 434.0
1433153291302 0 476.0
1433153291285 1 533.0
1433153291027 1 547.0
1433153293042 0 434.0
1433153291385 1 533.0
1433153291404 0 476.0
1433153291129 1 547.0
1433153293144 0 434.0
1433153291486 1 533.0
1433153291506 0 476.0
1433153291231 1 547.0
1433153293246 0 434.0
1433153291587 1 533.0
1433153291608 0 476.0
1433153291333 1 547.0
1433153293347 0 476.0
1433153291687 1 533.0
1433153291710 0 476.0
1433153291435 1 547.0
1433153293448 0 476.0
1433153291812 0 476.0
1433153291787 1 477.0
1433153291537 1 547.0
1433153293550 0 476.0
1433153291888 1 406.0
1433153291913 0 476.0
1433153291639 1 547.0
1433153293652 0 476.0
1433153291988 1 406.0
1433153292014 0 476.0
1433153291740 1 547.0
1433153293754 0 476.0
1433153292089 1 406.0
1433153292116 0 476.0
1433153291842 1 547.0
1433153293854 0 476.0
1433153292189 1 350.0
1433153292217 0 476.0
1433153291943 1 547.0
1433153293956 0 476.0
1433153292289 1 238.0
1433153292325 0 476.0
1433153292045 1 547.0
1433153294057 0 476.0
1433153292389 1 209.0
1433153292430 0 476.0
1433153292147 1 547.0
1433153294159 0 476.0
1433153292489 1 209.0
1433153292530 0 476.0
1433153292248 1 547.0
1433153294261 0 476.0
1433153292590 1 252.0
1433153292631 0 476.0
1433153292350 1 547.0
1433153294363 0 476.0
1433153292690 1 252.0
1433153292733 0 477.0
1433153292449 1 547.0
1433153294464 0 476.0
1433153292790 1 252.0
1433153292834 0 336.0
1433153292550 1 547.0
1433153294565 0 476.0
1433153292891 1 196.0
1433153292935 0 196.0
1433153292650 1 547.0
1433153294667 0 476.0
1433153292991 1 139.0
1433153293035 0 125.0
1433153292752 1 547.0
1433153294768 0 476.0
1433153293091 1 101.0
1433153293137 0 125.0
1433153292853 1 547.0
1433153294869 0 476.0
1433153293191 1 101.0
1433153293238 0 95.0
1433153292955 1 547.0
1433153294971 0 476.0
1433153293291 1 95.0
1433153293339 0 92.0
1433153293056 1 547.0
1433153295071 0 476.0
1433153293392 1 95.0
1433153293441 0 101.0
1433153293158 1 547.0
1433153295172 0 476.0
1433153293492 1 115.0
1433153293541 0 101.0
1433153293259 1 547.0
1433153295273 0 476.0
1433153293592 1 134.0
1433153293642 0 94.0
1433153293362 1 547.0
1433153295374 0 476.0
1433153293693 1 180.0
1433153293744 0 160.0
1433153293462 1 547.0
1433153295476 0 476.0
1433153293792 1 180.0
1433153293845 0 687.0
1433153293563 1 547.0
1433153295578 0 476.0
1433153293893 1 180.0
1433153293947 0 449.0
1433153293664 1 547.0
1433153295679 0 476.0
1433153293993 1 136.0
1433153294048 0 421.0
1433153293766 1 547.0
1433153295780 0 476.0
1433153294093 1 136.0
1433153294149 0 421.0
1433153293866 1 547.0
1433153295880 0 476.0
1433153294194 1 136.0
1433153294249 0 336.0
1433153293968 1 547.0
1433153295982 0 476.0
1433153294294 1 136.0
1433153294349 0 336.0
1433153294069 1 547.0
1433153296083 0 476.0
1433153294394 1 148.0
1433153294450 0 336.0
1433153294171 1 547.0
1433153296185 0 476.0
1433153294495 1 148.0
1433153294549 0 308.0
1433153294272 1 547.0
1433153296286 0 476.0
1433153294595 1 148.0
1433153294650 0 421.0
1433153294374 1 547.0
1433153296387 0 476.0
1433153294695 1 174.0
1433153294751 0 449.0
1433153294476 1 547.0
1433153296488 0 476.0
1433153294796 1 197.0
1433153294852 0 449.0
1433153294577 1 547.0
1433153296590 0 476.0
1433153294897 1 237.0
1433153294953 0 153.0
1433153294679 1 547.0
1433153296691 0 476.0
1433153294997 1 252.0
1433153295055 0 139.0
1433153294781 1 547.0
1433153296792 0 476.0
1433153295097 1 280.0
1433153295157 0 167.0
1433153294882 1 547.0
1433153296893 0 476.0
1433153295197 1 308.0
1433153295258 0 167.0
1433153294983 1 547.0
1433153296994 0 476.0
1433153295298 1 364.0
1433153295359 0 195.0
1433153295084 1 547.0
1433153297096 0 476.0
1433153295398 1 378.0
1433153295460 0 224.0
1433153295185 1 547.0
1433153297200 0 476.0
1433153295498 1 420.0
1433153295562 0 224.0
1433153295286 1 547.0
1433153297301 0 476.0
1433153295599 1 420.0
1433153295663 0 181.0
1433153295388 1 547.0
1433153297403 0 476.0
1433153295699 1 420.0
1433153295765 0 181.0
1433153295490 1 547.0
1433153297505 0 476.0
1433153295800 1 420.0
1433153295865 0 139.0
1433153295591 1 547.0
1433153297606 0 476.0
1433153295900 1 420.0
1433153295967 0 139.0
1433153295693 1 547.0
1433153297708 0 476.0
1433153296000 1 420.0
1433153296068 0 139.0
1433153295795 1 547.0
1433153297810 0 476.0
1433153296101 1 462.0
1433153296170 0 139.0
1433153295896 1 547.0
1433153297911 0 476.0
1433153296201 1 462.0
1433153295997 1 547.0
1433153298013 0 476.0
1433153296301 1 462.0
1433153296270 0 181.0
1433153296370 0 266.0
1433153296098 1 547.0
1433153298114 0 476.0
1433153296402 1 462.0
1433153296471 0 280.0
1433153296199 1 547.0
1433153298216 0 476.0
1433153296502 1 462.0
1433153296573 0 350.0
1433153296300 1 547.0
1433153298317 0 476.0
1433153296602 1 462.0
1433153296673 0 350.0
1433153296402 1 547.0
1433153296703 1 462.0
1433153298419 0 476.0
1433153296775 0 350.0
1433153296504 1 547.0
1433153298520 0 476.0
1433153296803 1 462.0
1433153296876 0 350.0
1433153296605 1 547.0
1433153296902 1 336.0
1433153298622 0 476.0
1433153296976 0 392.0
1433153296707 1 547.0
1433153297002 1 336.0
1433153298723 0 476.0
1433153297078 0 477.0
1433153296809 1 547.0
1433153297102 1 251.0
1433153298825 0 476.0
1433153297180 0 477.0
1433153296911 1 547.0
1433153297202 1 209.0
1433153298927 0 476.0
1433153297282 0 477.0
1433153297012 1 547.0
1433153297302 1 280.0
1433153299027 0 476.0
1433153297383 0 477.0
1433153297114 1 547.0
1433153297403 1 364.0
1433153299129 0 476.0
1433153297484 0 477.0
1433153297215 1 547.0
1433153297503 1 392.0
1433153299230 0 476.0
1433153297586 0 491.0
1433153297317 1 547.0
1433153297603 1 434.0
1433153299332 0 476.0
1433153297687 0 491.0
1433153297419 1 547.0
1433153297704 1 505.0
1433153299434 0 476.0
1433153297788 0 505.0
1433153297521 1 547.0
1433153297805 1 505.0
1433153299535 0 406.0
1433153297889 0 505.0
1433153297623 1 547.0
1433153297906 1 505.0
1433153299636 0 265.0
1433153297990 0 505.0
1433153297724 1 547.0
1433153298007 1 505.0
1433153299737 0 265.0
1433153298091 0 505.0
1433153297826 1 547.0
1433153298106 1 505.0
1433153299838 0 265.0
1433153298193 0 505.0
1433153297928 1 547.0
1433153298206 1 505.0
1433153299939 0 265.0
1433153298295 0 505.0
1433153298307 1 505.0
1433153300039 0 265.0
1433153298397 0 505.0
1433153298406 1 505.0
1433153298029 1 547.0
1433153298130 1 547.0
1433153300140 0 265.0
1433153298498 0 505.0
1433153298231 1 547.0
1433153298506 1 505.0
1433153300242 0 265.0
1433153298600 0 505.0
1433153298333 1 547.0
1433153298607 1 505.0
1433153300344 0 265.0
1433153298433 1 547.0
1433153298706 1 505.0
1433153300446 0 265.0
1433153298700 0 505.0
1433153298802 0 505.0
1433153298535 1 547.0
1433153298807 1 505.0
1433153300547 0 265.0
1433153298903 0 505.0
1433153298637 1 547.0
1433153298907 1 505.0
1433153300648 0 265.0
1433153299005 0 505.0
1433153299008 1 505.0
1433153298737 1 547.0
1433153300749 0 265.0
1433153299107 0 505.0
1433153299108 1 505.0
1433153298839 1 547.0
1433153300851 0 265.0
1433153299208 0 505.0
1433153299208 1 505.0
1433153298941 1 547.0
1433153300953 0 265.0
1433153299310 0 505.0
1433153299309 1 505.0
1433153299043 1 547.0
1433153301054 0 265.0
1433153299412 0 505.0
1433153299409 1 505.0
1433153301156 0 265.0
1433153299514 0 505.0
1433153299509 1 505.0
1433153299144 1 547.0
1433153299246 1 547.0
1433153301258 0 265.0
1433153299616 0 505.0
1433153299610 1 505.0
1433153299347 1 547.0
1433153301359 0 237.0
1433153299718 0 505.0
1433153299709 1 505.0
1433153299447 1 547.0
1433153301460 0 308.0
1433153299820 0 505.0
1433153299809 1 505.0
1433153299549 1 547.0
1433153301560 0 308.0
1433153299922 0 505.0
1433153299910 1 505.0
1433153299649 1 547.0
1433153301661 0 308.0
1433153300023 0 505.0
1433153300010 1 505.0
1433153299751 1 547.0
1433153301762 0 308.0
1433153300125 0 505.0
1433153300111 1 505.0
1433153301863 0 308.0
1433153300226 0 505.0
1433153300210 1 505.0
1433153299851 1 547.0
1433153299952 1 547.0
1433153301964 0 279.0
1433153300327 0 505.0
1433153300310 1 505.0
1433153300053 1 547.0
1433153302065 0 308.0
1433153300429 0 505.0
1433153300410 1 505.0
1433153300155 1 547.0
1433153302168 0 308.0
1433153300531 0 505.0
1433153300510 1 505.0
1433153300256 1 547.0
1433153302268 0 308.0
1433153300611 1 505.0
1433153300632 0 505.0
1433153300357 1 547.0
1433153302371 0 237.0
1433153300711 1 505.0
1433153300734 0 505.0
1433153300459 1 547.0
1433153302471 0 237.0
1433153300812 1 505.0
1433153300561 1 547.0
1433153302573 0 237.0
1433153300912 1 505.0
1433153300834 0 505.0
1433153300934 0 505.0
1433153300662 1 547.0
1433153302673 0 308.0
1433153301012 1 505.0
1433153301035 0 505.0
1433153300763 1 547.0
1433153302774 0 308.0
1433153301113 1 505.0
1433153301138 0 505.0
1433153300863 1 547.0
1433153302874 0 308.0
1433153301214 1 505.0
1433153301238 0 505.0
1433153300966 1 547.0
1433153302975 0 251.0
1433153301315 1 505.0
1433153301342 0 505.0
1433153301067 1 547.0
1433153303076 0 251.0
1433153301416 1 505.0
1433153301443 0 505.0
1433153301169 1 547.0
1433153303177 0 308.0
1433153301517 1 505.0
1433153301545 0 505.0
1433153301270 1 547.0
1433153303277 0 308.0
1433153301617 1 505.0
1433153301646 0 505.0
1433153301371 1 547.0
1433153303380 0 308.0
1433153301717 1 505.0
1433153301748 0 505.0
1433153301473 1 547.0
1433153303481 0 237.0
1433153301817 1 505.0
1433153301848 0 505.0
1433153301574 1 547.0
1433153303583 0 237.0
1433153301918 1 505.0
1433153301950 0 505.0
1433153301675 1 547.0
1433153303684 0 237.0
1433153302018 1 505.0
1433153302051 0 505.0
1433153301777 1 547.0
1433153303785 0 237.0
1433153302153 0 505.0
1433153302118 1 505.0
1433153301877 1 547.0
1433153303886 0 237.0
1433153302253 0 505.0
1433153302219 1 505.0
1433153301978 1 547.0
1433153303988 0 237.0
1433153302353 0 505.0
1433153302319 1 505.0
1433153302078 1 547.0
1433153304089 0 237.0
1433153302455 0 505.0
1433153302419 1 505.0
1433153302178 1 547.0
1433153304189 0 237.0
1433153302556 0 505.0
1433153302519 1 505.0
1433153302280 1 547.0
1433153304290 0 237.0
1433153302657 0 505.0
1433153302619 1 505.0
1433153302382 1 547.0
1433153304392 0 237.0
1433153302760 0 505.0
1433153302720 1 505.0
1433153302483 1 547.0
1433153304493 0 237.0
1433153302861 0 505.0
1433153302819 1 505.0
1433153302585 1 547.0
1433153304595 0 237.0
1433153302963 0 505.0
1433153302919 1 505.0
1433153302686 1 547.0
1433153304697 0 237.0
1433153303065 0 505.0
1433153303019 1 505.0
1433153302788 1 547.0
1433153304799 0 237.0
1433153303167 0 505.0
1433153303119 1 505.0
1433153302889 1 547.0
1433153304900 0 237.0
1433153303219 1 505.0
1433153303268 0 505.0
1433153302989 1 547.0
1433153305002 0 237.0
1433153303320 1 505.0
1433153303369 0 505.0
1433153303089 1 547.0
1433153305103 0 237.0
1433153303420 1 505.0
1433153303470 0 505.0
1433153303190 1 547.0
1433153305204 0 237.0
1433153303571 0 505.0
1433153303521 1 505.0
1433153303291 1 547.0
1433153305306 0 237.0
1433153303621 1 505.0
1433153303673 0 505.0
1433153303392 1 547.0
1433153305406 0 237.0
1433153303722 1 505.0
1433153303774 0 505.0
1433153303494 1 547.0
1433153305507 0 237.0
1433153303822 1 505.0
1433153303875 0 505.0
1433153303595 1 547.0
1433153305608 0 237.0
1433153303922 1 505.0
1433153303977 0 505.0
1433153303697 1 547.0
1433153305709 0 237.0
1433153304022 1 505.0
1433153304079 0 505.0
1433153303799 1 547.0
1433153305810 0 237.0
1433153304123 1 505.0
1433153304181 0 505.0
1433153303900 1 547.0
1433153305912 0 237.0
1433153304223 1 505.0
1433153304282 0 505.0
1433153304001 1 547.0
1433153306013 0 237.0
1433153304324 1 505.0
1433153304383 0 505.0
1433153304103 1 547.0
1433153306114 0 237.0
1433153304424 1 505.0
1433153304484 0 505.0
1433153304205 1 547.0
1433153306216 0 237.0
1433153304524 1 505.0
1433153304586 0 505.0
1433153304307 1 547.0
1433153306317 0 237.0
1433153304624 1 505.0
1433153304687 0 505.0
1433153304409 1 547.0
1433153306418 0 237.0
1433153304724 1 505.0
1433153304789 0 505.0
1433153304511 1 547.0
1433153306520 0 237.0
1433153304824 1 505.0
1433153304890 0 505.0
1433153304611 1 547.0
1433153306622 0 237.0
1433153304924 1 505.0
1433153304991 0 505.0
1433153304713 1 547.0
1433153306723 0 237.0
1433153305025 1 505.0
1433153305093 0 505.0
1433153304815 1 547.0
1433153306825 0 237.0
1433153305124 1 505.0
1433153305195 0 505.0
1433153304917 1 547.0
1433153306927 0 237.0
1433153305225 1 505.0
1433153305296 0 505.0
1433153305018 1 547.0
1433153307029 0 237.0
1433153305325 1 505.0
1433153305398 0 505.0
1433153305120 1 547.0
1433153307130 0 294.0
1433153305426 1 505.0
1433153305500 0 505.0
1433153305221 1 547.0
1433153307232 0 237.0
1433153305527 1 505.0
1433153305602 0 505.0
1433153305323 1 547.0
1433153307332 0 237.0
1433153305627 1 505.0
1433153305704 0 505.0
1433153305424 1 547.0
1433153307433 0 237.0
1433153305727 1 505.0
1433153305805 0 505.0
1433153305526 1 547.0
1433153307534 0 237.0
1433153305828 1 505.0
1433153305906 0 505.0
1433153305626 1 547.0
1433153307636 0 237.0
1433153305928 1 505.0
1433153306008 0 505.0
1433153305728 1 547.0
1433153307738 0 237.0
1433153306028 1 505.0
1433153306109 0 505.0
1433153305830 1 547.0
1433153307838 0 237.0
1433153306129 1 505.0
1433153306212 0 505.0
1433153305932 1 547.0
1433153307940 0 237.0
1433153306229 1 505.0
1433153306313 0 505.0
1433153306034 1 547.0
1433153308042 0 237.0
1433153306330 1 505.0
1433153306414 0 505.0
1433153306136 1 547.0
1433153308142 0 237.0
1433153306430 1 505.0
1433153306515 0 505.0
1433153306237 1 547.0
1433153308245 0 237.0
1433153306531 1 505.0
1433153306617 0 505.0
1433153306339 1 547.0
1433153308345 0 294.0
1433153306631 1 505.0
1433153306719 0 505.0
1433153306441 1 547.0
1433153308447 0 294.0
1433153306731 1 505.0
1433153306820 0 505.0
1433153306543 1 547.0
1433153308549 0 237.0
1433153306831 1 505.0
1433153306922 0 505.0
1433153306646 1 547.0
1433153308651 0 237.0
1433153306931 1 505.0
1433153307023 0 505.0
1433153306746 1 547.0
1433153308752 0 294.0
1433153307031 1 505.0
1433153307123 0 505.0
1433153306847 1 547.0
1433153308854 0 294.0
1433153307131 1 505.0
1433153307225 0 505.0
1433153306948 1 547.0
1433153308956 0 294.0
1433153307231 1 505.0
1433153307328 0 505.0
1433153307048 1 547.0
1433153309058 0 237.0
1433153307331 1 505.0
1433153307429 0 505.0
1433153307149 1 547.0
1433153309159 0 279.0
