1432904350680 1 477.0
1432904351429 0 407.0
1432904350889 1 210.0
1432904351741 0 604.0
1432904351203 1 505.0
1432904351412 1 534.0
1432904352564 1 337.0
1432904352721 1 126.0
1432904352878 1 83.0
1432904353035 1 124.0
1432904353767 0 224.0
1432904353192 1 309.0
1432904353923 0 42.0
1432904353349 1 294.0
1432904354079 0 10.0
1432904354234 0 3.0
1432904356279 1 337.0
1432904358895 1 252.0
1432904359638 0 418.0
1432904359053 1 98.0
1432904359794 0 590.0
1432904359209 1 85.0
1432904359419 1 230.0
1432904359576 1 140.0
1432904359733 1 84.0
1432904360522 0 590.0
1432904359890 1 26.0
1432904360046 1 3.0
1432904361616 1 226.0
1432904361773 1 112.0
1432904361930 1 520.0
1432904362652 0 393.0
1432904362139 1 548.0
1432904362808 0 576.0
