1433153160612 0 378.0
1433153160657 1 561.0
1433153162398 0 490.0
1433153160413 1 547.0
1433153160714 0 378.0
1433153160757 1 561.0
1433153162500 0 490.0
1433153160515 1 547.0
1433153160815 0 378.0
1433153160857 1 561.0
1433153162602 0 490.0
1433153160617 1 547.0
1433153160917 0 378.0
1433153160957 1 561.0
1433153162703 0 490.0
1433153160719 1 547.0
1433153161018 0 378.0
1433153161057 1 561.0
1433153162803 0 490.0
1433153160821 1 547.0
1433153161120 0 378.0
1433153161157 1 561.0
1433153162905 0 490.0
1433153160923 1 547.0
1433153161221 0 378.0
1433153161257 1 561.0
1433153163007 0 490.0
1433153161024 1 547.0
1433153161322 0 378.0
1433153161358 1 561.0
1433153163109 0 490.0
1433153161126 1 547.0
1433153161424 0 378.0
1433153161457 1 561.0
1433153163211 0 490.0
1433153161227 1 547.0
1433153161526 0 378.0
1433153161558 1 561.0
1433153163312 0 490.0
1433153161328 1 547.0
1433153161628 0 378.0
1433153161658 1 561.0
1433153163414 0 490.0
1433153161429 1 547.0
1433153161729 0 378.0
1433153161759 1 561.0
1433153163516 0 490.0
1433153161530 1 547.0
1433153161830 0 378.0
1433153161859 1 561.0
1433153163617 0 490.0
1433153161632 1 547.0
1433153161931 0 378.0
1433153161959 1 561.0
1433153163719 0 490.0
1433153161733 1 547.0
1433153162031 0 378.0
1433153162059 1 561.0
1433153163821 0 490.0
1433153161835 1 547.0
1433153162132 0 378.0
1433153162159 1 561.0
1433153163922 0 490.0
1433153161937 1 547.0
1433153162235 0 378.0
1433153162259 1 561.0
1433153164023 0 490.0
1433153162038 1 547.0
1433153162336 0 378.0
1433153162360 1 561.0
1433153164125 0 490.0
1433153162138 1 547.0
1433153162436 0 378.0
1433153162460 1 561.0
1433153164228 0 490.0
1433153162240 1 547.0
1433153162538 0 378.0
1433153162560 1 561.0
1433153164330 0 490.0
1433153162341 1 547.0
1433153162639 0 378.0
1433153162660 1 561.0
1433153162443 1 547.0
1433153164432 0 490.0
1433153162741 0 378.0
1433153162761 1 561.0
1433153162545 1 547.0
1433153164534 0 490.0
1433153162842 0 378.0
1433153162861 1 561.0
1433153164636 0 490.0
1433153162646 1 547.0
1433153162944 0 378.0
1433153162961 1 561.0
1433153162747 1 547.0
1433153164738 0 490.0
1433153163043 0 378.0
1433153163061 1 561.0
1433153162848 1 547.0
1433153164838 0 490.0
1433153163145 0 378.0
1433153163161 1 561.0
1433153162949 1 547.0
1433153164940 0 490.0
1433153163246 0 378.0
1433153163262 1 561.0
1433153163049 1 547.0
1433153163346 0 378.0
1433153163362 1 561.0
1433153163151 1 547.0
1433153165040 0 490.0
1433153163447 0 378.0
1433153163463 1 561.0
1433153163251 1 547.0
1433153165142 0 490.0
1433153165243 0 490.0
1433153163549 0 378.0
1433153163563 1 561.0
1433153163352 1 547.0
1433153165345 0 490.0
1433153163651 0 378.0
1433153163663 1 561.0
1433153163453 1 547.0
1433153165447 0 490.0
1433153163753 0 378.0
1433153163763 1 561.0
1433153163555 1 547.0
1433153165548 0 490.0
1433153163854 0 378.0
1433153163863 1 561.0
1433153163656 1 547.0
1433153165650 0 490.0
1433153163955 0 378.0
1433153163964 1 561.0
1433153163757 1 547.0
1433153165752 0 490.0
1433153164055 0 378.0
1433153164064 1 561.0
1433153163858 1 547.0
1433153165853 0 490.0
1433153164156 0 378.0
1433153164165 1 561.0
1433153163960 1 547.0
1433153165954 0 490.0
1433153164258 0 378.0
1433153164265 1 561.0
1433153164061 1 547.0
1433153166056 0 490.0
1433153164360 0 378.0
1433153164365 1 561.0
1433153164162 1 547.0
1433153166158 0 490.0
1433153164465 1 561.0
1433153164461 0 378.0
1433153164262 1 547.0
1433153166260 0 490.0
1433153164565 1 561.0
1433153164563 0 378.0
1433153164663 0 378.0
1433153164363 1 547.0
1433153166360 0 490.0
1433153164665 1 561.0
1433153164464 1 547.0
1433153166461 0 490.0
1433153164765 0 378.0
1433153164766 1 561.0
1433153164566 1 547.0
1433153166561 0 490.0
1433153164866 0 378.0
1433153164866 1 561.0
1433153164667 1 547.0
1433153166663 0 490.0
1433153164968 0 378.0
1433153164966 1 561.0
1433153164769 1 547.0
1433153165070 0 378.0
1433153166765 0 490.0
1433153165066 1 561.0
1433153164871 1 547.0
1433153166866 0 490.0
1433153165172 0 378.0
1433153165166 1 561.0
1433153164973 1 547.0
1433153166968 0 490.0
1433153165272 0 378.0
1433153165267 1 561.0
1433153165075 1 547.0
1433153165373 0 378.0
1433153167070 0 490.0
1433153165367 1 561.0
1433153165177 1 547.0
1433153167171 0 490.0
1433153165468 1 561.0
1433153165278 1 547.0
1433153167273 0 490.0
1433153165474 0 378.0
1433153165575 0 378.0
1433153165568 1 561.0
1433153165380 1 547.0
1433153165676 0 378.0
1433153165668 1 561.0
1433153165480 1 547.0
1433153165778 0 378.0
1433153167374 0 490.0
1433153165768 1 561.0
1433153165581 1 547.0
1433153167474 0 490.0
1433153167574 0 490.0
1433153165879 0 378.0
1433153165869 1 561.0
1433153165682 1 547.0
1433153167676 0 490.0
1433153165980 0 378.0
1433153165969 1 561.0
1433153165784 1 547.0
1433153167777 0 490.0
1433153166081 0 378.0
1433153166069 1 561.0
1433153165886 1 547.0
1433153167879 0 490.0
1433153166183 0 378.0
1433153166169 1 561.0
1433153165987 1 547.0
1433153167980 0 490.0
1433153166283 0 378.0
1433153166269 1 561.0
1433153166088 1 547.0
1433153168082 0 490.0
1433153166385 0 378.0
1433153166369 1 561.0
1433153166189 1 547.0
1433153168183 0 490.0
1433153166469 1 561.0
1433153166290 1 547.0
1433153168284 0 490.0
1433153166487 0 378.0
1433153166569 1 561.0
1433153166392 1 547.0
1433153168385 0 490.0
1433153166669 1 561.0
1433153166494 1 547.0
1433153168486 0 490.0
1433153166769 1 561.0
1433153166589 0 378.0
1433153166689 0 378.0
1433153166595 1 547.0
1433153168586 0 490.0
1433153166869 1 561.0
1433153166789 0 378.0
1433153166890 0 378.0
1433153166697 1 547.0
1433153168688 0 490.0
1433153166992 0 378.0
1433153166969 1 561.0
1433153166798 1 547.0
1433153168789 0 490.0
1433153167069 1 561.0
1433153167093 0 378.0
1433153167170 1 561.0
1433153167194 0 378.0
1433153168890 0 490.0
1433153166900 1 547.0
1433153167001 1 547.0
1433153167269 1 561.0
1433153168990 0 490.0
1433153167296 0 378.0
1433153167370 1 561.0
1433153167102 1 547.0
1433153169092 0 490.0
1433153167398 0 378.0
1433153169193 0 490.0
1433153167470 1 561.0
1433153167203 1 547.0
1433153167500 0 378.0
1433153167571 1 561.0
1433153167305 1 547.0
1433153169294 0 490.0
1433153167601 0 378.0
1433153167671 1 561.0
1433153169395 0 490.0
1433153167407 1 547.0
1433153167704 0 378.0
1433153167772 1 561.0
1433153169497 0 490.0
1433153167509 1 547.0
1433153167806 0 378.0
1433153167871 1 561.0
1433153169599 0 490.0
1433153167610 1 547.0
1433153167908 0 378.0
1433153167972 1 561.0
1433153169701 0 490.0
1433153167711 1 547.0
1433153168009 0 378.0
1433153168072 1 561.0
1433153167813 1 547.0
1433153169803 0 490.0
1433153168111 0 378.0
1433153168172 1 561.0
1433153167915 1 547.0
1433153169907 0 490.0
1433153168212 0 378.0
1433153168272 1 561.0
1433153168016 1 547.0
1433153168314 0 378.0
1433153168372 1 561.0
1433153170008 0 490.0
1433153170108 0 490.0
1433153168118 1 547.0
1433153168415 0 378.0
1433153168472 1 561.0
1433153168219 1 547.0
1433153168515 0 378.0
1433153170209 0 490.0
1433153168572 1 561.0
1433153168321 1 547.0
1433153170311 0 490.0
1433153168616 0 378.0
1433153168672 1 561.0
1433153168422 1 547.0
1433153170412 0 490.0
1433153168718 0 378.0
1433153168772 1 561.0
1433153168523 1 547.0
1433153170515 0 490.0
1433153168820 0 378.0
1433153168872 1 561.0
1433153168625 1 547.0
1433153170617 0 490.0
1433153168922 0 378.0
1433153168972 1 561.0
1433153168727 1 547.0
1433153170718 0 490.0
1433153169023 0 378.0
1433153169072 1 561.0
1433153168829 1 547.0
1433153170818 0 490.0
1433153169125 0 378.0
1433153169172 1 561.0
1433153168930 1 547.0
1433153170921 0 490.0
1433153169228 0 378.0
1433153169273 1 561.0
1433153169032 1 547.0
1433153171023 0 490.0
1433153169330 0 378.0
1433153169373 1 561.0
1433153169134 1 547.0
1433153171125 0 490.0
1433153169431 0 378.0
1433153169474 1 561.0
1433153169236 1 547.0
1433153171227 0 490.0
1433153169533 0 378.0
1433153169574 1 561.0
1433153169337 1 547.0
1433153171329 0 490.0
1433153169633 0 378.0
1433153169674 1 561.0
1433153171431 0 490.0
1433153169735 0 378.0
1433153169774 1 561.0
1433153169438 1 547.0
1433153169540 1 547.0
1433153171533 0 490.0
1433153169836 0 378.0
1433153169875 1 561.0
1433153169642 1 547.0
1433153171635 0 490.0
1433153169938 0 378.0
1433153169975 1 561.0
1433153169742 1 547.0
1433153171737 0 490.0
1433153170039 0 378.0
1433153170075 1 561.0
1433153169845 1 547.0
1433153171837 0 490.0
1433153170141 0 378.0
1433153170175 1 561.0
1433153169947 1 547.0
1433153171937 0 490.0
1433153170242 0 378.0
1433153170275 1 561.0
1433153170048 1 547.0
1433153172039 0 490.0
1433153170344 0 378.0
1433153170375 1 561.0
1433153170150 1 547.0
1433153170443 0 378.0
1433153172140 0 490.0
1433153170475 1 561.0
1433153170250 1 547.0
1433153170544 0 378.0
1433153172242 0 490.0
1433153170576 1 561.0
1433153170351 1 547.0
1433153172343 0 490.0
1433153170646 0 378.0
1433153170676 1 561.0
1433153170452 1 547.0
1433153172444 0 490.0
1433153170748 0 378.0
1433153170776 1 561.0
1433153170554 1 547.0
1433153170849 0 378.0
1433153172546 0 490.0
1433153170876 1 561.0
1433153170655 1 547.0
1433153170951 0 378.0
1433153172648 0 490.0
1433153170977 1 561.0
1433153170756 1 547.0
1433153171052 0 378.0
1433153172750 0 490.0
1433153171077 1 561.0
1433153170857 1 547.0
1433153171154 0 378.0
1433153172852 0 490.0
1433153171178 1 561.0
1433153170959 1 547.0
1433153171255 0 378.0
1433153172954 0 490.0
1433153171278 1 561.0
1433153171060 1 547.0
1433153171357 0 378.0
1433153173056 0 490.0
1433153171378 1 561.0
1433153171162 1 547.0
1433153171458 0 378.0
1433153173156 0 490.0
1433153171478 1 561.0
1433153171263 1 547.0
1433153171559 0 378.0
1433153173258 0 490.0
1433153171578 1 561.0
1433153171365 1 547.0
1433153171661 0 378.0
1433153173359 0 490.0
1433153171678 1 561.0
1433153171466 1 547.0
1433153173460 0 490.0
1433153171763 0 378.0
1433153171778 1 561.0
1433153171568 1 547.0
1433153171864 0 378.0
1433153173561 0 490.0
1433153171878 1 561.0
1433153171669 1 547.0
1433153171965 0 378.0
1433153173662 0 490.0
1433153171978 1 561.0
1433153171771 1 547.0
1433153173764 0 490.0
1433153172070 0 378.0
1433153172078 1 561.0
1433153171872 1 547.0
1433153173864 0 490.0
1433153172171 0 378.0
1433153172178 1 561.0
1433153171974 1 547.0
1433153173965 0 490.0
1433153172273 0 378.0
1433153172279 1 561.0
1433153172076 1 547.0
1433153174067 0 490.0
1433153172373 0 378.0
1433153172379 1 561.0
1433153172177 1 547.0
1433153174167 0 490.0
1433153172475 0 378.0
1433153172480 1 561.0
1433153174269 0 490.0
1433153172279 1 547.0
1433153172577 0 378.0
1433153172580 1 561.0
1433153172381 1 547.0
1433153174369 0 490.0
1433153172678 0 378.0
1433153172680 1 561.0
1433153174470 0 490.0
1433153172483 1 547.0
1433153172778 0 378.0
1433153172780 1 561.0
1433153174571 0 490.0
1433153172585 1 547.0
1433153172879 0 378.0
1433153172881 1 561.0
1433153174673 0 490.0
1433153172686 1 547.0
1433153172981 0 378.0
1433153172981 1 561.0
1433153174774 0 490.0
1433153172788 1 547.0
1433153173082 0 378.0
1433153173081 1 561.0
1433153174876 0 490.0
1433153172887 1 547.0
1433153173184 0 378.0
1433153173181 1 561.0
1433153174976 0 490.0
1433153172987 1 547.0
1433153173286 0 378.0
1433153173281 1 561.0
1433153175078 0 490.0
1433153173089 1 547.0
1433153173388 0 378.0
1433153173381 1 561.0
1433153175179 0 490.0
1433153173190 1 547.0
1433153173490 0 378.0
1433153173481 1 561.0
1433153175281 0 490.0
1433153173290 1 547.0
1433153173592 0 378.0
1433153173582 1 561.0
1433153175382 0 490.0
1433153173393 1 547.0
1433153173694 0 378.0
1433153173682 1 561.0
1433153175483 0 490.0
1433153173495 1 547.0
1433153173782 1 561.0
1433153175584 0 490.0
1433153173597 1 547.0
1433153173882 1 561.0
1433153173794 0 378.0
1433153173894 0 378.0
1433153175685 0 490.0
1433153173697 1 547.0
1433153173995 0 378.0
1433153173982 1 561.0
1433153175786 0 490.0
1433153173799 1 547.0
1433153174096 0 378.0
1433153174082 1 561.0
1433153175887 0 490.0
1433153173900 1 547.0
1433153174197 0 378.0
1433153174183 1 561.0
1433153175988 0 490.0
1433153174001 1 547.0
1433153174299 0 378.0
1433153174283 1 561.0
1433153176088 0 490.0
1433153174103 1 547.0
1433153174401 0 378.0
1433153174384 1 561.0
1433153176190 0 490.0
1433153174205 1 547.0
1433153174503 0 378.0
1433153174484 1 561.0
1433153176291 0 490.0
1433153174306 1 547.0
1433153174605 0 378.0
1433153174585 1 561.0
1433153176393 0 490.0
1433153174408 1 547.0
1433153174685 1 561.0
1433153174707 0 378.0
1433153176495 0 490.0
1433153174510 1 547.0
1433153174786 1 561.0
1433153174809 0 378.0
1433153176597 0 490.0
1433153174611 1 547.0
1433153174887 1 561.0
1433153174910 0 378.0
1433153176699 0 490.0
1433153174713 1 547.0
1433153174988 1 561.0
1433153175010 0 378.0
1433153176801 0 490.0
1433153175088 1 561.0
1433153174815 1 547.0
1433153175111 0 378.0
1433153176901 0 490.0
1433153175188 1 561.0
1433153174917 1 547.0
1433153175211 0 378.0
1433153177002 0 490.0
1433153175289 1 561.0
1433153175313 0 378.0
1433153177104 0 490.0
1433153175389 1 561.0
1433153175414 0 378.0
1433153175017 1 547.0
1433153175119 1 547.0
1433153177206 0 490.0
1433153175220 1 547.0
1433153175490 1 561.0
1433153175516 0 378.0
1433153175590 1 561.0
1433153177307 0 490.0
1433153175321 1 547.0
1433153175618 0 378.0
1433153175690 1 561.0
1433153177408 0 490.0
1433153175422 1 547.0
1433153175720 0 378.0
1433153175790 1 561.0
1433153177510 0 490.0
1433153175522 1 547.0
1433153175820 0 378.0
1433153175891 1 561.0
1433153175623 1 547.0
1433153177612 0 490.0
1433153175921 0 378.0
1433153175991 1 561.0
1433153177714 0 490.0
1433153176022 0 378.0
1433153176092 1 561.0
1433153177816 0 490.0
1433153176124 0 378.0
1433153175726 1 547.0
1433153176192 1 561.0
1433153175828 1 547.0
1433153177918 0 490.0
1433153176225 0 378.0
1433153176292 1 561.0
1433153175929 1 547.0
1433153178019 0 490.0
1433153176326 0 378.0
1433153176392 1 561.0
1433153176029 1 547.0
1433153178121 0 490.0
1433153176426 0 378.0
1433153176492 1 561.0
1433153176129 1 547.0
1433153176231 1 547.0
1433153178223 0 490.0
1433153176592 1 561.0
1433153176331 1 547.0
1433153178323 0 490.0
1433153176529 0 378.0
1433153176692 1 561.0
1433153176433 1 547.0
1433153178425 0 490.0
1433153176632 0 378.0
1433153176792 1 561.0
1433153176534 1 547.0
1433153178527 0 490.0
1433153176732 0 378.0
1433153176893 1 561.0
1433153176636 1 547.0
1433153176832 0 378.0
1433153178629 0 490.0
1433153176993 1 561.0
1433153176737 1 547.0
1433153176932 0 378.0
1433153178731 0 490.0
1433153177093 1 561.0
1433153176839 1 547.0
1433153177033 0 378.0
1433153177138 0 378.0
1433153178831 0 490.0
1433153177193 1 561.0
1433153176940 1 547.0
1433153177238 0 378.0
1433153178933 0 490.0
1433153177293 1 561.0
1433153177042 1 547.0
1433153179033 0 490.0
1433153177339 0 378.0
1433153177393 1 561.0
1433153177143 1 547.0
1433153177439 0 378.0
1433153179137 0 490.0
1433153177493 1 561.0
1433153177246 1 547.0
1433153179239 0 490.0
1433153177541 0 378.0
1433153177593 1 561.0
1433153177347 1 547.0
1433153177642 0 378.0
1433153179341 0 490.0
1433153177693 1 561.0
1433153177447 1 547.0
1433153177744 0 378.0
1433153179441 0 490.0
1433153177793 1 561.0
1433153177549 1 547.0
1433153179542 0 490.0
1433153177845 0 378.0
1433153177893 1 561.0
1433153177650 1 547.0
1433153179644 0 490.0
1433153177947 0 378.0
1433153177993 1 561.0
1433153177751 1 547.0
1433153178048 0 378.0
1433153179746 0 490.0
1433153178093 1 561.0
1433153177852 1 547.0
1433153179846 0 490.0
1433153178149 0 378.0
1433153178193 1 561.0
1433153177954 1 547.0
1433153178250 0 378.0
1433153179948 0 490.0
1433153178293 1 561.0
1433153178055 1 547.0
1433153178352 0 378.0
1433153180050 0 490.0
1433153178394 1 561.0
1433153178156 1 547.0
1433153178452 0 378.0
1433153180152 0 490.0
1433153178493 1 561.0
1433153178554 0 378.0
1433153180253 0 490.0
1433153178594 1 561.0
1433153178257 1 547.0
1433153178655 0 378.0
1433153180354 0 490.0
1433153178694 1 561.0
1433153178357 1 547.0
1433153178458 1 547.0
1433153180456 0 490.0
1433153178794 1 561.0
1433153178559 1 547.0
1433153180558 0 490.0
1433153178756 0 378.0
1433153178894 1 561.0
1433153178660 1 547.0
1433153178856 0 434.0
1433153178957 0 434.0
1433153180660 0 490.0
1433153178994 1 561.0
1433153178762 1 547.0
1433153179057 0 490.0
1433153180762 0 490.0
1433153179094 1 561.0
1433153178863 1 547.0
1433153179157 0 533.0
1433153180864 0 490.0
1433153179195 1 561.0
1433153178964 1 547.0
1433153179257 0 589.0
1433153180966 0 490.0
1433153179295 1 561.0
1433153179358 0 589.0
1433153179065 1 547.0
1433153181068 0 490.0
1433153179396 1 561.0
1433153179166 1 547.0
1433153179459 0 589.0
1433153181169 0 490.0
1433153179496 1 561.0
1433153179267 1 547.0
1433153179561 0 589.0
1433153181270 0 490.0
1433153179596 1 561.0
1433153179368 1 547.0
1433153179663 0 645.0
1433153181371 0 490.0
1433153179696 1 561.0
1433153179765 0 645.0
1433153181472 0 490.0
1433153179797 1 561.0
1433153179470 1 547.0
1433153179866 0 645.0
1433153181572 0 490.0
1433153179897 1 561.0
1433153179571 1 547.0
1433153179671 1 547.0
1433153179968 0 645.0
1433153181673 0 490.0
1433153179998 1 561.0
1433153179772 1 547.0
1433153180069 0 645.0
1433153181774 0 490.0
1433153180098 1 561.0
1433153179874 1 547.0
1433153181876 0 490.0
1433153180198 1 561.0
1433153179976 1 547.0
1433153181977 0 490.0
1433153180170 0 645.0
1433153180298 1 561.0
1433153180270 0 645.0
1433153180371 0 645.0
1433153182079 0 490.0
1433153180398 1 561.0
1433153180473 0 645.0
1433153180076 1 547.0
1433153180176 1 547.0
1433153180498 1 561.0
1433153180277 1 547.0
1433153180575 0 645.0
1433153182179 0 490.0
1433153182280 0 490.0
1433153180598 1 561.0
1433153180378 1 547.0
1433153180674 0 575.0
1433153182381 0 490.0
1433153180698 1 561.0
1433153180479 1 547.0
1433153180775 0 575.0
1433153182482 0 490.0
1433153180798 1 561.0
1433153180580 1 547.0
1433153180876 0 575.0
1433153182584 0 490.0
1433153180898 1 561.0
1433153180681 1 547.0
1433153180978 0 575.0
1433153182685 0 490.0
1433153180998 1 519.0
1433153180783 1 547.0
1433153181079 0 575.0
1433153182787 0 490.0
1433153181098 1 477.0
1433153180885 1 547.0
1433153181182 0 575.0
1433153182888 0 490.0
1433153181198 1 393.0
1433153180987 1 547.0
1433153181284 0 575.0
1433153182989 0 490.0
1433153181299 1 393.0
1433153181088 1 547.0
1433153181386 0 533.0
1433153183090 0 490.0
1433153181399 1 322.0
1433153181189 1 547.0
1433153181485 0 463.0
1433153183192 0 490.0
1433153181500 1 378.0
1433153181290 1 547.0
1433153181587 0 463.0
1433153183293 0 490.0
1433153181600 1 420.0
1433153181392 1 547.0
1433153181687 0 463.0
1433153183393 0 490.0
1433153181701 1 420.0
1433153181493 1 547.0
1433153181789 0 463.0
1433153183496 0 490.0
1433153181801 1 420.0
1433153181595 1 547.0
1433153181890 0 463.0
1433153183597 0 490.0
1433153181902 1 420.0
1433153181697 1 547.0
1433153181991 0 463.0
1433153183699 0 490.0
1433153182002 1 420.0
1433153181799 1 547.0
1433153182092 0 463.0
1433153183801 0 490.0
1433153182103 1 420.0
1433153181900 1 547.0
1433153182194 0 463.0
1433153183901 0 490.0
1433153182203 1 420.0
1433153182001 1 547.0
1433153182296 0 463.0
1433153184003 0 490.0
1433153182304 1 420.0
1433153182102 1 547.0
1433153182396 0 463.0
1433153184104 0 490.0
1433153182404 1 420.0
1433153182497 0 463.0
1433153182203 1 547.0
1433153184205 0 490.0
1433153182504 1 420.0
1433153182303 1 547.0
1433153182599 0 463.0
1433153184307 0 490.0
1433153182604 1 420.0
1433153182405 1 547.0
1433153182701 0 463.0
1433153184407 0 490.0
1433153182704 1 420.0
1433153182506 1 547.0
1433153182802 0 463.0
1433153184509 0 490.0
1433153182804 1 420.0
1433153182608 1 547.0
1433153182903 0 463.0
1433153184610 0 490.0
1433153182904 1 420.0
1433153182710 1 547.0
1433153183005 0 463.0
1433153184712 0 490.0
1433153183004 1 420.0
1433153182812 1 547.0
1433153183106 0 463.0
1433153184813 0 490.0
1433153183104 1 420.0
1433153182914 1 547.0
1433153183207 0 463.0
1433153184916 0 490.0
1433153183204 1 420.0
1433153183016 1 547.0
1433153183307 0 463.0
1433153185018 0 490.0
1433153183304 1 420.0
1433153183116 1 547.0
1433153183408 0 463.0
1433153185119 0 490.0
1433153183404 1 420.0
1433153183217 1 547.0
1433153183511 0 463.0
1433153185221 0 490.0
1433153183504 1 420.0
1433153183317 1 547.0
1433153183612 0 463.0
1433153185323 0 490.0
1433153183605 1 420.0
1433153183419 1 547.0
1433153183714 0 463.0
1433153185423 0 490.0
1433153183705 1 420.0
1433153183519 1 547.0
1433153183816 0 463.0
1433153185525 0 490.0
1433153183805 1 420.0
1433153183620 1 547.0
1433153183918 0 463.0
1433153185626 0 490.0
1433153183905 1 420.0
1433153183722 1 547.0
1433153184019 0 463.0
1433153184005 1 420.0
1433153185727 0 490.0
1433153183823 1 547.0
1433153184120 0 463.0
1433153184105 1 420.0
1433153185829 0 490.0
1433153183925 1 547.0
1433153184222 0 463.0
1433153184206 1 420.0
1433153185930 0 490.0
1433153184025 1 547.0
1433153184321 0 463.0
1433153184306 1 420.0
1433153186032 0 490.0
1433153184127 1 547.0
1433153184422 0 463.0
1433153184407 1 420.0
1433153186134 0 490.0
1433153184227 1 547.0
1433153184523 0 463.0
1433153184507 1 420.0
1433153186235 0 490.0
1433153184328 1 547.0
1433153184624 0 463.0
1433153184608 1 420.0
1433153186337 0 490.0
1433153184430 1 547.0
1433153184726 0 463.0
1433153184708 1 420.0
1433153186438 0 490.0
1433153184530 1 547.0
1433153184829 0 463.0
1433153184809 1 420.0
1433153186540 0 490.0
1433153184631 1 547.0
1433153184909 1 420.0
1433153184931 0 463.0
1433153184732 1 547.0
1433153185010 1 420.0
1433153185031 0 463.0
1433153186641 0 490.0
1433153184833 1 547.0
1433153185110 1 420.0
1433153185132 0 463.0
1433153186741 0 490.0
1433153184934 1 547.0
1433153185210 1 420.0
1433153185233 0 463.0
1433153186842 0 490.0
1433153185035 1 547.0
1433153185310 1 420.0
1433153185335 0 463.0
1433153186942 0 490.0
1433153187043 0 490.0
1433153185136 1 547.0
1433153185410 1 420.0
1433153185436 0 463.0
1433153187146 0 490.0
1433153185510 1 420.0
1433153185237 1 547.0
1433153185538 0 463.0
1433153187248 0 490.0
1433153185610 1 420.0
1433153185337 1 547.0
1433153185639 0 463.0
1433153187349 0 490.0
1433153185710 1 420.0
1433153185438 1 547.0
1433153185741 0 463.0
1433153187450 0 490.0
1433153185810 1 420.0
1433153185539 1 547.0
1433153185842 0 463.0
1433153187552 0 490.0
1433153185910 1 420.0
1433153185640 1 547.0
1433153185944 0 463.0
1433153187655 0 490.0
1433153186010 1 420.0
1433153185740 1 547.0
1433153186045 0 463.0
1433153187757 0 490.0
1433153186111 1 420.0
1433153185841 1 547.0
1433153186146 0 463.0
1433153187858 0 490.0
1433153186211 1 420.0
1433153185943 1 547.0
1433153186247 0 463.0
1433153187960 0 490.0
1433153186312 1 420.0
1433153186044 1 547.0
1433153186349 0 463.0
1433153188062 0 490.0
1433153186412 1 420.0
1433153186144 1 547.0
1433153186451 0 463.0
1433153188164 0 490.0
1433153186512 1 420.0
1433153186246 1 547.0
1433153186553 0 463.0
1433153188266 0 490.0
1433153186612 1 420.0
1433153186348 1 547.0
1433153186654 0 463.0
1433153188368 0 490.0
1433153186712 1 420.0
1433153186449 1 547.0
1433153186756 0 463.0
1433153188470 0 490.0
1433153186812 1 420.0
1433153186551 1 547.0
1433153186856 0 463.0
1433153188571 0 490.0
1433153186913 1 420.0
1433153186652 1 547.0
1433153186958 0 463.0
1433153188673 0 490.0
1433153187013 1 420.0
1433153186753 1 547.0
1433153187060 0 463.0
1433153187113 1 420.0
1433153186854 1 547.0
1433153187162 0 463.0
1433153188774 0 490.0
1433153188873 0 490.0
1433153187213 1 420.0
1433153186955 1 547.0
1433153187263 0 463.0
1433153187313 1 420.0
1433153187056 1 547.0
1433153187364 0 463.0
1433153188974 0 490.0
1433153187414 1 420.0
1433153187157 1 547.0
1433153187464 0 463.0
1433153189074 0 490.0
1433153189175 0 490.0
1433153187513 1 420.0
1433153187258 1 547.0
1433153187566 0 463.0
1433153189276 0 490.0
1433153187614 1 420.0
1433153187359 1 547.0
1433153187667 0 463.0
1433153189377 0 490.0
1433153187714 1 420.0
1433153187460 1 547.0
1433153187769 0 463.0
1433153189478 0 490.0
1433153187814 1 420.0
1433153187561 1 547.0
1433153187869 0 463.0
1433153189579 0 490.0
1433153187914 1 420.0
1433153187662 1 547.0
1433153187971 0 463.0
1433153189681 0 490.0
1433153188015 1 420.0
1433153187763 1 547.0
1433153188072 0 463.0
1433153189782 0 490.0
1433153188115 1 420.0
1433153187864 1 547.0
1433153188174 0 463.0
1433153189883 0 490.0
1433153188216 1 420.0
1433153187966 1 547.0
1433153188276 0 463.0
1433153189985 0 490.0
1433153188316 1 420.0
1433153188067 1 547.0
1433153188378 0 463.0
1433153190086 0 490.0
1433153188416 1 420.0
1433153188168 1 547.0
1433153190188 0 490.0
1433153188516 1 420.0
1433153188269 1 547.0
1433153190289 0 490.0
1433153188478 0 463.0
1433153188617 1 420.0
1433153188371 1 547.0
1433153188581 0 463.0
1433153188682 0 463.0
1433153190390 0 490.0
1433153188717 1 420.0
1433153188471 1 547.0
1433153188784 0 463.0
1433153190491 0 490.0
1433153188818 1 420.0
1433153188573 1 547.0
1433153188885 0 463.0
1433153190592 0 490.0
1433153188917 1 420.0
1433153188674 1 547.0
1433153188987 0 463.0
1433153190694 0 490.0
1433153189018 1 420.0
1433153188775 1 547.0
1433153189089 0 463.0
1433153190797 0 490.0
1433153189118 1 420.0
1433153188875 1 547.0
1433153189190 0 463.0
1433153190899 0 490.0
1433153189218 1 420.0
1433153188977 1 547.0
1433153189292 0 463.0
1433153191001 0 490.0
1433153189318 1 420.0
1433153189078 1 547.0
1433153191103 0 490.0
1433153189396 0 463.0
1433153189418 1 420.0
1433153189179 1 547.0
1433153189499 0 463.0
1433153191204 0 490.0
1433153189519 1 420.0
1433153189280 1 547.0
1433153189601 0 463.0
1433153191305 0 490.0
1433153189618 1 420.0
1433153189380 1 547.0
1433153189703 0 463.0
1433153191407 0 490.0
1433153189719 1 420.0
1433153189481 1 547.0
1433153189805 0 463.0
1433153191509 0 490.0
1433153189819 1 420.0
1433153189582 1 547.0
1433153189907 0 463.0
1433153191611 0 490.0
1433153189920 1 420.0
1433153189683 1 547.0
1433153190009 0 463.0
1433153191713 0 490.0
1433153190019 1 420.0
1433153189785 1 547.0
1433153190111 0 463.0
1433153190120 1 420.0
1433153191815 0 490.0
1433153189886 1 547.0
1433153190213 0 463.0
1433153191916 0 490.0
1433153190220 1 420.0
1433153192018 0 490.0
1433153190315 0 463.0
1433153190321 1 420.0
1433153189986 1 547.0
1433153190087 1 547.0
1433153192119 0 490.0
1433153190416 0 463.0
1433153190421 1 420.0
1433153190188 1 547.0
1433153190517 0 463.0
1433153192221 0 490.0
1433153190521 1 420.0
1433153190289 1 547.0
1433153190618 0 463.0
1433153192323 0 490.0
1433153190621 1 420.0
1433153190391 1 547.0
1433153190720 0 463.0
1433153192424 0 490.0
1433153190721 1 420.0
1433153190492 1 547.0
1433153190821 0 463.0
1433153192526 0 490.0
1433153190822 1 420.0
1433153190593 1 547.0
1433153190923 0 463.0
1433153192628 0 490.0
1433153190922 1 420.0
1433153190695 1 547.0
1433153191024 0 463.0
1433153192729 0 490.0
1433153191023 1 420.0
1433153190796 1 547.0
1433153191124 0 463.0
1433153192831 0 490.0
1433153191123 1 420.0
1433153190896 1 547.0
1433153191225 0 463.0
1433153192932 0 490.0
1433153191223 1 420.0
1433153190997 1 547.0
1433153191327 0 463.0
1433153193033 0 490.0
1433153191323 1 420.0
1433153191099 1 547.0
1433153191429 0 463.0
1433153193136 0 490.0
1433153191423 1 420.0
1433153191200 1 547.0
1433153191531 0 463.0
1433153193238 0 490.0
1433153191524 1 420.0
1433153191302 1 547.0
1433153191633 0 463.0
1433153193339 0 490.0
1433153191623 1 420.0
1433153191404 1 547.0
1433153191735 0 463.0
1433153193439 0 490.0
1433153191723 1 420.0
1433153191506 1 547.0
1433153191836 0 463.0
1433153191823 1 420.0
1433153193541 0 490.0
1433153191608 1 547.0
1433153191938 0 463.0
1433153191923 1 420.0
1433153193642 0 490.0
1433153191710 1 547.0
1433153192039 0 463.0
1433153192023 1 420.0
1433153193744 0 490.0
1433153191812 1 547.0
1433153192140 0 463.0
1433153192124 1 420.0
1433153193845 0 490.0
1433153191914 1 547.0
1433153192242 0 463.0
1433153192224 1 420.0
1433153193948 0 490.0
1433153192016 1 547.0
1433153192344 0 463.0
1433153192325 1 420.0
1433153194050 0 490.0
1433153192117 1 547.0
1433153192445 0 463.0
1433153192425 1 420.0
1433153194152 0 490.0
1433153192219 1 547.0
1433153192525 1 420.0
1433153192547 0 463.0
1433153194254 0 490.0
1433153192321 1 547.0
1433153192625 1 420.0
1433153192647 0 463.0
1433153194356 0 490.0
1433153192423 1 547.0
1433153192725 1 420.0
1433153192749 0 463.0
1433153194457 0 490.0
1433153192526 1 547.0
1433153192825 1 420.0
1433153192849 0 463.0
1433153194559 0 490.0
1433153192627 1 547.0
1433153192926 1 420.0
1433153192951 0 463.0
1433153194660 0 490.0
1433153192729 1 547.0
1433153193026 1 420.0
1433153193052 0 463.0
1433153194762 0 490.0
1433153192831 1 547.0
1433153193126 1 420.0
1433153193153 0 463.0
1433153194863 0 490.0
1433153192933 1 547.0
1433153193227 1 420.0
1433153193254 0 463.0
1433153194963 0 490.0
1433153193034 1 547.0
1433153193326 1 420.0
1433153193356 0 463.0
1433153195067 0 490.0
1433153193135 1 547.0
1433153193427 1 420.0
1433153193458 0 463.0
1433153195168 0 490.0
1433153193236 1 547.0
1433153193527 1 420.0
1433153193559 0 463.0
1433153195270 0 490.0
1433153193337 1 547.0
1433153193628 1 420.0
1433153193660 0 463.0
1433153195371 0 490.0
1433153193439 1 547.0
1433153193729 1 420.0
1433153193762 0 463.0
1433153195472 0 490.0
1433153193541 1 547.0
1433153193830 1 420.0
1433153193863 0 463.0
1433153195572 0 490.0
1433153193643 1 547.0
1433153193930 1 420.0
1433153193964 0 463.0
1433153195674 0 490.0
