1432907599894 1 407.0
1432907600051 1 576.0
1432907600055 1 84.0
1432907600185 0 393.0
1432907600215 1 551.0
1432907600374 1 590.0
1432907600392 0 491.0
1432907600587 1 393.0
1432907600747 1 112.0
1432907600859 0 393.0
1432907601012 0 463.0
1432907601066 1 98.0
1432907601869 0 112.0
1432907601226 1 140.0
1432907601439 1 94.0
1432907601758 1 82.0
1432907602489 0 210.0
1432907602699 0 323.0
1432907602856 0 435.0
1432907602343 1 70.0
1432907603011 0 590.0
1432907602411 0 435.0
1432907602556 1 64.0
1432907602928 1 66.0
1432907603195 1 57.0
1432907604206 0 590.0
1432907603567 1 110.0
1432907603607 0 491.0
1432907603727 1 636.0
1432907604518 0 1448.0
1432907603866 0 1279.0
1432907603887 1 660.0
1432907604674 0 2869.0
1432907604022 0 2715.0
1432907604825 0 3840.0
1432907604436 0 2363.0
1432907605194 0 4220.0
1432907605608 0 3925.0
1432907604903 0 2236.0
1432907605917 0 3672.0
1432907607008 0 3123.0
1432907607219 0 2405.0
1432907606559 0 1941.0
1432907606769 0 1575.0
1432907607375 0 1997.0
1432907606867 1 562.0
1432907607583 0 1659.0
1432907606976 0 1392.0
1432907607791 0 1490.0
1432907607132 1 505.0
1432907607389 0 1265.0
1432907607399 1 618.0
1432907608153 0 1350.0
1432907607633 1 505.0
1432907608268 0 1082.0
1432907608310 1 562.0
1432907608883 0 1125.0
1432907609037 0 857.0
1432907608479 0 674.0
1432907609189 0 632.0
1432907608632 0 463.0
1432907608783 1 1209.0
1432907608888 1 1462.0
1432907608942 1 3137.0
1432907609044 1 2785.0
1432907609102 1 4671.0
1432907609201 1 3854.0
1432907609421 1 3475.0
1432907609411 1 4445.0
1432907609582 1 2785.0
1432907609619 1 5191.0
1432907609776 1 6246.0
1432907609794 1 2307.0
1432907610007 1 1561.0
1432907609986 1 7147.0
1432907610194 1 8554.0
1432907610220 1 1772.0
1432907610401 1 9285.0
1432907610539 1 1927.0
1432907610805 1 1688.0
1432907610875 1 9932.0
1432907612234 1 9130.0
1432907612455 1 1547.0
1432907612494 1 9904.0
1432907613147 1 1660.0
1432907614424 1 1491.0
1432907614431 1 10734.0
1432907615009 1 1125.0
1432907615005 1 1195.0
1432907615162 1 562.0
1432907615169 1 618.0
1432907615270 0 3446.0
1432907615998 0 5093.0
1432907616152 0 6993.0
1432907615424 0 4445.0
1432907616310 0 8160.0
1432907615737 0 3882.0
1432907616517 0 8948.0
1432907615997 0 4192.0
1432907616725 0 9807.0
1432907616985 0 9174.0
1432907617245 0 9919.0
1432907616615 0 4459.0
1432907617136 0 4769.0
1432907618906 0 1420.0
1432907618225 0 3404.0
1432907619063 0 604.0
1432907618380 0 491.0
1432907618508 1 7442.0
1432907618522 1 253.0
1432907618665 1 12282.0
1432907618681 1 182.0
1432907618822 1 14154.0
1432907618841 1 154.0
1432907619001 1 182.0
1432907619083 1 15772.0
1432907619426 1 210.0
1432907619711 1 14548.0
1432907619745 1 253.0
1432907619904 1 295.0
1432907619972 1 13408.0
1432907620119 1 323.0
1432907620331 1 379.0
1432907620443 1 12564.0
1432907620757 1 407.0
1432907620805 1 11635.0
1432907621023 1 464.0
1432907621715 1 379.0
1432907621927 1 534.0
1432907622063 1 660.0
1432907622194 1 618.0
1432907622220 1 562.0
1432907623010 0 3657.0
1432907622320 0 4487.0
1432907622471 0 5895.0
1432907623166 0 7893.0
1432907622682 0 4867.0
1432907623475 0 8963.0
1432907623686 0 9793.0
1432907623097 0 4558.0
1432907624151 0 9160.0
1432907625348 0 8526.0
1432907624805 0 4164.0
1432907625658 0 7710.0
1432907625015 0 3840.0
1432907625223 0 3095.0
1432907625918 0 6303.0
1432907626075 0 5079.0
1432907625377 0 2349.0
1432907625531 0 1392.0
1432907626228 0 3728.0
1432907626387 0 2490.0
1432907625689 0 745.0
1432907626540 0 1730.0
1432907625845 0 506.0
1432907625998 0 393.0
1432907626698 0 1448.0
1432907626854 0 2025.0
1432907626206 0 660.0
1432907627010 0 1406.0
1432907626363 0 590.0
1432907627165 0 3700.0
1432907626518 0 2405.0
1432907626674 0 1237.0
1432907627426 0 2363.0
1432907626829 0 871.0
1432907627580 0 3081.0
1432907626985 0 1279.0
1432907627789 0 2813.0
1432907627141 0 1659.0
1432907627997 0 2321.0
1432907627296 0 857.0
1432907627451 0 956.0
1432907627608 0 703.0
1432907627762 0 1350.0
1432907628465 0 3221.0
1432907628619 0 3981.0
1432907627918 0 2349.0
1432907628070 0 3334.0
1432907628776 0 5740.0
1432907628229 0 2940.0
1432907628984 0 6655.0
1432907629138 0 5557.0
1432907628540 0 2574.0
1432907628692 0 3207.0
1432907629504 0 4840.0
1432907628850 0 3446.0
1432907629659 0 4220.0
1432907629815 0 1786.0
1432907629210 0 1744.0
1432907629971 0 984.0
1432907629370 0 899.0
1432907630127 0 688.0
1432907629525 0 632.0
1432907629680 0 590.0
1432907629836 0 1167.0
1432907630594 0 1265.0
1432907629992 0 2081.0
1432907630749 0 2827.0
1432907630197 0 787.0
1432907631010 0 2377.0
1432907630355 0 618.0
1432907631166 0 1673.0
1432907630509 0 435.0
1432907631318 0 2138.0
