1432847842615 1 -7.469909191131592 5.564124584197998 2.557007312774658
1432847842815 1 -7.450755596160889 5.439626216888428 2.470816135406494
1432847843016 1 -7.46033239364624 5.497087001800537 2.5665841102600098
1432847843216 1 -7.527369976043701 5.382165431976318 2.585737943649292
1432847844127 0 3.961886405944824 6.550841808319092 6.51161527633667
1432847844329 0 4.079566478729248 6.590068817138672 6.864655017852783
1432847844529 0 4.2364726066589355 6.629295349121094 6.550841808319092
1432847843416 1 -7.632715225219727 5.621585369110107 2.806004285812378
1432847843616 1 -7.929595947265625 5.324704647064209 2.4133553504943848
1432847843816 1 -7.795520782470703 5.899312973022461 2.432508945465088
1432847844728 0 4.158019542694092 6.472388744354248 6.825428009033203
1432847844929 0 3.9226598739624023 6.668521881103516 6.629295349121094
1432847845129 0 3.8834333419799805 6.472388744354248 6.590068817138672
1432847844016 1 -6.799532890319824 6.636727333068848 2.0877439975738525
1432847844216 1 -6.186617374420166 7.115567684173584 5.746084213256836
1432847844416 1 -4.941632270812988 8.791508674621582 5.094861030578613
1432847845329 0 3.648073673248291 6.864655017852783 5.57017707824707
1432847845529 0 13.925442695617676 6.864655017852783 12.12101936340332
1432847845728 0 -12.31715202331543 -1.4906107187271118 0.7060787677764893
1432847844616 1 2.470816135406494 6.981492042541504 1.0630255937576294
1432847844817 1 3.648763418197632 5.928043365478516 0.5841852426528931
1432847845016 1 -5.640739440917969 11.118672370910645 1.6855180263519287
1432847845929 0 8.982891082763672 -0.823758602142334 0.8629851937294006
1432847846128 0 15.808319091796875 4.942551612854004 7.335373878479004
1432847846329 0 -19.29948616027832 1.3729310035705566 6.433162212371826
1432847846528 0 20.005565643310547 11.179580688476562 20.005565643310547
1432847846727 0 -20.005565643310547 -4.942551612854004 5.648630142211914
1432847846926 0 20.005565643310547 -4.354152679443359 -7.649186611175537
1432847845217 1 -3.4572272300720215 9.078812599182129 1.1779472827911377
1432847845417 1 -3.4955344200134277 9.002198219299316 1.37906014919281
1432847845617 1 -3.1699230670928955 8.983044624328613 0.8810662031173706
1432847845817 1 -3.19865345954895 8.925583839416504 1.5514427423477173
1432847846022 1 -3.428496837615967 8.954314231872559 1.3024457693099976
1432847846222 1 -3.466804027557373 8.944737434387207 1.3503297567367554
1432847847126 0 8.94366455078125 6.080122947692871 9.335930824279785
1432847847329 0 3.295034408569336 6.2762556076049805 5.80553674697876
1432847847527 0 3.7657535076141357 6.472388744354248 6.864655017852783
1432847846422 1 -3.3423056602478027 8.973467826843262 1.4077905416488647
1432847847727 0 4.511058807373047 6.629295349121094 7.021561145782471
1432847847929 0 6.197802543640137 5.138684272766113 2.5889556407928467
1432847848126 0 18.044235229492188 -3.334260940551758 14.278482437133789
1432847846622 1 -3.399766445159912 9.059659004211426 1.3982137441635132
1432847846822 1 -3.4380736351013184 8.935160636901855 1.4269442558288574
1432847847022 1 -3.6104562282562256 9.002198219299316 1.359906554222107
1432847848327 0 8.080678939819336 -0.19613298773765564 19.691753387451172
1432847847223 1 -3.5721490383148193 9.078812599182129 1.216254472732544
1432847848528 0 -16.27903938293457 2.5889556407928467 15.298373222351074
1432847847423 1 -3.2752678394317627 9.2033109664917 1.1300631761550903
1432847848727 0 -20.005565643310547 1.3729310035705566 3.8049800395965576
1432847847625 1 -3.064578056335449 8.944737434387207 1.5610195398330688
1432847848927 0 -20.005565643310547 -15.847545623779297 -1.2944778203964233
1432847849127 0 20.005565643310547 19.809432983398438 -4.275699138641357
1432847847825 1 -3.3039982318878174 8.753201484680176 1.8579005002975464
1432847849328 0 -7.923772811889648 -0.8629851937294006 20.005565643310547
1432847848026 1 -3.3901896476745605 9.279925346374512 1.6280571222305298
1432847849526 0 -20.005565643310547 -8.94366455078125 10.159688949584961
1432847848226 1 -3.4093432426452637 9.059659004211426 1.2545616626739502
1432847849726 0 20.005565643310547 -20.005565643310547 -7.335373878479004
1432847848426 1 -3.026270866394043 8.858546257019043 1.944091796875
1432847849927 0 20.005565643310547 7.335373878479004 20.005565643310547
1432847848626 1 -3.2178070545196533 8.734047889709473 1.886630892753601
1432847850128 0 9.414383888244629 2.6281821727752686 1.6867437362670898
1432847848826 1 -3.2369606494903564 8.992621421813965 2.2026655673980713
1432847849026 1 -5.966350555419922 9.825803756713867 2.250549554824829
1432847850329 0 4.275699138641357 -3.687300205230713 9.45361042022705
1432847850528 0 0.19613298773765564 0.35303938388824463 9.45361042022705
1432847849226 1 4.050989151000977 1.015141487121582 -0.09576806426048279
1432847850728 0 0.5883989930152893 0.6668521761894226 10.159688949584961
1432847849426 1 0.10534487664699554 3.936067581176758 0.10534487664699554
1432847850927 0 0.35303938388824463 0.823758602142334 10.43427562713623
1432847849626 1 -6.4834980964660645 8.647856712341309 7.163451671600342
1432847849827 1 6.751648902893066 -1.4077905416488647 -1.886630892753601
1432847851128 0 0.19613298773765564 0.5491724014282227 10.395049095153809
1432847850027 1 1.8770540952682495 2.5761611461639404 -1.3886369466781616
1432847851328 0 0.509945809841156 0.6668521761894226 10.355822563171387
1432847850227 1 -7.038952827453613 8.667010307312012 8.762778282165527
1432847851527 0 0.156906396150589 0.5491724014282227 10.159688949584961
1432847850427 1 0.028730420395731926 0.8236053586006165 -0.08619125932455063
1432847851729 0 0.7060787677764893 1.3337043523788452 11.258033752441406
1432847850627 1 4.8937482833862305 1.216254472732544 -3.428496837615967
1432847851927 0 0.27458620071411133 0.8629851937294006 10.708861351013184
1432847850827 1 -3.0550012588500977 0.09576806426048279 -0.4213795065879822
1432847852128 0 0.8629851937294006 1.255251169204712 10.277368545532227
1432847852329 0 0.313812792301178 0.823758602142334 10.669634819030762
1432847851027 1 -1.2066776752471924 3.4093432426452637 6.205770969390869
1432847852527 0 0.19613298773765564 0.7060787677764893 10.591181755065918
1432847851227 1 -3.1890766620635986 7.489062786102295 3.8786067962646484
1432847852726 0 0.313812792301178 0.7060787677764893 10.395049095153809
1432847851427 1 -2.183511972427368 6.368576526641846 7.01979923248291
1432847851628 1 -1.2641384601593018 7.65186882019043 7.690176010131836
1432847851828 1 0.3256114423274994 6.646304130554199 7.623138427734375
1432847852929 0 0.313812792301178 0.7845319509506226 10.551955223083496
1432847853128 0 0.35303938388824463 0.7453053593635559 10.473502159118652
1432847852028 1 -0.4596867263317108 4.807557106018066 9.672574996948242
1432847853327 0 0.3922659754753113 0.6668521761894226 10.551955223083496
1432847853532 0 0.3922659754753113 0.7453053593635559 10.355822563171387
1432847853727 0 0.35303938388824463 0.6668521761894226 10.473502159118652
1432847852228 1 1.522712230682373 5.717353820800781 10.649409294128418
1432847852429 1 -2.365471363067627 2.250549554824829 7.603984832763672
1432847852629 1 2.3558945655822754 3.8977603912353516 9.366117477416992
1432847853929 0 0.313812792301178 0.7060787677764893 10.355822563171387
1432847854129 0 0.3922659754753113 0.6668521761894226 10.551955223083496
1432847852829 1 1.6184803247451782 7.105990409851074 7.929595947265625
1432847854329 0 0.47071918845176697 0.7845319509506226 10.551955223083496
1432847853029 1 -0.4118026793003082 6.646304130554199 6.119579315185547
1432847853229 1 1.6376339197158813 6.665457725524902 6.588842868804932
1432847853429 1 1.9057846069335938 7.785943984985352 6.732495307922363
1432847854527 0 0.627625584602356 0.7060787677764893 10.708861351013184
1432847854728 0 0.5883989930152893 0.627625584602356 10.43427562713623
1432847853629 1 -2.1356279850006104 4.644751071929932 4.989516258239746
1432847854929 0 0.627625584602356 0.6668521761894226 10.865767478942871
1432847855129 0 0.23535959422588348 0.6668521761894226 10.355822563171387
1432847855330 0 0.509945809841156 0.8629851937294006 10.708861351013184
1432847853829 1 -1.072602391242981 2.3080103397369385 3.428496837615967
1432847854029 1 1.8962076902389526 4.932055473327637 8.312667846679688
1432847855526 0 0.5883989930152893 0.823758602142334 10.512728691101074
1432847854229 1 5.363011837005615 7.182605266571045 11.243170738220215
1432847855727 0 0.509945809841156 0.7845319509506226 10.669634819030762
1432847854429 1 6.224924564361572 1.139639973640442 10.96544361114502
1432847854630 1 6.445190906524658 -5.104437828063965 9.433155059814453
1432847855928 0 0.509945809841156 0.27458620071411133 10.43427562713623
1432847856129 0 0.4314925968647003 0.23535959422588348 10.43427562713623
1432847854830 1 6.502651691436768 -3.8307228088378906 7.259219646453857
1432847856329 0 -0.0 0.8629851937294006 10.591181755065918
1432847855030 1 -1.742978811264038 -5.315127849578857 1.139639973640442
1432847855231 1 -5.861005783081055 -4.606443881988525 1.158793568611145
1432847855430 1 -10.994174003601074 -3.2848446369171143 3.265691041946411
1432847855630 1 -10.515334129333496 0.9097966551780701 3.648763418197632
1432847856526 0 -0.156906396150589 1.1767979860305786 10.316595077514648
1432847856728 0 -0.35303938388824463 1.255251169204712 10.198915481567383
1432847856928 0 -0.35303938388824463 1.1767979860305786 9.885103225708008
1432847855831 1 -7.508216381072998 4.127603530883789 1.8770540952682495
1432847856031 1 -6.761225700378418 2.7772738933563232 0.363918662071228
1432847856231 1 -6.5696892738342285 -2.231395959854126 1.6855180263519287
1432847857127 0 -0.23535959422588348 1.1767979860305786 10.042009353637695
1432847857328 0 -0.0 0.9806649684906006 10.43427562713623
1432847857527 0 0.27458620071411133 0.7845319509506226 10.591181755065918
1432847856431 1 -6.0621185302734375 -12.373234748840332 0.6799532771110535
1432847856631 1 -6.081272125244141 -14.834473609924316 1.3311761617660522
1432847856831 1 2.1930887699127197 -6.01423454284668 -1.9632453918457031
1432847857727 0 0.5491724014282227 0.6668521761894226 11.101127624511719
1432847857031 1 3.1890766620635986 3.2848446369171143 5.70777702331543
1432847857927 0 0.9022117853164673 0.5491724014282227 11.14035415649414
1432847858128 0 0.313812792301178 0.9806649684906006 10.395049095153809
1432847857231 1 3.1507694721221924 5.085284233093262 7.000645637512207
1432847857432 1 3.1507694721221924 5.477933406829834 7.1921820640563965
1432847857632 1 3.1028854846954346 5.564124584197998 7.163451671600342
1432847858328 0 0.23535959422588348 0.7845319509506226 10.512728691101074
1432847858527 0 0.313812792301178 0.7845319509506226 10.43427562713623
1432847858727 0 0.23535959422588348 0.7453053593635559 10.512728691101074
1432847857832 1 3.620033025741577 5.449203014373779 7.182605266571045
1432847858033 1 2.82515811920166 2.3558945655822754 5.305551052093506
1432847858233 1 4.165910720825195 6.244078159332275 11.865663528442383
1432847858926 0 0.19613298773765564 0.7845319509506226 10.473502159118652
1432847859127 0 0.27458620071411133 0.7453053593635559 10.473502159118652
1432847859328 0 0.35303938388824463 0.47071918845176697 10.355822563171387
1432847859526 0 0.4314925968647003 0.7845319509506226 10.551955223083496
1432847858433 1 3.840299606323242 6.157886981964111 6.89530086517334
1432847858633 1 3.6391866207122803 5.870582580566406 6.866570472717285
1432847858833 1 3.332728862762451 5.793968200683594 7.240066051483154
1432847859727 0 0.19613298773765564 0.7845319509506226 10.551955223083496
1432847859929 0 0.23535959422588348 0.7453053593635559 10.551955223083496
1432847860129 0 0.23535959422588348 0.7060787677764893 10.551955223083496
1432847859033 1 3.294421434402466 6.0621185302734375 7.000645637512207
1432847859233 1 3.1316158771514893 6.349422931671143 6.943184852600098
1432847859433 1 4.405331134796143 4.76924991607666 11.166556358337402
1432847860329 0 0.23535959422588348 0.7453053593635559 10.512728691101074
1432847860529 0 0.19613298773765564 0.7845319509506226 10.512728691101074
1432847860726 0 0.27458620071411133 0.7453053593635559 10.512728691101074
1432847859634 1 -8.063671112060547 5.966350555419922 2.652775526046753
1432847859833 1 -2.31758713722229 -1.9728221893310547 9.624691009521484
1432847860928 0 0.11767979711294174 0.7060787677764893 10.473502159118652
1432847860034 1 11.884817123413086 0.4884171485900879 -9.117119789123535
1432847861129 0 0.156906396150589 0.9022117853164673 10.591181755065918
1432847861329 0 0.35303938388824463 0.7845319509506226 10.591181755065918
1432847860234 1 1.3407529592514038 -5.200206279754639 8.283937454223633
1432847860434 1 14.652514457702637 1.072602391242981 -10.505757331848145
1432847860635 1 -0.13407529890537262 -5.0469770431518555 9.2033109664917
1432847861530 0 0.19613298773765564 1.019891619682312 10.551955223083496
1432847861728 0 0.11767979711294174 0.823758602142334 10.473502159118652
1432847861929 0 0.19613298773765564 0.6668521761894226 10.551955223083496
1432847860835 1 10.41956615447998 1.091755986213684 -8.954314231872559
1432847861035 1 2.0015525817871094 -0.6224924325942993 4.730942726135254
1432847861235 1 -2.1068975925445557 0.40222588181495667 2.806004285812378
1432847862128 0 0.19613298773765564 0.823758602142334 10.395049095153809
1432847862329 0 0.35303938388824463 0.5491724014282227 10.43427562713623
1432847862529 0 0.5491724014282227 0.5491724014282227 11.14035415649414
1432847861435 1 -2.5282769203186035 1.6184803247451782 3.8786067962646484
1432847861635 1 -1.8483237028121948 -1.5418659448623657 3.00711727142334
1432847861835 1 -2.7676970958709717 1.2737152576446533 7.632715225219727
1432847862729 0 0.4314925968647003 0.7845319509506226 11.061901092529297
1432847862929 0 0.3922659754753113 0.509945809841156 10.787314414978027
1432847863126 0 0.35303938388824463 0.7060787677764893 10.983448028564453
1432847862036 1 -3.88818359375 0.8523358106613159 6.3973069190979
1432847862236 1 -5.793968200683594 -3.0166940689086914 3.1507694721221924
1432847862436 1 0.09576806426048279 -6.282385349273682 0.507570743560791
1432847863328 0 0.0784531980752945 0.9806649684906006 10.473502159118652
1432847863529 0 -0.03922659903764725 0.9414383769035339 10.081235885620117
1432847863729 0 -0.4314925968647003 1.3337043523788452 10.002782821655273
1432847862636 1 1.455674648284912 -0.05746084079146385 5.612008571624756
1432847862836 1 5.2480902671813965 5.458779811859131 12.459425926208496
1432847863036 1 2.31758713722229 3.8786067962646484 9.423578262329102
1432847863926 0 -0.3922659754753113 1.1767979860305786 10.473502159118652
1432847864127 0 0.156906396150589 0.313812792301178 10.042009353637695
1432847864329 0 0.35303938388824463 0.7060787677764893 10.591181755065918
1432847863236 1 0.24899697303771973 3.064578056335449 9.758766174316406
1432847863436 1 -0.5746083855628967 3.514688014984131 9.47146224975586
1432847863636 1 -4.347870349884033 5.4875102043151855 14.528016090393066
1432847864527 0 0.313812792301178 0.7453053593635559 10.551955223083496
1432847864727 0 0.23535959422588348 0.6668521761894226 10.473502159118652
1432847864926 0 0.19613298773765564 0.7453053593635559 10.43427562713623
1432847865127 0 0.11767979711294174 0.5883989930152893 10.551955223083496
1432847863837 1 7.163451671600342 -5.506663799285889 3.667917013168335
1432847865328 0 0.823758602142334 0.823758602142334 10.473502159118652
1432847864037 1 -4.491522312164307 5.774814605712891 2.3750481605529785
1432847865527 0 0.19613298773765564 0.627625584602356 10.512728691101074
1432847864237 1 -6.004657745361328 4.434061527252197 2.691082715988159
1432847864437 1 7.910442352294922 -6.847416877746582 -6.742072105407715
1432847864637 1 -1.599326729774475 1.8962076902389526 -0.20111294090747833
1432847864837 1 -6.119579315185547 5.899312973022461 3.8977603912353516
1432847865728 0 -0.0784531980752945 0.35303938388824463 10.512728691101074
1432847865928 0 0.3922659754753113 1.0983448028564453 10.983448028564453
1432847866129 0 0.11767979711294174 0.7060787677764893 10.512728691101074
1432847866329 0 0.156906396150589 0.6668521761894226 10.512728691101074
1432847865037 1 7.422025203704834 -7.814674377441406 -6.138733386993408
1432847865238 1 -0.6416460275650024 0.8523358106613159 -3.2752678394317627
1432847865438 1 -2.75812029838562 8.26478385925293 5.123591423034668
1432847866529 0 0.3922659754753113 0.9022117853164673 10.708861351013184
1432847866729 0 0.35303938388824463 0.823758602142334 10.473502159118652
1432847866929 0 0.11767979711294174 0.627625584602356 10.355822563171387
1432847865638 1 3.734954595565796 5.430049419403076 -0.08619125932455063
1432847865838 1 0.7086837291717529 9.84495735168457 1.8483237028121948
1432847866039 1 3.4380736351013184 8.485051155090332 -0.6512228846549988
1432847866239 1 4.271255970001221 6.780379295349121 -0.8906430602073669
1432847867129 0 0.156906396150589 0.7453053593635559 10.551955223083496
1432847867329 0 0.156906396150589 0.7845319509506226 10.43427562713623
1432847867529 0 0.23535959422588348 0.7060787677764893 10.316595077514648
1432847866440 1 -1.4652514457702637 7.086836814880371 0.871489405632019
1432847866640 1 -2.403778553009033 5.123591423034668 1.5514427423477173
1432847866840 1 3.07415509223938 1.4844050407409668 -3.667917013168335
1432847867729 0 0.11767979711294174 0.6668521761894226 10.395049095153809
1432847867930 0 0.27458620071411133 0.7060787677764893 10.473502159118652
1432847868128 0 0.156906396150589 0.9022117853164673 10.43427562713623
1432847867040 1 -7.374141216278076 9.375694274902344 8.96389102935791
1432847867240 1 3.821146011352539 -4.548983097076416 -1.235408067703247
1432847867440 1 4.778826713562012 -1.436521053314209 0.2968810200691223
1432847868326 0 0.11767979711294174 0.7453053593635559 10.395049095153809
1432847868529 0 0.156906396150589 0.509945809841156 10.473502159118652
1432847868729 0 0.23535959422588348 0.7845319509506226 10.787314414978027
1432847868927 0 -0.03922659903764725 0.3922659754753113 9.963556289672852
1432847867640 1 -3.3710360527038574 9.117119789123535 7.096413612365723
1432847867841 1 2.652775526046753 6.378153324127197 0.8810662031173706
1432847868040 1 1.072602391242981 10.448296546936035 1.9919757843017578
1432847868241 1 1.9153614044189453 4.989516258239746 -1.436521053314209
1432847869128 0 0.19613298773765564 0.5883989930152893 10.395049095153809
1432847869327 0 0.156906396150589 0.7060787677764893 10.395049095153809
1432847869529 0 0.19613298773765564 0.7060787677764893 10.473502159118652
1432847868441 1 3.7445313930511475 4.5394062995910645 -2.5665841102600098
1432847868641 1 -4.3861775398254395 10.371682167053223 1.4173674583435059
1432847868841 1 2.2697031497955322 6.828263282775879 -1.7621324062347412
1432847869728 0 0.03922659903764725 0.5883989930152893 10.355822563171387
1432847869927 0 0.11767979711294174 0.7845319509506226 10.473502159118652
1432847870127 0 0.156906396150589 0.627625584602356 10.43427562713623
1432847870329 0 0.19613298773765564 0.823758602142334 10.551955223083496
1432847870527 0 0.11767979711294174 0.5883989930152893 10.355822563171387
1432847870727 0 0.23535959422588348 0.6668521761894226 10.43427562713623
1432847869041 1 1.4077905416488647 10.381258964538574 1.0055646896362305
1432847869241 1 -3.88818359375 10.160991668701172 -0.5267243981361389
1432847869441 1 6.646304130554199 -1.6759412288665771 -3.3423056602478027
1432847869645 1 -3.2178070545196533 6.2632317543029785 0.7757213711738586
1432847869845 1 -0.6607996821403503 7.412448406219482 0.9385270476341248
1432847870928 0 0.5491724014282227 1.255251169204712 10.82654094696045
1432847871127 0 0.0784531980752945 0.7453053593635559 10.316595077514648
1432847870045 1 -0.8427590131759644 8.973467826843262 2.145204782485962
1432847870245 1 -0.8140285611152649 9.14585018157959 3.466804027557373
1432847870446 1 -0.7469909191131592 8.973467826843262 3.840299606323242
1432847870646 1 -0.5937620401382446 8.935160636901855 3.581725835800171
1432847870846 1 -0.5363011956214905 9.030928611755371 3.620033025741577
1432847871329 0 0.156906396150589 0.6668521761894226 10.395049095153809
1432847871529 0 0.19613298773765564 0.7060787677764893 10.551955223083496
1432847871728 0 0.19613298773765564 0.7060787677764893 10.395049095153809
1432847871927 0 0.19613298773765564 0.7453053593635559 10.512728691101074
1432847871046 1 -0.5937620401382446 8.954314231872559 3.773261785507202
1432847871246 1 -0.5267243981361389 8.89685344696045 3.773261785507202
1432847871446 1 -0.5363011956214905 8.9064302444458 3.7158010005950928
1432847872127 0 0.156906396150589 0.823758602142334 10.512728691101074
1432847872326 0 0.11767979711294174 0.7060787677764893 10.43427562713623
1432847872527 0 0.19613298773765564 0.7845319509506226 10.512728691101074
1432847871646 1 -0.5554547905921936 8.868123054504395 3.7445313930511475
1432847871846 1 -0.49799394607543945 8.887276649475098 3.7253777980804443
1432847872046 1 -0.545877993106842 8.9064302444458 3.687070608139038
1432847872728 0 0.11767979711294174 0.7060787677764893 10.551955223083496
1432847872928 0 0.11767979711294174 0.7060787677764893 10.473502159118652
1432847873130 0 0.156906396150589 0.7453053593635559 10.551955223083496
1432847873327 0 0.11767979711294174 0.7845319509506226 10.43427562713623
1432847872247 1 -0.6129156351089478 9.002198219299316 3.7636849880218506
1432847872447 1 -0.7565677165985107 9.155426979064941 3.7158010005950928
1432847872647 1 -2.7964274883270264 10.984597206115723 5.161899089813232
1432847873527 0 0.19613298773765564 0.6668521761894226 10.551955223083496
1432847873726 0 0.156906396150589 0.7453053593635559 10.473502159118652
1432847873927 0 0.23535959422588348 0.823758602142334 10.669634819030762
1432847872847 1 5.985504150390625 0.1628057211637497 -0.08619125932455063
1432847873047 1 -3.4093432426452637 8.159439086914062 -0.7182605266571045
1432847873247 1 2.7485435009002686 -0.22026655077934265 -1.1779472827911377
1432847874128 0 0.156906396150589 0.7453053593635559 10.473502159118652
1432847874329 0 0.19613298773765564 0.9414383769035339 10.708861351013184
1432847874530 0 0.11767979711294174 0.7453053593635559 10.395049095153809
1432847873447 1 -3.1507694721221924 5.564124584197998 2.1164743900299072
1432847873647 1 -5.612008571624756 8.418013572692871 1.8195933103561401
1432847873847 1 4.3861775398254395 1.072602391242981 1.4652514457702637
1432847874728 0 0.11767979711294174 0.627625584602356 10.512728691101074
1432847874929 0 0.03922659903764725 0.5491724014282227 10.316595077514648
1432847875128 0 0.156906396150589 0.5883989930152893 10.395049095153809
