1433151811408 1 575.0
1433151811721 1 603.0
1433151813461 0 518.0
1433151811770 0 631.0
1433151811510 1 575.0
1433151811821 1 603.0
1433151813562 0 518.0
1433151811612 1 575.0
1433151811922 1 603.0
1433151813664 0 518.0
1433151811870 0 631.0
1433151811971 0 631.0
1433151811714 1 575.0
1433151812021 1 603.0
1433151813765 0 518.0
1433151812072 0 631.0
1433151811816 1 575.0
1433151812121 1 603.0
1433151813867 0 518.0
1433151812174 0 631.0
1433151811918 1 575.0
1433151812221 1 603.0
1433151813967 0 518.0
1433151812276 0 631.0
1433151812020 1 575.0
1433151812321 1 603.0
1433151814069 0 518.0
1433151812377 0 631.0
1433151812121 1 575.0
1433151812421 1 603.0
1433151814171 0 518.0
1433151812478 0 631.0
1433151812222 1 575.0
1433151812522 1 603.0
1433151814274 0 518.0
1433151812579 0 631.0
1433151812324 1 575.0
1433151812622 1 603.0
1433151814375 0 518.0
1433151812680 0 631.0
1433151812426 1 575.0
1433151812722 1 603.0
1433151814477 0 518.0
1433151812782 0 631.0
1433151812526 1 575.0
1433151812822 1 603.0
1433151814577 0 518.0
1433151812883 0 631.0
1433151812627 1 575.0
1433151812922 1 603.0
1433151814678 0 518.0
1433151812985 0 631.0
1433151812729 1 575.0
1433151813022 1 603.0
1433151814780 0 518.0
1433151813086 0 631.0
1433151812831 1 575.0
1433151813123 1 603.0
1433151814880 0 518.0
1433151813188 0 631.0
1433151812932 1 575.0
1433151813223 1 603.0
1433151814982 0 518.0
1433151813290 0 631.0
1433151813034 1 575.0
1433151813323 1 603.0
1433151815083 0 518.0
1433151813136 1 575.0
1433151813423 1 603.0
1433151815185 0 518.0
1433151813390 0 631.0
1433151813491 0 631.0
1433151813237 1 575.0
1433151813523 1 603.0
1433151815286 0 518.0
1433151813592 0 631.0
1433151813339 1 575.0
1433151813624 1 603.0
1433151815387 0 518.0
1433151813694 0 631.0
1433151813440 1 575.0
1433151813724 1 603.0
1433151815489 0 518.0
1433151813796 0 631.0
1433151813542 1 575.0
1433151813825 1 603.0
1433151815590 0 518.0
1433151813897 0 631.0
1433151813642 1 575.0
1433151813925 1 603.0
1433151815690 0 518.0
1433151813999 0 631.0
1433151813743 1 575.0
1433151814025 1 603.0
1433151815792 0 518.0
1433151814100 0 631.0
1433151813844 1 575.0
1433151814125 1 603.0
1433151815892 0 518.0
1433151814202 0 631.0
1433151813946 1 575.0
1433151814226 1 603.0
1433151815993 0 518.0
1433151814304 0 631.0
1433151814047 1 575.0
1433151814327 1 603.0
1433151816094 0 518.0
1433151814404 0 631.0
1433151814150 1 575.0
1433151814427 1 603.0
1433151816196 0 518.0
1433151814250 1 575.0
1433151814527 1 603.0
1433151816296 0 518.0
1433151814507 0 631.0
1433151814627 1 603.0
1433151814352 1 575.0
1433151816397 0 518.0
1433151814609 0 631.0
1433151814727 1 603.0
1433151814453 1 575.0
1433151816498 0 518.0
1433151814710 0 631.0
1433151814811 0 631.0
1433151814828 1 603.0
1433151814554 1 575.0
1433151816600 0 518.0
1433151814912 0 631.0
1433151814928 1 603.0
1433151814655 1 575.0
1433151816701 0 518.0
1433151815013 0 631.0
1433151814756 1 575.0
1433151816802 0 518.0
1433151815115 0 631.0
1433151814857 1 575.0
1433151815029 1 603.0
1433151816903 0 518.0
1433151815216 0 631.0
1433151815129 1 603.0
1433151814959 1 575.0
1433151817004 0 518.0
1433151815318 0 631.0
1433151815230 1 603.0
1433151815060 1 575.0
1433151817106 0 518.0
1433151815419 0 631.0
1433151815330 1 603.0
1433151815162 1 575.0
1433151817208 0 518.0
1433151815520 0 631.0
1433151815431 1 603.0
1433151815263 1 575.0
1433151817310 0 518.0
1433151815622 0 631.0
1433151815531 1 603.0
1433151815365 1 575.0
1433151815724 0 631.0
1433151815632 1 603.0
1433151815466 1 575.0
1433151815826 0 631.0
1433151817410 0 518.0
1433151815733 1 603.0
1433151815567 1 575.0
1433151817512 0 518.0
1433151817612 0 518.0
1433151815928 0 631.0
1433151815833 1 603.0
1433151815668 1 575.0
1433151817714 0 518.0
1433151816029 0 631.0
1433151815933 1 603.0
1433151817816 0 518.0
1433151816131 0 631.0
1433151816034 1 603.0
1433151815768 1 575.0
1433151815870 1 575.0
1433151817917 0 518.0
1433151816231 0 631.0
1433151816134 1 603.0
1433151815971 1 575.0
1433151818019 0 518.0
1433151816333 0 631.0
1433151816234 1 603.0
1433151816073 1 575.0
1433151818120 0 462.0
1433151816433 0 631.0
1433151816335 1 603.0
1433151816175 1 575.0
1433151818221 0 462.0
1433151816535 0 631.0
1433151816435 1 603.0
1433151816276 1 575.0
1433151818323 0 462.0
1433151816635 0 617.0
1433151816535 1 603.0
1433151816378 1 575.0
1433151818425 0 462.0
1433151816737 0 617.0
1433151816635 1 603.0
1433151816477 1 575.0
1433151818527 0 462.0
1433151816838 0 617.0
1433151816736 1 603.0
1433151816579 1 575.0
1433151818629 0 462.0
1433151816938 0 617.0
1433151816836 1 603.0
1433151818731 0 462.0
1433151817038 0 617.0
1433151816936 1 603.0
1433151816679 1 575.0
1433151816780 1 575.0
1433151818831 0 434.0
1433151817139 0 617.0
1433151817037 1 603.0
1433151816881 1 575.0
1433151818933 0 434.0
1433151817239 0 617.0
1433151817136 1 603.0
1433151816983 1 575.0
1433151819035 0 434.0
1433151817341 0 617.0
1433151817236 1 603.0
1433151817084 1 575.0
1433151819137 0 434.0
1433151817442 0 617.0
1433151817336 1 603.0
1433151817185 1 575.0
1433151819239 0 434.0
1433151817437 1 603.0
1433151817287 1 575.0
1433151819340 0 434.0
1433151817537 1 603.0
1433151817543 0 617.0
1433151817644 0 617.0
1433151817389 1 575.0
1433151819441 0 434.0
1433151817746 0 617.0
1433151817637 1 603.0
1433151817491 1 575.0
1433151817846 0 617.0
1433151817737 1 603.0
1433151817592 1 575.0
1433151817948 0 617.0
1433151817838 1 603.0
1433151819542 0 434.0
1433151819642 0 434.0
1433151817693 1 575.0
1433151819743 0 434.0
1433151817938 1 603.0
1433151818049 0 617.0
1433151817795 1 575.0
1433151818038 1 603.0
1433151818150 0 182.0
1433151817896 1 575.0
1433151818138 1 603.0
1433151818251 0 56.0
1433151819845 0 434.0
1433151817999 1 575.0
1433151819946 0 434.0
1433151818238 1 603.0
1433151818352 0 6.0
1433151818100 1 575.0
1433151820046 0 434.0
1433151820147 0 434.0
1433151818338 1 603.0
1433151818452 0 2.0
1433151818202 1 575.0
1433151818439 1 603.0
1433151820249 0 434.0
1433151818553 0 2.0
1433151818304 1 575.0
1433151818539 1 603.0
1433151818654 0 2.0
1433151818406 1 575.0
1433151818639 1 603.0
1433151818755 0 2.0
1433151820349 0 434.0
1433151820450 0 434.0
1433151818507 1 575.0
1433151818740 1 603.0
1433151820552 0 434.0
1433151818855 0 2.0
1433151818609 1 575.0
1433151818840 1 603.0
1433151820652 0 350.0
1433151818957 0 2.0
1433151818709 1 575.0
1433151818940 1 603.0
1433151820754 0 265.0
1433151819058 0 2.0
1433151818811 1 575.0
1433151819040 1 603.0
1433151820854 0 125.0
1433151819159 0 2.0
1433151818912 1 575.0
1433151819140 1 603.0
1433151820955 0 83.0
1433151819259 0 2.0
1433151819013 1 575.0
1433151819240 1 603.0
1433151821056 0 65.0
1433151819359 0 2.0
1433151819114 1 575.0
1433151819340 1 603.0
1433151821158 0 66.0
1433151819459 0 2.0
1433151819215 1 575.0
1433151819440 1 603.0
1433151819560 0 2.0
1433151821260 0 66.0
1433151819317 1 575.0
1433151819540 1 603.0
1433151819661 0 2.0
1433151821361 0 57.0
1433151819419 1 575.0
1433151819640 1 603.0
1433151819763 0 2.0
1433151821462 0 46.0
1433151819520 1 575.0
1433151819740 1 603.0
1433151819863 0 2.0
1433151821561 0 43.0
1433151819622 1 575.0
1433151819840 1 603.0
1433151819964 0 2.0
1433151821662 0 38.0
1433151819725 1 575.0
1433151819941 1 603.0
1433151820065 0 2.0
1433151821763 0 34.0
1433151819827 1 575.0
1433151820041 1 603.0
1433151820166 0 2.0
1433151821864 0 31.0
1433151819929 1 575.0
1433151820142 1 603.0
1433151820267 0 2.0
1433151821964 0 26.0
1433151820030 1 575.0
1433151820241 1 603.0
1433151822064 0 24.0
1433151820368 0 2.0
1433151820131 1 575.0
1433151820341 1 603.0
1433151820469 0 2.0
1433151822165 0 24.0
1433151820233 1 575.0
1433151820441 1 603.0
1433151820541 1 603.0
1433151820569 0 2.0
1433151822267 0 24.0
1433151820335 1 575.0
1433151820642 1 603.0
1433151820670 0 2.0
1433151822368 0 26.0
1433151820437 1 575.0
1433151820742 1 603.0
1433151820771 0 2.0
1433151822470 0 26.0
1433151820539 1 575.0
1433151820843 1 603.0
1433151820871 0 2.0
1433151822572 0 24.0
1433151820640 1 575.0
1433151820972 0 2.0
1433151822673 0 24.0
1433151820741 1 575.0
1433151820943 1 603.0
1433151821043 1 603.0
1433151821072 0 2.0
1433151822773 0 20.0
1433151820842 1 575.0
1433151821143 1 603.0
1433151821173 0 2.0
1433151822874 0 17.0
1433151820942 1 575.0
1433151821243 1 603.0
1433151821274 0 2.0
1433151822974 0 12.0
1433151821042 1 575.0
1433151821344 1 603.0
1433151821375 0 2.0
1433151823076 0 12.0
1433151821143 1 575.0
1433151821444 1 603.0
1433151821476 0 2.0
1433151823178 0 11.0
1433151821244 1 575.0
1433151821544 1 603.0
1433151821577 0 2.0
1433151823278 0 11.0
1433151821346 1 575.0
1433151821644 1 603.0
1433151821678 0 2.0
1433151823380 0 11.0
1433151821447 1 575.0
1433151821744 1 603.0
1433151821780 0 2.0
1433151823482 0 10.0
1433151821548 1 575.0
1433151821844 1 603.0
1433151821881 0 2.0
1433151821649 1 575.0
1433151821944 1 603.0
1433151823583 0 10.0
1433151821750 1 575.0
1433151822044 1 603.0
1433151823683 0 8.0
1433151821981 0 2.0
1433151822081 0 2.0
1433151821851 1 575.0
1433151822144 1 603.0
1433151822182 0 2.0
1433151823783 0 8.0
1433151821952 1 575.0
1433151822244 1 603.0
1433151822284 0 2.0
1433151823883 0 8.0
1433151823984 0 6.0
1433151822344 1 603.0
1433151822386 0 2.0
1433151824084 0 6.0
1433151822052 1 575.0
1433151822154 1 575.0
1433151822445 1 603.0
1433151822488 0 2.0
1433151824185 0 6.0
1433151822255 1 575.0
1433151822545 1 603.0
1433151822589 0 2.0
1433151824286 0 6.0
1433151822357 1 575.0
1433151822645 1 603.0
1433151824387 0 6.0
1433151822691 0 2.0
1433151822458 1 575.0
1433151822745 1 603.0
1433151824487 0 6.0
1433151822792 0 2.0
1433151822560 1 575.0
1433151822845 1 603.0
1433151824589 0 6.0
1433151822893 0 5.0
1433151822661 1 575.0
1433151822945 1 603.0
1433151824690 0 6.0
1433151822995 0 5.0
1433151822762 1 575.0
1433151823045 1 603.0
1433151824791 0 6.0
1433151823097 0 5.0
1433151822863 1 575.0
1433151823145 1 603.0
1433151824892 0 6.0
1433151823199 0 5.0
1433151822965 1 575.0
1433151823245 1 603.0
1433151824994 0 6.0
1433151823300 0 5.0
1433151823065 1 575.0
1433151823345 1 603.0
1433151825094 0 6.0
1433151823402 0 5.0
1433151823166 1 575.0
1433151823445 1 603.0
1433151825196 0 6.0
1433151823504 0 5.0
1433151823268 1 575.0
1433151823546 1 603.0
1433151825297 0 6.0
1433151823605 0 5.0
1433151823370 1 575.0
1433151823647 1 603.0
1433151825399 0 6.0
1433151823706 0 5.0
1433151823471 1 575.0
1433151823748 1 603.0
1433151825500 0 6.0
1433151823807 0 5.0
1433151823848 1 603.0
1433151823573 1 575.0
1433151825600 0 6.0
1433151823908 0 5.0
1433151823948 1 603.0
1433151823675 1 575.0
1433151825701 0 6.0
1433151824009 0 5.0
1433151824048 1 603.0
1433151823776 1 575.0
1433151825803 0 6.0
1433151824111 0 5.0
1433151824148 1 603.0
1433151825903 0 6.0
1433151824213 0 5.0
1433151824249 1 603.0
1433151823876 1 575.0
1433151823977 1 575.0
1433151826004 0 6.0
1433151824315 0 5.0
1433151824349 1 603.0
1433151824076 1 575.0
1433151826105 0 6.0
1433151824418 0 5.0
1433151824449 1 603.0
1433151824177 1 575.0
1433151826205 0 6.0
1433151824518 0 5.0
1433151824549 1 603.0
1433151824277 1 575.0
1433151826306 0 6.0
1433151824619 0 5.0
1433151824649 1 603.0
1433151824379 1 575.0
1433151826408 0 6.0
1433151824721 0 5.0
1433151824749 1 603.0
1433151824480 1 575.0
1433151826509 0 6.0
1433151824820 0 5.0
1433151824849 1 603.0
1433151824581 1 575.0
1433151826610 0 6.0
1433151824921 0 5.0
1433151824950 1 603.0
1433151824682 1 575.0
1433151826712 0 6.0
1433151825022 0 5.0
1433151825050 1 603.0
1433151824784 1 575.0
1433151826814 0 6.0
1433151825124 0 5.0
1433151825151 1 603.0
1433151824886 1 575.0
1433151826915 0 6.0
1433151825226 0 5.0
1433151825251 1 603.0
1433151824987 1 575.0
1433151827017 0 6.0
1433151825327 0 5.0
1433151825351 1 603.0
1433151825088 1 575.0
1433151827118 0 6.0
1433151825429 0 8.0
1433151825451 1 603.0
1433151825189 1 575.0
1433151827220 0 6.0
1433151825530 0 8.0
1433151825551 1 603.0
1433151825291 1 575.0
1433151827321 0 8.0
1433151825630 0 6.0
1433151825652 1 603.0
1433151825392 1 575.0
1433151827422 0 8.0
1433151825731 0 7.0
1433151825752 1 603.0
1433151825493 1 575.0
1433151827523 0 8.0
1433151825832 0 19.0
1433151825853 1 603.0
1433151825595 1 575.0
1433151827626 0 8.0
1433151825933 0 126.0
1433151825953 1 603.0
1433151825697 1 575.0
1433151827727 0 8.0
1433151826034 0 166.0
1433151826053 1 603.0
1433151825799 1 575.0
1433151827829 0 8.0
1433151826134 0 180.0
1433151826153 1 603.0
1433151825901 1 575.0
1433151827930 0 8.0
1433151826234 0 434.0
1433151826254 1 603.0
1433151826002 1 575.0
1433151828032 0 8.0
1433151826336 0 322.0
1433151826354 1 603.0
1433151826103 1 575.0
1433151826436 0 420.0
1433151828133 0 9.0
1433151826454 1 603.0
1433151826204 1 575.0
1433151828235 0 9.0
1433151826538 0 476.0
1433151826554 1 603.0
1433151826306 1 575.0
1433151828336 0 9.0
1433151826639 0 547.0
1433151826654 1 603.0
1433151826408 1 575.0
1433151828438 0 9.0
1433151826741 0 603.0
1433151826754 1 603.0
1433151826510 1 575.0
1433151826842 0 603.0
1433151828540 0 9.0
1433151826854 1 603.0
1433151826611 1 575.0
1433151826943 0 603.0
1433151828642 0 9.0
1433151826955 1 603.0
1433151826713 1 575.0
1433151827044 0 603.0
1433151828742 0 9.0
1433151827055 1 603.0
1433151826815 1 575.0
1433151827145 0 603.0
1433151828842 0 9.0
1433151827155 1 603.0
1433151826917 1 575.0
1433151828944 0 9.0
1433151827246 0 603.0
1433151827255 1 603.0
1433151827019 1 575.0
1433151827348 0 603.0
1433151829046 0 9.0
1433151827356 1 603.0
1433151827121 1 575.0
1433151827449 0 603.0
1433151829148 0 9.0
1433151827457 1 603.0
1433151827223 1 575.0
1433151827551 0 603.0
1433151829249 0 9.0
1433151827325 1 575.0
1433151827651 0 603.0
1433151829351 0 9.0
1433151827557 1 603.0
1433151827426 1 575.0
1433151827752 0 603.0
1433151827658 1 603.0
1433151827528 1 575.0
1433151827853 0 603.0
1433151829452 0 9.0
1433151829553 0 9.0
1433151827758 1 603.0
1433151827630 1 575.0
1433151827954 0 603.0
1433151829655 0 9.0
1433151827859 1 603.0
1433151827732 1 575.0
1433151829757 0 9.0
1433151828054 0 603.0
1433151827959 1 603.0
1433151827834 1 575.0
1433151829859 0 9.0
1433151828154 0 603.0
1433151828059 1 603.0
1433151827936 1 575.0
1433151829961 0 9.0
1433151828255 0 603.0
1433151828159 1 603.0
1433151828037 1 575.0
1433151830063 0 9.0
1433151828259 1 603.0
1433151828355 0 603.0
1433151828139 1 575.0
1433151830164 0 9.0
1433151828359 1 603.0
1433151828456 0 603.0
1433151828239 1 575.0
1433151830265 0 9.0
1433151828558 0 603.0
1433151828460 1 603.0
1433151828341 1 575.0
1433151830366 0 9.0
1433151828559 1 603.0
1433151828659 0 603.0
1433151828441 1 575.0
1433151830467 0 9.0
1433151828659 1 603.0
1433151828760 0 603.0
1433151828543 1 575.0
1433151830568 0 9.0
1433151828759 1 603.0
1433151828860 0 603.0
1433151828644 1 575.0
1433151828860 1 603.0
1433151830669 0 9.0
1433151828961 0 603.0
1433151828745 1 575.0
1433151828961 1 603.0
1433151830769 0 9.0
1433151829062 0 603.0
1433151828846 1 575.0
1433151829061 1 603.0
1433151830870 0 9.0
1433151829163 0 603.0
1433151828948 1 575.0
1433151829162 1 603.0
1433151830972 0 9.0
1433151829265 0 603.0
1433151829049 1 575.0
1433151829262 1 603.0
1433151831074 0 9.0
1433151829367 0 603.0
1433151829151 1 575.0
1433151829362 1 603.0
1433151831176 0 9.0
1433151829468 0 603.0
1433151829251 1 575.0
1433151829462 1 603.0
1433151831278 0 9.0
1433151829570 0 603.0
1433151829351 1 575.0
1433151829562 1 603.0
1433151831380 0 9.0
1433151829672 0 603.0
1433151829453 1 575.0
1433151829663 1 603.0
1433151831481 0 9.0
1433151829773 0 603.0
1433151829555 1 575.0
1433151829763 1 603.0
1433151831581 0 9.0
1433151829874 0 603.0
1433151829656 1 575.0
1433151829863 1 603.0
1433151831681 0 9.0
1433151829975 0 603.0
1433151829758 1 575.0
1433151829964 1 603.0
1433151831783 0 9.0
1433151830076 0 603.0
1433151829859 1 575.0
1433151830064 1 603.0
1433151831884 0 9.0
1433151830178 0 603.0
1433151829961 1 575.0
1433151830164 1 603.0
1433151831986 0 9.0
1433151830278 0 603.0
1433151830063 1 575.0
1433151830265 1 603.0
1433151832087 0 9.0
1433151830380 0 603.0
1433151830164 1 575.0
1433151830366 1 603.0
1433151832189 0 9.0
1433151830481 0 603.0
1433151830265 1 575.0
1433151830467 1 603.0
1433151832290 0 9.0
1433151830583 0 603.0
1433151830367 1 575.0
1433151830567 1 603.0
1433151832392 0 9.0
1433151830685 0 603.0
1433151830468 1 575.0
1433151830667 1 603.0
1433151832493 0 9.0
1433151830787 0 603.0
1433151830569 1 575.0
1433151830767 1 603.0
1433151830888 0 603.0
1433151832596 0 9.0
1433151830670 1 575.0
1433151830867 1 603.0
1433151830989 0 603.0
1433151832697 0 9.0
1433151830771 1 575.0
1433151830967 1 603.0
1433151831089 0 603.0
1433151832798 0 9.0
1433151830872 1 575.0
1433151831067 1 603.0
1433151831191 0 603.0
1433151832899 0 9.0
1433151830974 1 575.0
1433151831167 1 603.0
1433151831291 0 603.0
1433151833001 0 9.0
1433151831076 1 575.0
1433151831267 1 603.0
1433151831392 0 603.0
1433151833102 0 9.0
1433151831177 1 575.0
1433151831368 1 603.0
1433151831493 0 603.0
1433151833204 0 9.0
1433151831277 1 575.0
1433151831468 1 603.0
1433151831595 0 603.0
1433151833306 0 9.0
1433151831379 1 575.0
1433151831568 1 603.0
1433151831697 0 603.0
1433151833407 0 9.0
1433151831481 1 575.0
1433151831669 1 603.0
1433151831798 0 603.0
1433151833508 0 9.0
1433151831583 1 575.0
1433151831769 1 603.0
1433151831899 0 603.0
1433151833609 0 10.0
1433151831683 1 575.0
1433151831869 1 603.0
1433151832001 0 603.0
1433151833711 0 10.0
1433151831785 1 575.0
1433151831969 1 603.0
1433151832101 0 603.0
1433151833813 0 10.0
1433151831887 1 575.0
1433151832069 1 603.0
1433151832201 0 603.0
1433151833914 0 10.0
1433151832169 1 603.0
1433151832303 0 603.0
1433151834016 0 10.0
1433151832269 1 603.0
1433151831987 1 575.0
1433151832088 1 575.0
1433151832405 0 603.0
1433151834117 0 10.0
1433151832369 1 603.0
1433151832189 1 575.0
1433151832506 0 603.0
1433151834219 0 10.0
1433151832470 1 603.0
1433151832291 1 575.0
1433151832608 0 603.0
1433151834319 0 10.0
1433151832571 1 603.0
1433151832393 1 575.0
1433151832709 0 603.0
1433151834420 0 10.0
1433151832671 1 603.0
1433151832495 1 575.0
1433151832811 0 603.0
1433151834521 0 10.0
1433151832772 1 603.0
1433151832597 1 575.0
1433151832913 0 603.0
1433151834621 0 10.0
1433151832872 1 603.0
1433151832698 1 575.0
1433151834722 0 10.0
1433151833014 0 603.0
1433151832972 1 603.0
1433151832799 1 575.0
1433151834824 0 10.0
1433151833115 0 603.0
1433151833072 1 603.0
1433151832901 1 575.0
1433151834926 0 10.0
1433151833217 0 603.0
1433151833173 1 603.0
1433151833002 1 575.0
1433151833319 0 603.0
1433151835028 0 10.0
1433151833273 1 603.0
1433151833103 1 575.0
1433151833420 0 603.0
1433151835130 0 10.0
1433151833373 1 603.0
1433151833205 1 575.0
1433151833522 0 603.0
1433151835232 0 10.0
1433151833473 1 603.0
1433151833307 1 575.0
1433151833621 0 603.0
1433151835334 0 10.0
1433151833573 1 603.0
1433151833408 1 575.0
1433151833722 0 603.0
1433151835435 0 10.0
1433151833674 1 603.0
1433151833509 1 575.0
1433151833823 0 603.0
1433151835537 0 10.0
1433151833774 1 603.0
1433151833611 1 575.0
1433151833924 0 603.0
1433151835639 0 10.0
1433151833874 1 603.0
1433151833713 1 575.0
1433151834025 0 603.0
1433151835741 0 10.0
1433151833975 1 603.0
1433151833815 1 575.0
1433151834126 0 603.0
1433151835842 0 10.0
1433151834075 1 603.0
1433151833917 1 575.0
1433151834228 0 603.0
1433151835944 0 10.0
1433151834176 1 603.0
1433151834018 1 575.0
1433151834329 0 603.0
1433151836046 0 10.0
1433151834277 1 603.0
1433151834120 1 575.0
1433151834429 0 603.0
1433151836148 0 10.0
1433151834377 1 603.0
1433151834222 1 575.0
1433151834530 0 603.0
1433151836250 0 10.0
1433151834478 1 603.0
1433151834324 1 575.0
1433151834630 0 603.0
1433151836352 0 10.0
1433151834578 1 603.0
1433151834425 1 575.0
1433151834731 0 631.0
1433151836453 0 10.0
1433151834679 1 603.0
1433151834527 1 575.0
1433151834831 0 631.0
1433151836555 0 10.0
1433151834779 1 603.0
1433151834628 1 575.0
1433151834932 0 631.0
1433151836656 0 10.0
1433151834880 1 603.0
1433151834730 1 575.0
1433151835032 0 631.0
1433151836758 0 10.0
1433151834980 1 603.0
1433151834832 1 575.0
1433151835134 0 631.0
1433151836860 0 10.0
1433151835081 1 603.0
1433151834934 1 575.0
1433151835234 0 631.0
1433151836962 0 10.0
1433151835181 1 603.0
1433151835037 1 575.0
1433151835335 0 631.0
1433151837063 0 10.0
1433151835282 1 603.0
1433151835138 1 575.0
1433151835436 0 631.0
1433151837167 0 10.0
1433151835382 1 603.0
1433151835536 0 631.0
1433151837267 0 10.0
1433151835483 1 603.0
1433151835238 1 575.0
1433151835339 1 575.0
1433151835637 0 631.0
1433151837367 0 22.0
1433151835583 1 603.0
1433151835439 1 575.0
1433151835739 0 631.0
1433151837468 0 54.0
1433151835683 1 603.0
1433151835540 1 125.0
1433151835841 0 631.0
1433151837569 0 400.0
1433151835783 1 603.0
1433151835640 1 52.0
1433151835943 0 631.0
1433151837671 0 477.0
1433151835883 1 603.0
1433151835741 1 48.0
1433151836044 0 631.0
1433151837772 0 477.0
1433151835983 1 603.0
1433151836146 0 631.0
1433151837874 0 505.0
1433151836083 1 603.0
1433151835842 1 52.0
1433151835943 1 52.0
1433151836246 0 631.0
1433151837976 0 505.0
1433151836183 1 603.0
1433151836043 1 52.0
1433151836348 0 631.0
1433151838078 0 505.0
1433151836284 1 603.0
1433151836145 1 52.0
1433151836450 0 631.0
1433151838180 0 505.0
1433151836384 1 603.0
1433151836246 1 55.0
1433151836552 0 631.0
1433151838279 0 505.0
1433151836485 1 603.0
1433151836348 1 55.0
1433151836653 0 631.0
1433151838381 0 505.0
1433151836585 1 603.0
1433151836448 1 48.0
1433151836754 0 631.0
1433151838481 0 505.0
1433151836686 1 603.0
1433151836550 1 48.0
1433151836855 0 631.0
1433151838582 0 505.0
1433151836786 1 603.0
1433151836651 1 45.0
1433151836955 0 631.0
1433151838682 0 505.0
1433151836886 1 603.0
1433151836752 1 45.0
1433151837056 0 631.0
1433151838784 0 505.0
1433151836987 1 603.0
1433151836853 1 45.0
1433151837158 0 631.0
1433151838885 0 505.0
1433151837087 1 603.0
1433151836955 1 45.0
1433151837260 0 631.0
1433151838986 0 505.0
1433151837187 1 603.0
1433151837056 1 45.0
1433151837361 0 631.0
1433151839087 0 505.0
1433151837288 1 603.0
1433151837157 1 50.0
1433151837463 0 631.0
1433151839189 0 505.0
1433151837388 1 603.0
1433151837565 0 631.0
1433151837488 1 603.0
1433151839290 0 491.0
1433151837257 1 59.0
1433151837357 1 83.0
1433151837667 0 631.0
1433151837588 1 603.0
1433151839393 0 463.0
1433151837458 1 120.0
1433151837769 0 631.0
1433151837688 1 603.0
1433151839494 0 125.0
1433151837559 1 211.0
1433151837870 0 631.0
1433151837789 1 603.0
1433151839594 0 166.0
1433151837660 1 350.0
1433151837971 0 631.0
1433151837889 1 603.0
1433151839695 0 162.0
1433151837761 1 392.0
1433151838073 0 631.0
1433151837989 1 603.0
1433151839796 0 83.0
1433151837863 1 518.0
1433151838175 0 631.0
1433151838089 1 603.0
1433151839898 0 83.0
1433151837965 1 518.0
1433151838278 0 631.0
1433151838189 1 603.0
1433151839999 0 83.0
1433151838066 1 518.0
1433151838378 0 631.0
1433151838289 1 603.0
1433151840099 0 71.0
1433151838168 1 518.0
1433151838479 0 631.0
1433151838389 1 603.0
1433151838270 1 518.0
1433151838580 0 631.0
1433151838489 1 603.0
1433151840200 0 71.0
1433151840299 0 62.0
1433151838371 1 518.0
1433151838682 0 631.0
1433151838590 1 603.0
1433151840400 0 62.0
1433151838472 1 518.0
1433151838689 1 603.0
1433151838784 0 631.0
1433151840501 0 57.0
1433151838573 1 518.0
1433151838789 1 603.0
1433151838885 0 631.0
1433151840603 0 55.0
1433151838674 1 518.0
1433151838890 1 603.0
1433151838987 0 631.0
1433151840704 0 43.0
1433151838776 1 518.0
1433151838990 1 603.0
1433151839088 0 476.0
1433151840806 0 40.0
1433151838877 1 561.0
1433151839091 1 603.0
1433151839188 0 251.0
1433151840907 0 40.0
1433151838979 1 561.0
1433151839191 1 603.0
1433151839288 0 69.0
1433151841008 0 17.0
1433151839080 1 476.0
1433151839291 1 603.0
1433151839389 0 80.0
1433151841109 0 22.0
1433151839181 1 350.0
1433151839391 1 603.0
1433151839490 0 120.0
1433151841210 0 24.0
1433151839282 1 308.0
1433151839491 1 603.0
1433151839591 0 208.0
1433151841311 0 5.0
1433151839382 1 209.0
1433151839591 1 603.0
1433151839692 0 308.0
1433151841411 0 3.0
1433151839482 1 181.0
1433151839691 1 603.0
1433151839793 0 308.0
1433151841511 0 2.0
1433151839583 1 153.0
1433151839791 1 603.0
1433151839894 0 308.0
1433151841612 0 2.0
1433151839684 1 125.0
1433151839891 1 603.0
1433151839996 0 224.0
1433151841712 0 2.0
1433151839786 1 125.0
1433151839992 1 603.0
1433151840096 0 182.0
1433151841814 0 2.0
1433151839887 1 111.0
1433151840092 1 603.0
1433151840197 0 15.0
1433151841915 0 2.0
1433151840194 1 603.0
1433151840298 0 2.0
1433151842016 0 2.0
1433151839987 1 111.0
1433151840087 1 111.0
1433151840295 1 603.0
1433151840399 0 2.0
1433151842116 0 2.0
1433151840396 1 603.0
1433151840499 0 2.0
1433151842217 0 2.0
1433151840188 1 111.0
1433151840497 1 603.0
1433151840600 0 2.0
1433151842317 0 2.0
1433151840288 1 111.0
1433151840389 1 111.0
1433151840597 1 603.0
1433151840701 0 2.0
1433151842418 0 5.0
1433151840490 1 111.0
1433151840698 1 603.0
1433151840802 0 2.0
1433151842519 0 5.0
1433151840592 1 111.0
1433151840798 1 603.0
1433151840903 0 2.0
1433151842620 0 5.0
1433151840692 1 111.0
1433151840899 1 603.0
1433151841005 0 2.0
1433151842720 0 5.0
1433151840793 1 111.0
1433151840999 1 603.0
1433151841107 0 2.0
1433151842820 0 5.0
1433151840895 1 111.0
1433151841099 1 603.0
1433151842921 0 5.0
1433151841208 0 2.0
1433151840995 1 111.0
1433151841199 1 603.0
1433151843022 0 5.0
1433151841310 0 2.0
1433151841097 1 111.0
1433151841299 1 603.0
1433151843122 0 5.0
1433151841412 0 3.0
1433151841197 1 111.0
1433151841399 1 603.0
1433151843223 0 5.0
1433151841513 0 2.0
1433151841299 1 111.0
1433151841499 1 603.0
1433151843324 0 5.0
1433151841615 0 2.0
1433151841401 1 111.0
1433151841599 1 603.0
1433151843427 0 5.0
1433151841717 0 2.0
1433151841503 1 111.0
1433151841699 1 603.0
1433151843528 0 5.0
1433151841819 0 2.0
1433151841605 1 111.0
1433151841800 1 603.0
1433151843629 0 5.0
1433151841921 0 2.0
1433151841706 1 111.0
1433151841900 1 603.0
1433151843731 0 5.0
1433151842022 0 3.0
1433151841809 1 111.0
1433151842000 1 603.0
1433151842123 0 2.0
1433151843832 0 5.0
1433151841910 1 111.0
1433151842101 1 603.0
1433151842225 0 2.0
1433151843933 0 5.0
1433151842011 1 111.0
1433151842201 1 603.0
1433151844034 0 5.0
1433151842326 0 2.0
1433151842113 1 111.0
1433151842301 1 603.0
1433151842430 0 2.0
1433151844135 0 5.0
1433151842215 1 111.0
1433151842402 1 603.0
1433151842529 0 2.0
1433151844237 0 5.0
1433151842317 1 111.0
1433151842502 1 603.0
1433151842629 0 2.0
1433151844339 0 5.0
1433151842603 1 603.0
1433151842418 1 125.0
1433151842730 0 2.0
1433151844439 0 5.0
1433151842703 1 603.0
1433151842520 1 125.0
1433151842830 0 2.0
1433151844541 0 5.0
1433151842804 1 603.0
1433151842621 1 125.0
1433151842931 0 2.0
1433151844642 0 5.0
1433151842904 1 603.0
1433151842721 1 125.0
1433151843031 0 2.0
1433151844743 0 5.0
1433151843005 1 603.0
1433151842822 1 125.0
1433151843132 0 2.0
1433151844844 0 5.0
1433151843105 1 603.0
1433151842923 1 125.0
1433151843233 0 2.0
1433151844946 0 5.0
1433151843205 1 603.0
1433151843025 1 125.0
1433151843335 0 2.0
1433151845047 0 5.0
1433151843305 1 603.0
1433151843125 1 125.0
1433151843436 0 2.0
1433151845147 0 5.0
1433151843405 1 603.0
1433151843227 1 125.0
1433151843537 0 2.0
1433151845248 0 5.0
1433151843505 1 603.0
1433151843328 1 125.0
1433151843638 0 2.0
1433151845350 0 5.0
1433151843605 1 603.0
1433151843430 1 125.0
1433151843739 0 2.0
1433151845450 0 5.0
1433151843706 1 603.0
1433151843531 1 125.0
1433151843841 0 2.0
1433151845552 0 5.0
1433151843806 1 603.0
1433151843632 1 125.0
1433151843943 0 2.0
1433151845654 0 5.0
1433151843907 1 603.0
1433151843733 1 125.0
1433151844044 0 3.0
1433151845756 0 5.0
1433151844007 1 603.0
1433151843835 1 125.0
1433151844145 0 2.0
1433151845857 0 5.0
1433151844107 1 603.0
1433151843937 1 125.0
1433151844246 0 2.0
1433151845958 0 5.0
1433151844207 1 603.0
1433151844037 1 125.0
1433151844347 0 2.0
1433151846061 0 5.0
1433151844308 1 603.0
1433151844139 1 125.0
1433151844447 0 2.0
1433151846162 0 5.0
1433151844408 1 603.0
1433151844240 1 125.0
1433151844549 0 2.0
1433151846264 0 5.0
1433151844508 1 603.0
1433151844342 1 125.0
1433151844651 0 2.0
1433151846366 0 5.0
1433151844609 1 603.0
1433151844443 1 125.0
1433151844753 0 2.0
1433151846467 0 5.0
1433151844709 1 603.0
1433151844545 1 125.0
1433151844854 0 2.0
1433151846569 0 5.0
1433151844809 1 603.0
1433151844646 1 125.0
1433151844955 0 2.0
1433151846672 0 5.0
1433151844909 1 603.0
1433151844747 1 125.0
1433151845056 0 2.0
1433151846773 0 5.0
1433151845013 1 603.0
1433151844848 1 125.0
1433151845157 0 2.0
1433151846875 0 5.0
1433151845113 1 603.0
1433151844949 1 125.0
1433151845259 0 2.0
1433151846977 0 5.0
1433151845214 1 603.0
1433151845049 1 125.0
1433151845361 0 2.0
1433151845314 1 603.0
1433151845150 1 125.0
1433151845462 0 2.0
1433151845415 1 603.0
1433151847078 0 5.0
1433151847177 0 5.0
1433151845251 1 125.0
1433151845564 0 2.0
1433151847277 0 5.0
1433151845515 1 603.0
1433151845665 0 2.0
1433151847379 0 5.0
1433151845616 1 603.0
1433151845351 1 125.0
1433151845451 1 125.0
1433151845767 0 2.0
1433151847478 0 5.0
1433151845716 1 603.0
1433151845552 1 125.0
1433151845868 0 2.0
1433151847582 0 5.0
1433151845817 1 603.0
1433151845653 1 125.0
1433151845970 0 2.0
1433151845918 1 603.0
1433151845755 1 125.0
1433151847684 0 5.0
1433151846021 1 603.0
1433151845856 1 125.0
1433151846070 0 2.0
1433151846171 0 2.0
1433151847784 0 5.0
1433151847884 0 5.0
1433151846121 1 603.0
1433151845958 1 125.0
1433151846273 0 2.0
1433151847985 0 5.0
1433151846221 1 603.0
1433151846061 1 125.0
1433151846374 0 2.0
1433151848085 0 5.0
1433151846321 1 603.0
1433151846163 1 125.0
1433151846475 0 2.0
1433151848187 0 5.0
1433151846422 1 603.0
1433151846265 1 125.0
1433151846577 0 2.0
1433151848288 0 5.0
1433151846522 1 603.0
1433151846367 1 125.0
