1432904853116 1 0.3922659754753113 0.19613298773765564 10.473502159118652
1432904853905 0 -0.11767979711294174 0.313812792301178 10.512728691101074
1432904853314 1 0.313812792301178 0.11767979711294174 10.355822563171387
1432904854105 0 -0.156906396150589 0.23535959422588348 10.512728691101074
1432904853513 1 0.313812792301178 0.156906396150589 10.355822563171387
1432904854306 0 -0.11767979711294174 0.27458620071411133 10.512728691101074
1432904853713 1 0.313812792301178 0.0784531980752945 10.277368545532227
1432904854504 0 0.11767979711294174 0.47071918845176697 10.395049095153809
1432904853913 1 0.313812792301178 0.0784531980752945 10.355822563171387
1432904854705 0 1.3337043523788452 1.2944778203964233 12.748644828796387
1432904854113 1 0.35303938388824463 0.0784531980752945 10.355822563171387
1432904854904 0 3.0596747398376465 -0.5883989930152893 9.179023742675781
1432904854314 1 0.27458620071411133 0.03922659903764725 10.238142013549805
1432904855103 0 3.177354574203491 1.45138418674469 11.689526557922363
1432904854513 1 0.27458620071411133 0.03922659903764725 10.355822563171387
1432904855303 0 -2.3535959720611572 3.1381278038024902 8.276812553405762
1432904854713 1 0.313812792301178 0.03922659903764725 10.355822563171387
1432904855507 0 -0.5883989930152893 3.5303938388824463 10.395049095153809
1432904854914 1 0.313812792301178 0.156906396150589 10.355822563171387
1432904855707 0 -2.079009771347046 0.509945809841156 9.767423629760742
1432904855114 1 0.3922659754753113 -0.03922659903764725 10.43427562713623
1432904855905 0 -0.3922659754753113 0.7060787677764893 11.454167366027832
1432904855313 1 0.3922659754753113 0.11767979711294174 10.395049095153809
1432904856104 0 20.005565643310547 7.806093215942383 6.864655017852783
1432904855513 1 0.35303938388824463 0.0784531980752945 10.316595077514648
1432904856306 0 -15.416053771972656 -5.57017707824707 2.392822504043579
1432904855714 1 0.27458620071411133 0.156906396150589 10.355822563171387
1432904856505 0 -10.90499496459961 -19.927112579345703 -1.7651969194412231
1432904855915 1 0.27458620071411133 0.156906396150589 10.316595077514648
1432904856704 0 -18.946447372436523 -20.005565643310547 14.592294692993164
1432904856113 1 0.27458620071411133 0.11767979711294174 10.395049095153809
1432904856904 0 20.005565643310547 10.395049095153809 8.512171745300293
1432904856315 1 0.3922659754753113 0.0784531980752945 10.316595077514648
1432904856513 1 0.35303938388824463 0.156906396150589 10.395049095153809
1432904857106 0 20.005565643310547 17.69119644165039 9.375157356262207
1432904857306 0 20.005565643310547 7.609960079193115 2.9812214374542236
1432904856714 1 0.35303938388824463 0.11767979711294174 10.395049095153809
1432904857504 0 -10.159688949584961 -12.552511215209961 7.374600410461426
1432904856914 1 0.313812792301178 0.11767979711294174 10.395049095153809
1432904857704 0 -20.005565643310547 -20.005565643310547 7.374600410461426
1432904857114 1 0.313812792301178 0.11767979711294174 10.238142013549805
1432904857904 0 -20.005565643310547 -20.005565643310547 9.13979721069336
1432904857315 1 0.27458620071411133 0.0784531980752945 10.355822563171387
1432904858103 0 20.005565643310547 -1.5298373699188232 2.1574628353118896
1432904857515 1 0.35303938388824463 0.0784531980752945 10.355822563171387
1432904858303 0 20.005565643310547 12.277925491333008 -12.434831619262695
1432904857715 1 0.313812792301178 0.11767979711294174 10.395049095153809
1432904858503 0 -4.667965412139893 -11.924885749816895 -0.03922659903764725
1432904857914 1 0.35303938388824463 0.11767979711294174 10.43427562713623
1432904858704 0 -20.005565643310547 -15.141467094421387 16.004451751708984
1432904858114 1 0.27458620071411133 0.11767979711294174 10.355822563171387
1432904858902 0 -20.005565643310547 -11.964112281799316 20.005565643310547
1432904858315 1 0.313812792301178 0.11767979711294174 10.277368545532227
1432904859102 0 4.628738880157471 -6.668521881103516 4.903325080871582
1432904858512 1 0.313812792301178 0.11767979711294174 10.316595077514648
1432904859304 0 20.005565643310547 20.005565643310547 -2.6674087047576904
1432904858714 1 0.27458620071411133 0.0784531980752945 10.355822563171387
1432904859503 0 20.005565643310547 11.14035415649414 -19.142580032348633
1432904858914 1 0.27458620071411133 0.11767979711294174 10.316595077514648
1432904859703 0 20.005565643310547 0.6668521761894226 -5.138684272766113
1432904859113 1 0.313812792301178 0.11767979711294174 10.316595077514648
1432904859904 0 0.5491724014282227 -6.393935680389404 13.729310035705566
1432904859313 1 0.35303938388824463 0.11767979711294174 10.316595077514648
1432904860103 0 -20.005565643310547 -15.572959899902344 20.005565643310547
1432904859515 1 0.313812792301178 0.156906396150589 10.355822563171387
1432904860303 0 20.005565643310547 8.472945213317871 1.7651969194412231
1432904859715 1 0.313812792301178 0.11767979711294174 10.316595077514648
1432904860503 0 20.005565643310547 1.2160245180130005 -19.417165756225586
1432904859915 1 0.313812792301178 0.156906396150589 10.355822563171387
1432904860703 0 17.612743377685547 2.039783239364624 -9.571290016174316
1432904860114 1 0.35303938388824463 0.156906396150589 10.355822563171387
1432904860904 0 20.005565643310547 9.061344146728516 2.9419949054718018
1432904860315 1 0.313812792301178 0.11767979711294174 10.316595077514648
1432904861103 0 20.005565643310547 7.25692081451416 -11.61107349395752
1432904860514 1 0.35303938388824463 0.19613298773765564 10.355822563171387
1432904861303 0 2.9812214374542236 -0.11767979711294174 -0.5491724014282227
1432904860714 1 0.35303938388824463 0.11767979711294174 10.355822563171387
1432904861503 0 -20.005565643310547 -20.005565643310547 2.9419949054718018
1432904860914 1 0.27458620071411133 0.03922659903764725 10.355822563171387
1432904861703 0 -20.005565643310547 -16.161357879638672 19.024900436401367
1432904861113 1 0.27458620071411133 0.156906396150589 10.316595077514648
1432904861903 0 -20.005565643310547 -14.278482437133789 20.005565643310547
1432904861313 1 0.313812792301178 0.0784531980752945 10.316595077514648
1432904862103 0 -20.005565643310547 -16.749757766723633 20.005565643310547
1432904861515 1 0.35303938388824463 0.156906396150589 10.277368545532227
1432904862304 0 -20.005565643310547 -10.90499496459961 18.005008697509766
1432904861713 1 0.313812792301178 0.0784531980752945 10.238142013549805
1432904862503 0 -20.005565643310547 -10.63040828704834 19.417165756225586
1432904861913 1 0.3922659754753113 0.11767979711294174 10.355822563171387
1432904862704 0 -20.005565643310547 -11.650300025939941 15.729866027832031
1432904862113 1 0.35303938388824463 0.156906396150589 10.316595077514648
1432904862904 0 -20.005565643310547 -20.005565643310547 13.219364166259766
1432904862313 1 0.3922659754753113 0.156906396150589 10.238142013549805
1432904863104 0 -20.005565643310547 -20.005565643310547 11.101127624511719
1432904862514 1 0.35303938388824463 0.19613298773765564 10.316595077514648
1432904863304 0 -20.005565643310547 -15.886772155761719 -3.0596747398376465
1432904862714 1 0.313812792301178 0.0784531980752945 10.395049095153809
1432904863504 0 -12.5917387008667 -11.375713348388672 -1.1767979860305786
1432904862914 1 0.3922659754753113 0.11767979711294174 10.355822563171387
1432904863704 0 7.1392412185668945 0.47071918845176697 7.884546279907227
1432904863114 1 0.35303938388824463 -0.0 10.355822563171387
1432904863904 0 20.005565643310547 4.432605743408203 -7.060787677764893
1432904863315 1 0.3922659754753113 0.03922659903764725 10.238142013549805
1432904864104 0 20.005565643310547 5.8839898109436035 -17.8873291015625
1432904863515 1 0.313812792301178 0.11767979711294174 10.316595077514648
1432904864308 0 20.005565643310547 -1.5298373699188232 -11.84643268585205
1432904863715 1 0.313812792301178 0.11767979711294174 10.238142013549805
1432904864507 0 20.005565643310547 4.314925670623779 -16.749757766723633
1432904863915 1 0.27458620071411133 0.11767979711294174 10.316595077514648
1432904864703 0 20.005565643310547 20.005565643310547 -7.649186611175537
1432904864114 1 0.35303938388824463 0.11767979711294174 10.395049095153809
1432904864903 0 -10.944221496582031 -10.82654094696045 -0.03922659903764725
1432904864314 1 0.27458620071411133 0.11767979711294174 10.316595077514648
1432904865104 0 -1.019891619682312 0.823758602142334 2.471275806427002
1432904864512 1 0.313812792301178 0.11767979711294174 10.395049095153809
1432904865303 0 20.005565643310547 7.845319747924805 -12.31715202331543
1432904864715 1 0.23535959422588348 0.156906396150589 10.316595077514648
1432904865505 0 20.005565643310547 6.2762556076049805 -20.005565643310547
1432904864913 1 0.27458620071411133 0.0784531980752945 10.316595077514648
1432904865704 0 20.005565643310547 1.5690639019012451 -20.005565643310547
1432904865114 1 0.3922659754753113 0.156906396150589 10.277368545532227
1432904865904 0 20.005565643310547 13.415496826171875 -14.00389575958252
1432904865315 1 0.35303938388824463 0.11767979711294174 10.316595077514648
1432904866104 0 20.005565643310547 15.572959899902344 -7.5315070152282715
1432904865514 1 0.313812792301178 0.156906396150589 10.316595077514648
1432904866304 0 18.397274017333984 -4.11879301071167 -1.9221034049987793
1432904865716 1 0.35303938388824463 0.0784531980752945 10.316595077514648
1432904866504 0 20.005565643310547 5.80553674697876 -7.923772811889648
1432904865914 1 0.313812792301178 0.11767979711294174 10.316595077514648
1432904866704 0 20.005565643310547 6.040896415710449 1.9221034049987793
1432904866114 1 0.27458620071411133 0.11767979711294174 10.395049095153809
1432904866904 0 8.94366455078125 0.3922659754753113 10.748087882995605
1432904866316 1 0.313812792301178 0.0784531980752945 10.355822563171387
1432904867105 0 6.864655017852783 -0.8629851937294006 8.23758602142334
1432904866514 1 0.35303938388824463 0.11767979711294174 10.277368545532227
1432904867304 0 3.5303938388824463 -3.8049800395965576 9.571290016174316
1432904866715 1 0.35303938388824463 0.03922659903764725 10.395049095153809
1432904867507 0 5.0602312088012695 -1.1375713348388672 8.276812553405762
1432904866915 1 0.3922659754753113 0.03922659903764725 10.355822563171387
1432904867707 0 1.2944778203964233 0.5883989930152893 7.5315070152282715
1432904867114 1 0.35303938388824463 0.156906396150589 10.238142013549805
1432904867907 0 -1.4121575355529785 0.0784531980752945 5.256364345550537
1432904867315 1 0.313812792301178 0.0784531980752945 10.355822563171387
1432904868103 0 -0.27458620071411133 0.35303938388824463 10.43427562713623
1432904867513 1 0.313812792301178 0.11767979711294174 10.316595077514648
1432904868307 0 -0.27458620071411133 0.3922659754753113 10.395049095153809
1432904867715 1 0.27458620071411133 0.11767979711294174 10.316595077514648
1432904868507 0 -0.27458620071411133 0.4314925968647003 10.473502159118652
1432904867914 1 0.313812792301178 0.11767979711294174 10.316595077514648
1432904868114 1 1.647517204284668 -0.23535959422588348 10.277368545532227
1432904868905 0 -0.27458620071411133 0.47071918845176697 10.43427562713623
1432904868313 1 0.23535959422588348 -1.5298373699188232 10.120462417602539
1432904869105 0 -0.313812792301178 0.47071918845176697 10.43427562713623
1432904868513 1 2.3143694400787354 -5.177911281585693 10.865767478942871
1432904869305 0 -0.313812792301178 0.35303938388824463 10.395049095153809
1432904868715 1 -2.2359161376953125 -0.509945809841156 6.786201477050781
1432904869505 0 -0.313812792301178 0.4314925968647003 10.512728691101074
1432904868915 1 -2.3143694400787354 2.000556468963623 9.728196144104004
1432904869705 0 -0.313812792301178 0.47071918845176697 10.512728691101074
1432904869114 1 -0.27458620071411133 5.021004676818848 9.610516548156738
1432904869905 0 -0.23535959422588348 0.4314925968647003 10.395049095153809
1432904869313 1 -0.7060787677764893 4.589511871337891 10.238142013549805
1432904870103 0 -0.313812792301178 0.47071918845176697 10.43427562713623
1432904869514 1 -0.9022117853164673 3.255807638168335 10.748087882995605
1432904870305 0 -0.35303938388824463 0.47071918845176697 10.473502159118652
1432904869714 1 5.334817409515381 2.6281821727752686 8.708305358886719
1432904870505 0 -0.313812792301178 0.5491724014282227 10.355822563171387
1432904869915 1 20.005565643310547 -2.9419949054718018 3.4519407749176025
1432904870114 1 -20.005565643310547 -20.005565643310547 9.845876693725586
1432904870705 0 -0.35303938388824463 0.4314925968647003 10.316595077514648
1432904870316 1 -10.551955223083496 -11.297260284423828 -2.432049036026001
1432904870904 0 -0.27458620071411133 0.4314925968647003 10.43427562713623
1432904870513 1 5.177911281585693 10.63040828704834 4.471832275390625
1432904871105 0 -0.3922659754753113 0.5491724014282227 10.512728691101074
1432904871305 0 -0.35303938388824463 0.47071918845176697 10.473502159118652
1432904870715 1 20.005565643310547 12.552511215209961 -0.4314925968647003
1432904871504 0 -0.313812792301178 0.5491724014282227 10.473502159118652
1432904870915 1 20.005565643310547 20.005565643310547 -0.0784531980752945
1432904871706 0 -0.35303938388824463 0.47071918845176697 10.473502159118652
1432904871114 1 20.005565643310547 -0.5491724014282227 -0.7845319509506226
1432904871906 0 -0.35303938388824463 0.47071918845176697 10.551955223083496
1432904871313 1 -7.5315070152282715 -20.005565643310547 5.80553674697876
1432904872105 0 -0.4314925968647003 0.47071918845176697 10.355822563171387
1432904871514 1 -20.005565643310547 -13.376270294189453 8.786758422851562
1432904872304 0 -0.35303938388824463 0.47071918845176697 10.395049095153809
1432904871714 1 -20.005565643310547 -19.88788604736328 8.865211486816406
1432904872507 0 -0.3922659754753113 0.5491724014282227 10.395049095153809
1432904871914 1 -20.005565643310547 -20.005565643310547 9.13979721069336
1432904872706 0 -0.313812792301178 0.509945809841156 10.551955223083496
1432904872115 1 -12.081792831420898 -19.377939224243164 1.2944778203964233
1432904872907 0 -0.313812792301178 0.4314925968647003 10.43427562713623
1432904872314 1 -6.786201477050781 -9.061344146728516 2.2751426696777344
1432904873103 0 -0.4314925968647003 0.47071918845176697 10.43427562713623
1432904872514 1 -3.4519407749176025 2.432049036026001 3.726526975631714
1432904873302 0 -0.313812792301178 0.5883989930152893 10.395049095153809
1432904872714 1 10.355822563171387 5.099457740783691 1.45138418674469
1432904873504 0 -0.313812792301178 0.47071918845176697 10.473502159118652
1432904872916 1 20.005565643310547 16.435945510864258 -9.414383888244629
1432904873705 0 -0.3922659754753113 0.509945809841156 10.473502159118652
1432904873114 1 20.005565643310547 11.454167366027832 -17.965782165527344
1432904873906 0 -0.4314925968647003 0.47071918845176697 10.473502159118652
1432904873313 1 -3.4519407749176025 -14.278482437133789 -0.8629851937294006
1432904874103 0 -0.27458620071411133 0.47071918845176697 10.473502159118652
1432904873514 1 -20.005565643310547 -17.10279655456543 15.965226173400879
1432904874307 0 -0.3922659754753113 0.47071918845176697 10.473502159118652
1432904873713 1 -20.005565643310547 -15.337599754333496 15.063014030456543
1432904874507 0 -0.3922659754753113 0.47071918845176697 10.43427562713623
1432904873912 1 -20.005565643310547 -15.533733367919922 -2.7458620071411133
1432904874707 0 -0.35303938388824463 0.509945809841156 10.551955223083496
1432904874113 1 -17.769649505615234 -20.005565643310547 -1.9613299369812012
1432904874907 0 -0.35303938388824463 0.47071918845176697 10.355822563171387
1432904874313 1 -11.650300025939941 -16.71053123474121 9.13979721069336
1432904875105 0 -0.35303938388824463 0.509945809841156 10.43427562713623
1432904874513 1 -5.177911281585693 -7.727640151977539 11.571846961975098
1432904875307 0 -0.35303938388824463 0.47071918845176697 10.43427562713623
1432904874712 1 -13.964669227600098 -7.570733547210693 -20.005565643310547
1432904875507 0 -0.3922659754753113 0.4314925968647003 10.395049095153809
1432904874912 1 -20.005565643310547 -10.748087882995605 -20.005565643310547
1432904875705 0 -0.35303938388824463 0.4314925968647003 10.473502159118652
1432904875112 1 -20.005565643310547 -4.746418476104736 -4.432605743408203
1432904875905 0 -0.313812792301178 0.47071918845176697 10.473502159118652
1432904875312 1 3.4519407749176025 -17.69119644165039 0.23535959422588348
1432904876104 0 -0.35303938388824463 0.509945809841156 10.551955223083496
1432904875512 1 1.9221034049987793 -20.005565643310547 19.29948616027832
1432904876305 0 -0.3922659754753113 0.47071918845176697 10.512728691101074
1432904875713 1 -10.669634819030762 -15.141467094421387 20.005565643310547
1432904876505 0 -0.313812792301178 0.4314925968647003 10.551955223083496
1432904875913 1 -12.003339767456055 -5.491724014282227 20.005565643310547
1432904876705 0 -0.35303938388824463 0.4314925968647003 10.512728691101074
1432904876113 1 -14.160801887512207 -4.158019542694092 20.005565643310547
1432904876905 0 -0.35303938388824463 0.47071918845176697 10.473502159118652
1432904876313 1 -6.943108081817627 -2.5497288703918457 20.005565643310547
1432904877106 0 -0.3922659754753113 0.3922659754753113 10.473502159118652
1432904876513 1 -6.982334613800049 -9.806650161743164 20.005565643310547
1432904877306 0 -0.313812792301178 0.509945809841156 10.512728691101074
1432904876714 1 -7.374600410461426 -14.866881370544434 20.005565643310547
1432904877506 0 -0.313812792301178 0.3922659754753113 10.43427562713623
1432904876913 1 -10.120462417602539 -20.005565643310547 20.005565643310547
1432904877705 0 -0.35303938388824463 0.4314925968647003 10.512728691101074
1432904877112 1 -5.609403610229492 -17.808876037597656 20.005565643310547
1432904877904 0 -0.27458620071411133 0.5491724014282227 10.43427562713623
1432904877313 1 -5.217137813568115 -15.69063949584961 20.005565643310547
1432904878104 0 -0.3922659754753113 0.4314925968647003 10.473502159118652
1432904877513 1 -20.005565643310547 -16.161357879638672 20.005565643310547
1432904878305 0 -0.35303938388824463 0.47071918845176697 10.551955223083496
1432904877712 1 -11.689526557922363 -14.827654838562012 20.005565643310547
1432904878508 0 -0.3922659754753113 0.47071918845176697 10.473502159118652
1432904877913 1 4.158019542694092 -20.005565643310547 20.005565643310547
1432904878705 0 -0.313812792301178 0.509945809841156 10.512728691101074
1432904878113 1 3.1381278038024902 -20.005565643310547 10.238142013549805
1432904878905 0 -0.3922659754753113 0.4314925968647003 10.473502159118652
1432904878313 1 -1.019891619682312 -20.005565643310547 2.1574628353118896
1432904878513 1 -3.1381278038024902 -15.965226173400879 -7.335373878479004
1432904879305 0 -0.313812792301178 0.509945809841156 10.43427562713623
1432904878713 1 -6.51161527633667 -14.592294692993164 -9.688969612121582
1432904879507 0 -0.3922659754753113 0.4314925968647003 10.43427562713623
1432904878914 1 -6.786201477050781 -10.159688949584961 -13.729310035705566
1432904879705 0 -0.35303938388824463 0.47071918845176697 10.395049095153809
1432904879113 1 -8.472945213317871 -8.74753189086914 -18.63263511657715
1432904879905 0 -0.27458620071411133 0.509945809841156 10.43427562713623
1432904879313 1 -9.179023742675781 -6.590068817138672 -20.005565643310547
1432904880102 0 -0.35303938388824463 0.5491724014282227 10.473502159118652
1432904879513 1 -12.003339767456055 -1.0983448028564453 -20.005565643310547
1432904880312 0 -0.23535959422588348 0.509945809841156 10.43427562713623
1432904879712 1 -6.040896415710449 9.64974308013916 -20.005565643310547
1432904880505 0 -0.35303938388824463 0.4314925968647003 10.355822563171387
1432904879914 1 1.0591181516647339 9.610516548156738 -20.005565643310547
1432904880706 0 -0.27458620071411133 0.4314925968647003 10.473502159118652
1432904880112 1 -2.1966896057128906 2.1966896057128906 -20.005565643310547
1432904880905 0 -0.313812792301178 0.47071918845176697 10.395049095153809
1432904880311 1 -3.8442068099975586 -2.824315071105957 -20.005565643310547
1432904881105 0 -0.27458620071411133 0.3922659754753113 10.512728691101074
1432904880513 1 -4.981778144836426 -3.608847141265869 -20.005565643310547
1432904881306 0 -0.313812792301178 0.47071918845176697 10.512728691101074
1432904880713 1 2.863541841506958 6.119349479675293 -11.532620429992676
1432904881504 0 -0.35303938388824463 0.4314925968647003 10.473502159118652
1432904880913 1 13.768536567687988 8.865211486816406 -4.7071919441223145
1432904881705 0 -0.3922659754753113 0.509945809841156 10.473502159118652
1432904881114 1 18.711088180541992 3.1381278038024902 -2.6674087047576904
1432904881906 0 -0.3922659754753113 0.509945809841156 10.43427562713623
1432904881314 1 18.43650245666504 -3.5303938388824463 3.9226598739624023
1432904882103 0 -0.4314925968647003 0.5491724014282227 10.473502159118652
1432904881513 1 2.7458620071411133 -13.219364166259766 20.005565643310547
1432904882310 0 -0.35303938388824463 0.47071918845176697 10.43427562713623
1432904881712 1 -13.101683616638184 -2.3535959720611572 20.005565643310547
1432904882505 0 -0.3922659754753113 0.4314925968647003 10.473502159118652
1432904881912 1 10.159688949584961 -20.005565643310547 20.005565643310547
1432904882706 0 -0.3922659754753113 0.5491724014282227 10.43427562713623
1432904882112 1 11.571846961975098 -20.005565643310547 8.669078826904297
1432904882905 0 -0.313812792301178 0.5491724014282227 10.395049095153809
1432904882313 1 3.0204482078552246 -14.749200820922852 -1.8828767538070679
1432904883106 0 -0.35303938388824463 0.47071918845176697 10.355822563171387
1432904882512 1 -2.5889556407928467 -5.80553674697876 -20.005565643310547
1432904883305 0 -0.3922659754753113 0.4314925968647003 10.512728691101074
1432904882713 1 -7.178467750549316 4.275699138641357 -20.005565643310547
1432904883505 0 -0.3922659754753113 0.4314925968647003 10.43427562713623
1432904882912 1 -3.608847141265869 6.040896415710449 -20.005565643310547
1432904883706 0 -0.3922659754753113 0.47071918845176697 10.512728691101074
1432904883113 1 -3.726526975631714 -0.9806649684906006 -20.005565643310547
1432904883904 0 -0.35303938388824463 0.47071918845176697 10.473502159118652
1432904883312 1 -0.0784531980752945 -4.197246074676514 -19.966339111328125
1432904884105 0 -0.35303938388824463 0.509945809841156 10.395049095153809
1432904883512 1 14.78842830657959 5.099457740783691 -6.590068817138672
1432904884304 0 -0.313812792301178 0.47071918845176697 10.395049095153809
1432904883713 1 16.12213134765625 1.1375713348388672 2.9812214374542236
1432904884505 0 -0.47071918845176697 0.4314925968647003 10.43427562713623
1432904883912 1 4.314925670623779 -10.787314414978027 17.416610717773438
1432904884705 0 -0.35303938388824463 0.47071918845176697 10.395049095153809
1432904884113 1 -16.396718978881836 -0.4314925968647003 20.005565643310547
1432904884905 0 -0.313812792301178 0.47071918845176697 10.473502159118652
1432904884312 1 10.395049095153809 -20.005565643310547 20.005565643310547
1432904885105 0 -0.35303938388824463 0.5491724014282227 10.512728691101074
1432904884511 1 9.963556289672852 -20.005565643310547 4.942551612854004
1432904885306 0 -0.4314925968647003 0.47071918845176697 10.395049095153809
1432904884711 1 -1.3729310035705566 -9.610516548156738 -12.905550956726074
1432904885507 0 -0.4314925968647003 0.47071918845176697 10.512728691101074
