1433149458244 1 0.11767979711294174 0.509945809841156 10.316595077514648
1433149460220 0 -0.03922659903764725 -0.0 10.43427562713623
1433149458343 1 0.156906396150589 0.6668521761894226 10.238142013549805
1433149460321 0 -0.0 -0.0 10.591181755065918
1433149458444 1 0.11767979711294174 0.7060787677764893 10.316595077514648
1433149460421 0 0.03922659903764725 -0.03922659903764725 10.512728691101074
1433149458544 1 0.0784531980752945 0.627625584602356 10.198915481567383
1433149460522 0 0.03922659903764725 -0.0 10.43427562713623
1433149458645 1 0.0784531980752945 0.5883989930152893 10.198915481567383
1433149460623 0 -0.03922659903764725 -0.0 10.512728691101074
1433149458746 1 0.156906396150589 0.5883989930152893 10.316595077514648
1433149460724 0 -0.0 0.03922659903764725 10.473502159118652
1433149458847 1 0.11767979711294174 0.5883989930152893 10.277368545532227
1433149460825 0 0.0784531980752945 -0.0 10.551955223083496
1433149458948 1 0.11767979711294174 0.627625584602356 10.277368545532227
1433149460926 0 0.03922659903764725 0.03922659903764725 10.512728691101074
1433149459048 1 0.11767979711294174 0.5883989930152893 10.355822563171387
1433149461027 0 0.03922659903764725 0.03922659903764725 10.512728691101074
1433149459149 1 0.11767979711294174 0.5883989930152893 10.355822563171387
1433149461128 0 0.03922659903764725 -0.03922659903764725 10.512728691101074
1433149459249 1 0.0784531980752945 0.5491724014282227 10.316595077514648
1433149461229 0 -0.03922659903764725 -0.0784531980752945 10.473502159118652
1433149459350 1 0.156906396150589 0.5883989930152893 10.316595077514648
1433149461330 0 0.0784531980752945 -0.03922659903764725 10.473502159118652
1433149459451 1 0.11767979711294174 0.6668521761894226 10.238142013549805
1433149461431 0 -0.03922659903764725 -0.0 10.473502159118652
1433149459553 1 0.0784531980752945 0.5883989930152893 10.277368545532227
1433149461531 0 0.03922659903764725 0.03922659903764725 10.551955223083496
1433149459654 1 0.0784531980752945 0.5883989930152893 10.355822563171387
1433149461631 0 -0.03922659903764725 0.03922659903764725 10.551955223083496
1433149459755 1 0.156906396150589 0.5883989930152893 10.238142013549805
1433149461734 0 0.03922659903764725 -0.03922659903764725 10.43427562713623
1433149459857 1 0.156906396150589 0.5883989930152893 10.198915481567383
1433149461835 0 0.0784531980752945 -0.03922659903764725 10.512728691101074
1433149459957 1 0.11767979711294174 0.5491724014282227 10.238142013549805
1433149461935 0 -0.0 -0.0784531980752945 10.551955223083496
1433149460057 1 0.11767979711294174 0.627625584602356 10.277368545532227
1433149462037 0 0.0784531980752945 -0.0784531980752945 10.551955223083496
1433149460158 1 0.03922659903764725 0.5491724014282227 10.316595077514648
1433149462138 0 0.03922659903764725 0.03922659903764725 10.512728691101074
1433149460258 1 0.156906396150589 0.5883989930152893 10.198915481567383
1433149462238 0 0.03922659903764725 0.03922659903764725 10.551955223083496
1433149460359 1 0.0784531980752945 0.627625584602356 10.355822563171387
1433149462338 0 0.03922659903764725 -0.0784531980752945 10.551955223083496
1433149460459 1 0.11767979711294174 0.6668521761894226 10.316595077514648
1433149462438 0 0.03922659903764725 -0.03922659903764725 10.551955223083496
1433149460559 1 0.03922659903764725 0.5883989930152893 10.238142013549805
1433149462538 0 -0.0 0.0784531980752945 10.591181755065918
1433149460659 1 0.0784531980752945 0.627625584602356 10.355822563171387
1433149462638 0 0.0784531980752945 -0.03922659903764725 10.551955223083496
1433149460759 1 0.03922659903764725 0.5883989930152893 10.316595077514648
1433149462738 0 -0.03922659903764725 -0.0784531980752945 10.551955223083496
1433149460859 1 0.11767979711294174 0.5883989930152893 10.277368545532227
1433149462838 0 0.03922659903764725 -0.0784531980752945 10.591181755065918
1433149460959 1 0.0784531980752945 0.627625584602356 10.238142013549805
1433149462938 0 0.0784531980752945 -0.03922659903764725 10.551955223083496
1433149461059 1 0.156906396150589 0.627625584602356 10.277368545532227
1433149463038 0 0.03922659903764725 0.03922659903764725 10.512728691101074
1433149461159 1 0.156906396150589 0.5883989930152893 10.277368545532227
1433149463138 0 0.03922659903764725 -0.03922659903764725 10.473502159118652
1433149461260 1 0.0784531980752945 0.627625584602356 10.277368545532227
1433149463239 0 0.03922659903764725 -0.03922659903764725 10.512728691101074
1433149461361 1 0.0784531980752945 0.627625584602356 10.355822563171387
1433149463340 0 -0.0 -0.0 10.473502159118652
1433149461462 1 0.0784531980752945 0.5883989930152893 10.277368545532227
1433149463440 0 -0.0 -0.03922659903764725 10.669634819030762
1433149463540 0 0.03922659903764725 -0.0 10.512728691101074
1433149461562 1 0.11767979711294174 0.627625584602356 10.277368545532227
1433149461663 1 0.0784531980752945 0.5883989930152893 10.277368545532227
1433149463640 0 -0.0 -0.03922659903764725 10.512728691101074
1433149461765 1 0.11767979711294174 1.3337043523788452 10.669634819030762
1433149463741 0 0.03922659903764725 -0.0784531980752945 10.512728691101074
1433149463841 0 0.19613298773765564 0.0784531980752945 10.551955223083496
1433149461866 1 0.11767979711294174 0.5491724014282227 10.277368545532227
1433149463941 0 0.03922659903764725 -0.03922659903764725 10.473502159118652
1433149461968 1 -0.0 0.35303938388824463 10.277368545532227
1433149464042 0 -0.5491724014282227 0.3922659754753113 10.512728691101074
1433149462068 1 0.313812792301178 0.5491724014282227 10.277368545532227
1433149464141 0 0.0784531980752945 -0.03922659903764725 10.395049095153809
1433149462169 1 0.03922659903764725 0.5491724014282227 10.316595077514648
1433149464241 0 -0.03922659903764725 -0.03922659903764725 10.473502159118652
1433149462271 1 0.5491724014282227 0.5883989930152893 10.316595077514648
1433149464341 0 -0.0 -0.0784531980752945 10.43427562713623
1433149462373 1 1.9221034049987793 -0.509945809841156 11.571846961975098
1433149464441 0 -0.0 -0.0 10.43427562713623
1433149462474 1 4.471832275390625 0.5883989930152893 8.74753189086914
1433149464542 0 0.313812792301178 -0.0 9.845876693725586
1433149462575 1 5.648630142211914 0.47071918845176697 8.198359489440918
1433149464642 0 0.19613298773765564 0.0784531980752945 10.63040828704834
1433149462676 1 5.844763278961182 0.313812792301178 9.375157356262207
1433149464743 0 -0.03922659903764725 0.03922659903764725 10.159688949584961
1433149462775 1 7.5315070152282715 0.7060787677764893 8.669078826904297
1433149464844 0 0.03922659903764725 -0.0784531980752945 10.591181755065918
1433149462875 1 4.432605743408203 -2.1966896057128906 8.355265617370605
1433149464945 0 -0.03922659903764725 -0.03922659903764725 10.512728691101074
1433149462975 1 6.746974945068359 -0.5491724014282227 10.159688949584961
1433149465046 0 0.0784531980752945 -0.0 10.512728691101074
1433149463077 1 5.099457740783691 -1.8828767538070679 9.885103225708008
1433149465147 0 -0.0 -0.0 10.551955223083496
1433149463177 1 2.824315071105957 0.313812792301178 10.591181755065918
1433149465248 0 0.03922659903764725 0.03922659903764725 10.551955223083496
1433149463278 1 2.392822504043579 1.1767979860305786 10.473502159118652
1433149465349 0 -0.03922659903764725 -0.03922659903764725 10.473502159118652
1433149463378 1 1.647517204284668 2.432049036026001 7.49228048324585
1433149465449 0 -0.0 -0.03922659903764725 10.551955223083496
1433149463478 1 1.4906107187271118 3.216581106185913 9.610516548156738
1433149465550 0 0.03922659903764725 -0.03922659903764725 10.512728691101074
1433149463578 1 -0.823758602142334 3.648073673248291 8.002225875854492
1433149465651 0 -0.0 0.03922659903764725 10.512728691101074
1433149463678 1 -0.627625584602356 3.608847141265869 7.727640151977539
1433149465752 0 0.03922659903764725 -0.0 10.512728691101074
1433149463778 1 -0.27458620071411133 4.7071919441223145 8.159132957458496
1433149465853 0 -0.0 -0.03922659903764725 10.512728691101074
1433149463878 1 0.9414383769035339 5.138684272766113 8.94366455078125
1433149463978 1 1.3729310035705566 6.158576011657715 8.904438018798828
1433149465955 0 -0.0 -0.03922659903764725 10.316595077514648
1433149466057 0 -0.03922659903764725 -0.0 10.43427562713623
1433149464079 1 0.9414383769035339 7.1000142097473145 7.884546279907227
1433149466158 0 -0.03922659903764725 -0.0 10.473502159118652
1433149464179 1 2.079009771347046 6.943108081817627 7.5315070152282715
1433149466258 0 -0.03922659903764725 -0.0 10.512728691101074
1433149464279 1 2.3143694400787354 6.629295349121094 7.060787677764893
1433149466358 0 0.313812792301178 0.0784531980752945 10.473502159118652
1433149464379 1 2.1574628353118896 6.903881549835205 7.688413619995117
1433149464480 1 10.865767478942871 6.943108081817627 15.612186431884766
1433149466458 0 -0.03922659903764725 0.03922659903764725 10.43427562713623
1433149464581 1 0.0784531980752945 1.4906107187271118 7.060787677764893
1433149466558 0 -0.03922659903764725 -0.156906396150589 10.551955223083496
1433149466658 0 -0.0784531980752945 -0.0 10.551955223083496
1433149464682 1 -5.530950546264648 -3.687300205230713 8.551398277282715
1433149466758 0 -0.6668521761894226 -0.23535959422588348 10.944221496582031
1433149464783 1 -20.005565643310547 -1.255251169204712 -3.3734874725341797
1433149466858 0 -2.1182363033294678 -0.27458620071411133 9.179023742675781
1433149464884 1 20.005565643310547 17.14202308654785 6.629295349121094
1433149466958 0 -3.3734874725341797 -0.5883989930152893 10.042009353637695
1433149464985 1 -20.005565643310547 0.35303938388824463 3.255807638168335
1433149467058 0 -4.314925670623779 -0.509945809841156 8.512171745300293
1433149465086 1 -1.5298373699188232 6.903881549835205 7.649186611175537
1433149467158 0 -3.8834333419799805 -0.19613298773765564 10.042009353637695
1433149465187 1 20.005565643310547 18.43650245666504 -4.001112937927246
1433149467258 0 -4.2364726066589355 -0.823758602142334 9.728196144104004
1433149465289 1 -20.005565643310547 -2.1182363033294678 2.7066352367401123
1433149467359 0 -4.628738880157471 -0.7060787677764893 9.335930824279785
1433149465390 1 3.4911673069000244 8.629851341247559 12.984004020690918
1433149467459 0 -4.001112937927246 0.47071918845176697 9.45361042022705
1433149465490 1 13.02323055267334 9.022117614746094 8.472945213317871
1433149467559 0 -4.275699138641357 -0.4314925968647003 10.159688949584961
1433149465591 1 2.5497288703918457 9.13979721069336 -2.2359161376953125
1433149467660 0 -4.158019542694092 -0.47071918845176697 9.845876693725586
1433149465692 1 3.5696206092834473 8.904438018798828 4.471832275390625
1433149467760 0 -3.5303938388824463 -0.4314925968647003 10.081235885620117
1433149465793 1 2.471275806427002 8.94366455078125 2.824315071105957
1433149467860 0 -3.0596747398376465 -0.313812792301178 10.081235885620117
1433149465893 1 3.4911673069000244 9.21825122833252 3.255807638168335
1433149465993 1 16.043678283691406 10.159688949584961 8.708305358886719
1433149467961 0 -2.9812214374542236 -0.9022117853164673 10.002782821655273
1433149466094 1 -18.044235229492188 -7.727640151977539 -0.0784531980752945
1433149468062 0 -2.510502338409424 -1.255251169204712 10.277368545532227
1433149466195 1 20.005565643310547 -5.099457740783691 6.51161527633667
1433149468161 0 -2.7458620071411133 -1.2944778203964233 9.92432975769043
1433149466295 1 -20.005565643310547 -0.313812792301178 10.002782821655273
1433149468261 0 -2.5889556407928467 -1.255251169204712 10.002782821655273
1433149466395 1 20.005565643310547 15.416053771972656 -1.6867437362670898
1433149468361 0 -2.6281821727752686 -0.7845319509506226 10.081235885620117
1433149466495 1 -5.256364345550537 -13.140911102294922 6.3154826164245605
1433149468462 0 -3.0204482078552246 -0.627625584602356 10.277368545532227
1433149466597 1 -18.08346176147461 1.5298373699188232 10.120462417602539
1433149468563 0 -3.608847141265869 -0.7845319509506226 10.120462417602539
1433149466696 1 20.005565643310547 12.905550956726074 -5.648630142211914
1433149468663 0 -4.275699138641357 -0.11767979711294174 9.335930824279785
1433149466797 1 -6.158576011657715 6.982334613800049 -2.039783239364624
1433149468764 0 -3.8834333419799805 -1.6082905530929565 10.512728691101074
1433149466898 1 6.746974945068359 8.23758602142334 6.746974945068359
1433149468865 0 -3.334260940551758 -1.8436501026153564 10.43427562713623
1433149466999 1 2.392822504043579 8.355265617370605 4.511058807373047
1433149468967 0 -0.509945809841156 -0.0 10.983448028564453
1433149467099 1 2.824315071105957 8.080678939819336 4.589511871337891
1433149469068 0 3.0596747398376465 2.079009771347046 9.92432975769043
1433149467200 1 4.393379211425781 7.766866683959961 5.57017707824707
1433149469169 0 4.158019542694092 5.80553674697876 5.844763278961182
1433149469270 0 5.452497482299805 1.7651969194412231 10.081235885620117
1433149467301 1 3.5303938388824463 8.159132957458496 4.11879301071167
1433149469370 0 6.550841808319092 -0.03922659903764725 6.825428009033203
1433149467402 1 2.3143694400787354 7.884546279907227 3.608847141265869
1433149467503 1 5.334817409515381 6.786201477050781 7.25692081451416
1433149469471 0 3.4127140045166016 0.9806649684906006 10.43427562713623
1433149469572 0 4.628738880157471 2.5497288703918457 12.709418296813965
1433149467604 1 2.863541841506958 6.629295349121094 7.570733547210693
1433149469673 0 1.4906107187271118 4.589511871337891 5.923216342926025
1433149467705 1 -4.667965412139893 1.1375713348388672 7.374600410461426
1433149467806 1 20.005565643310547 4.354152679443359 20.005565643310547
1433149469774 0 -0.47071918845176697 7.217694282531738 5.844763278961182
1433149467906 1 15.023787498474121 -13.650856018066406 6.197802543640137
1433149469875 0 -3.8049800395965576 10.316595077514648 7.021561145782471
1433149468007 1 -20.005565643310547 -19.809432983398438 8.43371868133545
1433149469977 0 -9.414383888244629 11.767979621887207 5.256364345550537
1433149468108 1 20.005565643310547 -20.005565643310547 18.750314712524414
1433149470078 0 5.57017707824707 -1.3729310035705566 -6.3154826164245605
1433149468208 1 20.005565643310547 9.845876693725586 7.766866683959961
1433149470178 0 20.005565643310547 -11.728753089904785 6.119349479675293
1433149468309 1 -13.101683616638184 -20.005565643310547 3.8049800395965576
1433149470278 0 -3.648073673248291 -6.590068817138672 14.356935501098633
1433149468410 1 -1.019891619682312 -20.005565643310547 1.2944778203964233
1433149470379 0 -20.005565643310547 20.005565643310547 -0.9806649684906006
1433149468510 1 20.005565643310547 10.591181755065918 20.005565643310547
1433149470479 0 18.514955520629883 -10.865767478942871 -3.0596747398376465
1433149468610 1 -3.8049800395965576 7.413827419281006 0.0784531980752945
1433149470579 0 17.416610717773438 -11.964112281799316 4.785645008087158
1433149468710 1 6.433162212371826 7.766866683959961 5.766310214996338
1433149470679 0 -20.005565643310547 20.005565643310547 5.648630142211914
1433149468810 1 7.649186611175537 7.060787677764893 1.2944778203964233
1433149470780 0 -7.296147346496582 16.67130470275879 -7.923772811889648
1433149468910 1 6.982334613800049 7.727640151977539 1.5690639019012451
1433149470880 0 20.005565643310547 -20.005565643310547 1.6867437362670898
1433149469010 1 9.21825122833252 7.766866683959961 -2.392822504043579
1433149470981 0 -20.005565643310547 0.4314925968647003 13.140911102294922
1433149469110 1 -0.03922659903764725 7.49228048324585 4.667965412139893
1433149471081 0 -0.4314925968647003 4.001112937927246 -8.23758602142334
1433149469210 1 7.1392412185668945 6.119349479675293 -3.4911673069000244
1433149471181 0 15.651412963867188 -20.005565643310547 10.944221496582031
1433149469310 1 8.669078826904297 8.002225875854492 2.6674087047576904
1433149471282 0 -20.005565643310547 20.005565643310547 -10.63040828704834
1433149469411 1 4.785645008087158 7.609960079193115 0.7453053593635559
1433149471382 0 12.434831619262695 0.509945809841156 0.35303938388824463
1433149469511 1 6.433162212371826 7.649186611175537 2.5889556407928467
1433149471482 0 10.983448028564453 0.9806649684906006 3.0204482078552246
1433149469612 1 4.82487154006958 7.727640151977539 3.177354574203491
1433149471583 0 4.903325080871582 9.13979721069336 -2.1966896057128906
1433149469713 1 4.864098072052002 8.119906425476074 3.4911673069000244
1433149471684 0 -0.47071918845176697 14.435388565063477 -0.4314925968647003
1433149469814 1 5.0602312088012695 7.806093215942383 4.079566478729248
1433149471785 0 18.397274017333984 -7.413827419281006 -3.961886405944824
1433149469916 1 5.374043941497803 7.609960079193115 3.3734874725341797
1433149471887 0 -14.670747756958008 -3.0989012718200684 3.5303938388824463
1433149470017 1 4.667965412139893 8.002225875854492 3.5303938388824463
1433149471987 0 -10.198915481567383 19.2602596282959 -1.3729310035705566
1433149470117 1 5.256364345550537 7.25692081451416 5.491724014282227
1433149472088 0 20.005565643310547 -16.396718978881836 -2.3535959720611572
1433149470217 1 5.099457740783691 7.609960079193115 4.2364726066589355
1433149472188 0 6.943108081817627 -1.6867437362670898 -1.4906107187271118
1433149470318 1 3.8834333419799805 7.727640151977539 3.9226598739624023
1433149472288 0 -16.828210830688477 20.005565643310547 -0.7453053593635559
1433149470418 1 5.334817409515381 7.296147346496582 4.471832275390625
1433149472388 0 17.377384185791016 -14.474615097045898 -1.019891619682312
1433149470518 1 4.785645008087158 7.649186611175537 3.7657535076141357
1433149472488 0 10.042009353637695 -10.198915481567383 -3.334260940551758
1433149470618 1 4.354152679443359 7.806093215942383 4.432605743408203
1433149472589 0 -20.005565643310547 20.005565643310547 7.845319747924805
1433149470718 1 5.844763278961182 7.217694282531738 4.158019542694092
1433149472688 0 20.005565643310547 -18.593408584594727 -6.903881549835205
1433149470823 1 5.687856674194336 7.1392412185668945 3.255807638168335
1433149472789 0 4.314925670623779 -6.433162212371826 -0.47071918845176697
1433149470923 1 4.040339469909668 8.002225875854492 3.295034408569336
1433149472891 0 -9.45361042022705 20.005565643310547 2.7066352367401123
1433149471024 1 7.335373878479004 6.51161527633667 4.354152679443359
1433149472991 0 20.005565643310547 -8.669078826904297 -5.687856674194336
1433149471125 1 7.727640151977539 4.079566478729248 5.099457740783691
1433149473092 0 -0.9414383769035339 7.570733547210693 1.7259703874588013
1433149471225 1 8.590624809265137 2.432049036026001 5.687856674194336
1433149473193 0 -2.824315071105957 11.767979621887207 4.667965412139893
1433149471326 1 9.13979721069336 0.5491724014282227 11.532620429992676
1433149473295 0 0.0784531980752945 10.002782821655273 5.0602312088012695
1433149471427 1 4.785645008087158 -1.5298373699188232 12.395605087280273
1433149473396 0 -0.5491724014282227 9.335930824279785 4.040339469909668
1433149471528 1 1.45138418674469 -0.9022117853164673 1.6867437362670898
1433149473497 0 0.47071918845176697 8.590624809265137 4.667965412139893
1433149471629 1 4.314925670623779 -0.8629851937294006 8.786758422851562
1433149473598 0 2.039783239364624 7.570733547210693 5.099457740783691
1433149471729 1 4.314925670623779 1.1767979860305786 8.590624809265137
1433149473699 0 3.5303938388824463 6.629295349121094 6.51161527633667
1433149471829 1 1.1767979860305786 1.3337043523788452 8.629851341247559
1433149473799 0 2.5889556407928467 6.080122947692871 9.13979721069336
1433149471929 1 3.3734874725341797 -0.03922659903764725 10.395049095153809
1433149473899 0 2.471275806427002 5.844763278961182 8.786758422851562
1433149472029 1 1.8828767538070679 0.4314925968647003 3.4911673069000244
1433149473999 0 2.079009771347046 5.80553674697876 6.903881549835205
1433149472130 1 -3.726526975631714 0.3922659754753113 17.181249618530273
1433149474099 0 2.1182363033294678 5.530950546264648 8.669078826904297
1433149472230 1 0.47071918845176697 0.19613298773765564 10.081235885620117
1433149474199 0 3.3734874725341797 5.256364345550537 7.178467750549316
1433149472331 1 0.11767979711294174 0.19613298773765564 10.277368545532227
1433149474299 0 -0.7453053593635559 6.668521881103516 9.492836952209473
1433149472433 1 0.156906396150589 0.23535959422588348 10.238142013549805
1433149474399 0 0.7453053593635559 5.491724014282227 8.394492149353027
1433149472533 1 0.11767979711294174 0.19613298773765564 10.355822563171387
1433149474499 0 1.0983448028564453 5.452497482299805 8.825984954833984
1433149472635 1 0.156906396150589 0.23535959422588348 10.277368545532227
1433149474599 0 -7.1000142097473145 7.453053951263428 6.472388744354248
1433149472736 1 0.156906396150589 0.19613298773765564 10.277368545532227
1433149474699 0 1.255251169204712 5.962442874908447 9.335930824279785
1433149472835 1 0.11767979711294174 0.19613298773765564 10.277368545532227
1433149474800 0 3.0204482078552246 5.8839898109436035 10.238142013549805
1433149472936 1 0.156906396150589 0.156906396150589 10.316595077514648
1433149474900 0 4.550285339355469 2.1966896057128906 7.923772811889648
1433149473037 1 0.11767979711294174 0.27458620071411133 10.316595077514648
1433149475001 0 5.80553674697876 4.354152679443359 7.178467750549316
1433149473137 1 0.0784531980752945 0.156906396150589 10.238142013549805
1433149475102 0 4.2364726066589355 6.668521881103516 7.9629998207092285
1433149473236 1 0.156906396150589 0.19613298773765564 10.316595077514648
1433149475202 0 9.492836952209473 8.080678939819336 8.002225875854492
1433149473337 1 0.156906396150589 0.19613298773765564 10.238142013549805
1433149475302 0 13.690083503723145 1.8436501026153564 9.845876693725586
1433149473437 1 0.156906396150589 0.156906396150589 10.355822563171387
1433149475403 0 -20.005565643310547 -4.82487154006958 -1.1375713348388672
1433149473538 1 0.156906396150589 0.19613298773765564 10.355822563171387
1433149475504 0 4.7071919441223145 -17.024343490600586 2.039783239364624
1433149473638 1 0.156906396150589 0.156906396150589 10.277368545532227
1433149475604 0 -20.005565643310547 -20.005565643310547 20.005565643310547
1433149475704 0 -2.039783239364624 20.005565643310547 -20.005565643310547
1433149473739 1 0.11767979711294174 0.19613298773765564 10.198915481567383
1433149475805 0 -12.670191764831543 -20.005565643310547 20.005565643310547
1433149473840 1 0.19613298773765564 0.23535959422588348 10.316595077514648
1433149475906 0 20.005565643310547 13.454723358154297 -20.005565643310547
1433149473940 1 0.156906396150589 0.11767979711294174 10.277368545532227
1433149476006 0 2.824315071105957 -20.005565643310547 -16.828210830688477
1433149474040 1 0.11767979711294174 0.11767979711294174 10.198915481567383
1433149476106 0 18.005008697509766 -20.005565643310547 20.005565643310547
1433149474140 1 0.11767979711294174 0.156906396150589 10.238142013549805
1433149476206 0 -15.416053771972656 -15.102240562438965 -20.005565643310547
1433149474241 1 0.156906396150589 0.23535959422588348 10.316595077514648
1433149476306 0 0.9022117853164673 -20.005565643310547 20.005565643310547
1433149474341 1 0.11767979711294174 0.23535959422588348 10.355822563171387
1433149476407 0 -9.100570678710938 6.550841808319092 -20.005565643310547
1433149474442 1 0.156906396150589 0.23535959422588348 10.238142013549805
1433149476507 0 -10.277368545532227 -20.005565643310547 20.005565643310547
1433149474542 1 0.156906396150589 0.23535959422588348 10.316595077514648
1433149476607 0 -2.863541841506958 1.1767979860305786 -20.005565643310547
1433149474643 1 0.156906396150589 0.23535959422588348 10.277368545532227
1433149476707 0 9.21825122833252 -20.005565643310547 20.005565643310547
1433149474744 1 0.0784531980752945 0.156906396150589 10.355822563171387
1433149476807 0 -0.6668521761894226 -3.726526975631714 -20.005565643310547
1433149474845 1 0.0784531980752945 0.19613298773765564 10.316595077514648
1433149476908 0 20.005565643310547 -20.005565643310547 20.005565643310547
1433149474946 1 0.19613298773765564 0.23535959422588348 10.355822563171387
1433149477008 0 -8.865211486816406 14.121575355529785 -20.005565643310547
1433149475047 1 0.156906396150589 0.19613298773765564 10.316595077514648
1433149477108 0 -20.005565643310547 -20.005565643310547 20.005565643310547
1433149475148 1 0.19613298773765564 0.156906396150589 10.277368545532227
1433149477209 0 20.005565643310547 11.532620429992676 -7.923772811889648
1433149475249 1 0.11767979711294174 0.23535959422588348 10.277368545532227
1433149477310 0 -20.005565643310547 -19.809432983398438 12.984004020690918
1433149475350 1 0.156906396150589 0.19613298773765564 10.277368545532227
1433149477410 0 -20.005565643310547 -19.927112579345703 20.005565643310547
1433149475451 1 0.156906396150589 0.156906396150589 10.277368545532227
1433149477510 0 20.005565643310547 19.88788604736328 -19.88788604736328
1433149475552 1 0.156906396150589 0.19613298773765564 10.395049095153809
1433149477610 0 -20.005565643310547 -20.005565643310547 1.647517204284668
1433149475653 1 0.19613298773765564 0.19613298773765564 10.316595077514648
1433149477711 0 -14.592294692993164 -10.43427562713623 20.005565643310547
1433149475755 1 0.156906396150589 0.156906396150589 10.316595077514648
1433149477811 0 20.005565643310547 20.005565643310547 -11.454167366027832
1433149475855 1 0.11767979711294174 0.19613298773765564 10.277368545532227
1433149477911 0 -20.005565643310547 -20.005565643310547 16.985116958618164
1433149475955 1 0.11767979711294174 0.19613298773765564 10.316595077514648
1433149478012 0 14.945334434509277 -6.7077484130859375 20.005565643310547
1433149476055 1 0.0784531980752945 0.19613298773765564 10.316595077514648
1433149478112 0 4.981778144836426 -20.005565643310547 -3.726526975631714
1433149476155 1 0.156906396150589 0.23535959422588348 10.355822563171387
1433149478213 0 -20.005565643310547 -20.005565643310547 0.509945809841156
1433149476256 1 0.19613298773765564 0.156906396150589 10.355822563171387
1433149478313 0 20.005565643310547 -2.863541841506958 10.395049095153809
1433149476357 1 0.156906396150589 0.156906396150589 10.277368545532227
1433149478414 0 -20.005565643310547 -20.005565643310547 4.628738880157471
1433149476457 1 0.156906396150589 0.19613298773765564 10.238142013549805
1433149478515 0 -20.005565643310547 -20.005565643310547 12.395605087280273
1433149476557 1 0.03922659903764725 0.23535959422588348 10.277368545532227
1433149478615 0 20.005565643310547 14.00389575958252 -11.885659217834473
1433149476657 1 0.156906396150589 0.23535959422588348 10.316595077514648
1433149478715 0 -20.005565643310547 -20.005565643310547 15.651412963867188
1433149476757 1 0.0784531980752945 0.23535959422588348 10.277368545532227
1433149478815 0 -9.885103225708008 -6.51161527633667 20.005565643310547
1433149476857 1 0.156906396150589 0.23535959422588348 10.316595077514648
1433149478915 0 20.005565643310547 -17.259702682495117 -4.001112937927246
1433149476957 1 0.11767979711294174 0.19613298773765564 10.316595077514648
1433149479016 0 -20.005565643310547 -20.005565643310547 -15.141467094421387
1433149477057 1 0.156906396150589 0.156906396150589 10.238142013549805
1433149479116 0 20.005565643310547 20.005565643310547 -20.005565643310547
1433149477157 1 0.156906396150589 0.313812792301178 10.355822563171387
1433149479216 0 -20.005565643310547 -20.005565643310547 19.534847259521484
1433149477257 1 0.156906396150589 0.23535959422588348 10.316595077514648
1433149479317 0 -3.4519407749176025 -6.354709148406982 20.005565643310547
1433149477357 1 0.11767979711294174 0.156906396150589 10.277368545532227
1433149479417 0 -8.198359489440918 -20.005565643310547 8.276812553405762
1433149477457 1 0.19613298773765564 0.19613298773765564 10.277368545532227
1433149479517 0 -20.005565643310547 -20.005565643310547 -7.5315070152282715
1433149477557 1 0.156906396150589 0.156906396150589 10.277368545532227
1433149479618 0 20.005565643310547 20.005565643310547 -20.005565643310547
1433149477657 1 0.156906396150589 0.19613298773765564 10.277368545532227
1433149479718 0 -20.005565643310547 -20.005565643310547 20.005565643310547
1433149477757 1 0.19613298773765564 0.23535959422588348 10.277368545532227
1433149479818 0 -20.005565643310547 -17.612743377685547 20.005565643310547
1433149477857 1 0.19613298773765564 0.19613298773765564 10.277368545532227
1433149479918 0 -0.8629851937294006 -20.005565643310547 8.551398277282715
1433149477957 1 0.156906396150589 0.27458620071411133 10.316595077514648
1433149480018 0 -20.005565643310547 -20.005565643310547 -5.844763278961182
1433149478057 1 0.19613298773765564 0.156906396150589 10.277368545532227
1433149480118 0 20.005565643310547 4.11879301071167 -9.21825122833252
1433149478157 1 0.156906396150589 0.23535959422588348 10.316595077514648
1433149480219 0 13.729310035705566 -20.005565643310547 -0.19613298773765564
1433149478257 1 0.0784531980752945 0.156906396150589 10.316595077514648
1433149480319 0 -20.005565643310547 -20.005565643310547 1.0591181516647339
1433149478362 1 0.11767979711294174 0.23535959422588348 10.355822563171387
1433149480419 0 20.005565643310547 -15.69063949584961 20.005565643310547
1433149478458 1 0.11767979711294174 0.19613298773765564 10.277368545532227
1433149480520 0 17.14202308654785 -20.005565643310547 -2.039783239364624
1433149478559 1 0.11767979711294174 0.23535959422588348 10.316595077514648
1433149480620 0 -20.005565643310547 -20.005565643310547 -3.687300205230713
1433149478660 1 0.19613298773765564 0.23535959422588348 10.316595077514648
1433149480721 0 20.005565643310547 3.0204482078552246 6.590068817138672
1433149478760 1 0.156906396150589 0.23535959422588348 10.355822563171387
1433149480821 0 -20.005565643310547 -20.005565643310547 20.005565643310547
1433149478860 1 0.156906396150589 0.27458620071411133 10.355822563171387
1433149480922 0 -20.005565643310547 -20.005565643310547 20.005565643310547
1433149478961 1 0.156906396150589 0.23535959422588348 10.238142013549805
1433149481023 0 20.005565643310547 18.86799430847168 -9.64974308013916
1433149479062 1 0.156906396150589 0.0784531980752945 10.277368545532227
1433149481124 0 -20.005565643310547 -20.005565643310547 20.005565643310547
1433149479163 1 0.156906396150589 0.19613298773765564 10.355822563171387
1433149481225 0 -13.02323055267334 -19.809432983398438 20.005565643310547
1433149479265 1 0.19613298773765564 0.23535959422588348 10.316595077514648
1433149481325 0 20.005565643310547 5.962442874908447 -17.8873291015625
1433149479365 1 0.0784531980752945 0.156906396150589 10.277368545532227
1433149481426 0 -20.005565643310547 -20.005565643310547 15.729866027832031
1433149479465 1 0.156906396150589 0.23535959422588348 10.316595077514648
1433149481526 0 11.258033752441406 -18.86799430847168 20.005565643310547
1433149479565 1 0.156906396150589 0.156906396150589 10.238142013549805
1433149481626 0 2.2359161376953125 -20.005565643310547 7.570733547210693
1433149479665 1 0.156906396150589 0.19613298773765564 10.277368545532227
1433149481726 0 -20.005565643310547 -20.005565643310547 2.000556468963623
1433149479766 1 0.11767979711294174 0.23535959422588348 10.238142013549805
1433149481826 0 20.005565643310547 -11.33648681640625 20.005565643310547
1433149479866 1 0.23535959422588348 0.156906396150589 10.238142013549805
1433149481927 0 20.005565643310547 -20.005565643310547 1.4906107187271118
1433149479966 1 0.11767979711294174 0.19613298773765564 10.277368545532227
1433149482027 0 -20.005565643310547 -20.005565643310547 -6.746974945068359
1433149480066 1 0.19613298773765564 0.27458620071411133 10.316595077514648
1433149482127 0 20.005565643310547 13.02323055267334 -13.729310035705566
1433149480167 1 0.11767979711294174 0.23535959422588348 10.277368545532227
1433149482228 0 -8.94366455078125 -20.005565643310547 9.492836952209473
1433149480268 1 0.156906396150589 0.23535959422588348 10.277368545532227
1433149482329 0 -20.005565643310547 -20.005565643310547 -0.0
1433149480368 1 0.11767979711294174 0.156906396150589 10.277368545532227
1433149482430 0 20.005565643310547 -1.647517204284668 -3.4519407749176025
1433149480468 1 0.156906396150589 0.19613298773765564 10.238142013549805
1433149482531 0 11.532620429992676 -20.005565643310547 13.101683616638184
1433149480569 1 0.0784531980752945 0.23535959422588348 10.355822563171387
1433149482631 0 -20.005565643310547 -20.005565643310547 -0.19613298773765564
1433149480670 1 0.156906396150589 0.19613298773765564 10.316595077514648
1433149482731 0 20.005565643310547 20.005565643310547 -20.005565643310547
1433149480771 1 0.156906396150589 0.19613298773765564 10.355822563171387
1433149482831 0 -20.005565643310547 -20.005565643310547 20.005565643310547
1433149480873 1 0.156906396150589 0.156906396150589 10.355822563171387
1433149482931 0 -20.005565643310547 -17.573516845703125 -8.708305358886719
1433149480973 1 0.156906396150589 0.27458620071411133 10.355822563171387
1433149483031 0 20.005565643310547 20.005565643310547 -20.005565643310547
1433149481074 1 0.19613298773765564 0.19613298773765564 10.277368545532227
1433149483132 0 -20.005565643310547 -20.005565643310547 1.0591181516647339
1433149481175 1 0.156906396150589 0.19613298773765564 10.316595077514648
1433149483232 0 -12.513284683227539 5.374043941497803 -20.005565643310547
1433149481275 1 0.156906396150589 0.19613298773765564 10.277368545532227
1433149483332 0 16.357492446899414 -20.005565643310547 10.002782821655273
1433149481376 1 0.156906396150589 0.156906396150589 10.316595077514648
1433149483433 0 -20.005565643310547 -20.005565643310547 -20.005565643310547
1433149481477 1 0.11767979711294174 0.156906396150589 10.238142013549805
1433149483533 0 20.005565643310547 12.434831619262695 -20.005565643310547
1433149481577 1 0.156906396150589 0.156906396150589 10.277368545532227
1433149483633 0 -8.904438018798828 -6.7077484130859375 20.005565643310547
1433149481677 1 0.19613298773765564 0.19613298773765564 10.316595077514648
1433149483734 0 -8.708305358886719 11.807206153869629 -20.005565643310547
1433149481777 1 0.156906396150589 0.23535959422588348 10.277368545532227
1433149483834 0 -3.8049800395965576 9.100570678710938 5.844763278961182
1433149481877 1 0.11767979711294174 0.27458620071411133 10.277368545532227
1433149483935 0 2.1574628353118896 10.159688949584961 -7.766866683959961
1433149481977 1 0.19613298773765564 0.19613298773765564 10.277368545532227
1433149484036 0 2.6281821727752686 9.022117614746094 -4.628738880157471
1433149482077 1 0.156906396150589 0.23535959422588348 10.277368545532227
1433149484137 0 0.7845319509506226 10.551955223083496 -3.8049800395965576
1433149482177 1 0.19613298773765564 0.11767979711294174 10.355822563171387
1433149484238 0 -3.0204482078552246 9.061344146728516 0.23535959422588348
1433149482277 1 0.19613298773765564 0.19613298773765564 10.277368545532227
1433149484340 0 -4.393379211425781 7.060787677764893 2.863541841506958
1433149482377 1 0.11767979711294174 0.156906396150589 10.277368545532227
1433149484440 0 3.177354574203491 7.688413619995117 7.25692081451416
1433149482478 1 0.11767979711294174 0.19613298773765564 10.316595077514648
1433149484540 0 3.334260940551758 5.57017707824707 10.787314414978027
1433149482579 1 0.19613298773765564 0.19613298773765564 10.316595077514648
1433149484641 0 -0.156906396150589 2.863541841506958 9.492836952209473
1433149482679 1 0.11767979711294174 0.23535959422588348 10.277368545532227
1433149484742 0 0.7453053593635559 -2.1182363033294678 12.630965232849121
1433149482779 1 0.156906396150589 0.19613298773765564 10.277368545532227
1433149484842 0 -1.0983448028564453 -0.3922659754753113 8.74753189086914
1433149482879 1 0.0784531980752945 0.27458620071411133 10.238142013549805
1433149484942 0 -0.47071918845176697 -0.35303938388824463 12.042566299438477
1433149482980 1 0.156906396150589 0.23535959422588348 10.355822563171387
1433149485042 0 0.7453053593635559 0.11767979711294174 11.14035415649414
1433149483081 1 0.19613298773765564 0.19613298773765564 10.395049095153809
1433149485142 0 0.0784531980752945 -0.03922659903764725 10.512728691101074
1433149483182 1 0.19613298773765564 0.156906396150589 10.198915481567383
1433149485243 0 -0.0 -0.0 10.512728691101074
1433149483283 1 0.23535959422588348 0.19613298773765564 10.395049095153809
1433149485344 0 0.0784531980752945 -0.0 10.473502159118652
1433149483384 1 0.0784531980752945 0.19613298773765564 10.277368545532227
1433149485445 0 -0.03922659903764725 -0.0 10.512728691101074
1433149483485 1 0.0784531980752945 0.23535959422588348 10.395049095153809
1433149485546 0 0.03922659903764725 -0.03922659903764725 10.591181755065918
1433149483586 1 0.156906396150589 0.23535959422588348 10.277368545532227
1433149485647 0 -0.0 -0.03922659903764725 10.512728691101074
1433149483687 1 0.156906396150589 0.23535959422588348 10.277368545532227
1433149485748 0 0.03922659903764725 -0.0784531980752945 10.512728691101074
1433149483788 1 0.19613298773765564 0.156906396150589 10.198915481567383
1433149485849 0 -0.0 -0.0784531980752945 10.551955223083496
1433149483889 1 0.03922659903764725 -0.0 10.159688949584961
1433149485950 0 -0.0784531980752945 -0.0784531980752945 10.551955223083496
1433149483990 1 -0.0 -0.156906396150589 10.198915481567383
1433149486051 0 -0.0784531980752945 -0.03922659903764725 10.473502159118652
1433149484091 1 -0.823758602142334 -0.9022117853164673 9.885103225708008
1433149486153 0 -0.0 -0.0784531980752945 10.551955223083496
1433149484192 1 -2.1182363033294678 -1.9221034049987793 10.081235885620117
1433149486254 0 -0.0 -0.0784531980752945 10.512728691101074
1433149484293 1 -3.334260940551758 -1.7651969194412231 9.845876693725586
1433149486355 0 -0.0 -0.0784531980752945 10.43427562713623
1433149484393 1 -5.648630142211914 -2.471275806427002 11.179580688476562
1433149486456 0 -0.0 -0.0784531980752945 10.473502159118652
1433149484494 1 -4.589511871337891 -0.8629851937294006 8.669078826904297
1433149486557 0 -0.0 -0.0 10.551955223083496
1433149484595 1 -2.392822504043579 0.7060787677764893 6.629295349121094
1433149486658 0 -0.0784531980752945 -0.03922659903764725 10.512728691101074
1433149484696 1 3.0204482078552246 1.1375713348388672 13.611629486083984
1433149486759 0 0.03922659903764725 -0.03922659903764725 10.591181755065918
1433149484797 1 -0.9022117853164673 1.4906107187271118 8.23758602142334
1433149486860 0 -0.03922659903764725 -0.0784531980752945 10.473502159118652
1433149484898 1 0.823758602142334 1.2160245180130005 10.277368545532227
1433149486960 0 0.0784531980752945 -0.03922659903764725 10.512728691101074
1433149484999 1 1.1375713348388672 1.2944778203964233 11.101127624511719
1433149487060 0 -0.0 -0.0784531980752945 10.512728691101074
1433149485099 1 3.216581106185913 3.608847141265869 8.316039085388184
1433149487160 0 0.11767979711294174 -0.0784531980752945 10.591181755065918
1433149485199 1 2.824315071105957 3.726526975631714 10.042009353637695
1433149487260 0 -0.0 -0.0784531980752945 10.551955223083496
1433149485299 1 2.9419949054718018 2.7458620071411133 9.13979721069336
1433149487361 0 -0.0 -0.0784531980752945 10.473502159118652
1433149485400 1 3.255807638168335 5.0602312088012695 8.825984954833984
1433149487460 0 -0.0 -0.03922659903764725 10.591181755065918
1433149485501 1 1.3337043523788452 8.590624809265137 9.571290016174316
1433149487560 0 0.03922659903764725 -0.03922659903764725 10.43427562713623
1433149485600 1 -0.3922659754753113 4.942551612854004 8.865211486816406
1433149487660 0 0.03922659903764725 -0.0784531980752945 10.473502159118652
1433149485700 1 0.9022117853164673 5.452497482299805 8.394492149353027
1433149487761 0 0.03922659903764725 -0.03922659903764725 10.512728691101074
1433149485801 1 2.510502338409424 5.766310214996338 8.472945213317871
1433149487862 0 0.03922659903764725 -0.03922659903764725 10.551955223083496
1433149485902 1 4.158019542694092 5.413270473480225 8.825984954833984
1433149487962 0 0.03922659903764725 -0.03922659903764725 10.473502159118652
1433149486003 1 -1.5690639019012451 5.099457740783691 4.628738880157471
1433149488062 0 -0.03922659903764725 -0.0784531980752945 10.512728691101074
1433149486103 1 0.3922659754753113 5.138684272766113 10.591181755065918
1433149488163 0 -0.0 -0.03922659903764725 10.551955223083496
1433149486204 1 1.5690639019012451 5.0602312088012695 8.198359489440918
1433149488264 0 0.03922659903764725 -0.0 10.551955223083496
1433149486305 1 1.8828767538070679 5.099457740783691 9.061344146728516
1433149488364 0 -0.0 -0.0784531980752945 10.512728691101074
1433149486406 1 1.1375713348388672 2.824315071105957 9.728196144104004
1433149488465 0 -0.0 -0.0784531980752945 10.512728691101074
1433149486508 1 -0.823758602142334 4.589511871337891 8.512171745300293
1433149488566 0 0.03922659903764725 -0.0 10.551955223083496
1433149486608 1 0.3922659754753113 5.530950546264648 8.825984954833984
1433149488667 0 -0.0 -0.0784531980752945 10.551955223083496
1433149486708 1 -0.9806649684906006 4.785645008087158 6.982334613800049
1433149488768 0 -0.03922659903764725 0.03922659903764725 10.551955223083496
1433149486810 1 2.7458620071411133 3.648073673248291 11.84643268585205
1433149488869 0 -0.0 -0.0 10.43427562713623
1433149486910 1 7.570733547210693 2.785088539123535 12.277925491333008
1433149488971 0 -0.0 -0.0 10.551955223083496
1433149487011 1 7.609960079193115 5.8839898109436035 9.492836952209473
1433149489072 0 -0.0 0.03922659903764725 10.512728691101074
1433149487113 1 7.845319747924805 8.629851341247559 0.823758602142334
1433149489173 0 -0.03922659903764725 -0.0784531980752945 10.591181755065918
1433149487215 1 10.591181755065918 5.648630142211914 4.511058807373047
1433149489275 0 -0.0 -0.0784531980752945 10.512728691101074
1433149487317 1 -0.156906396150589 -3.334260940551758 0.27458620071411133
1433149489376 0 0.0784531980752945 -0.0784531980752945 10.512728691101074
1433149487417 1 -8.825984954833984 -11.297260284423828 3.0204482078552246
1433149489477 0 0.03922659903764725 -0.0784531980752945 10.551955223083496
1433149487517 1 -6.51161527633667 -14.906107902526855 7.25692081451416
1433149489579 0 0.03922659903764725 -0.03922659903764725 10.473502159118652
1433149487617 1 -20.005565643310547 -20.005565643310547 6.119349479675293
1433149489679 0 -0.0 -0.0784531980752945 10.63040828704834
1433149487718 1 20.005565643310547 17.65196990966797 11.33648681640625
1433149489779 0 -0.0784531980752945 0.03922659903764725 10.43427562713623
1433149487819 1 -20.005565643310547 -20.005565643310547 0.47071918845176697
1433149489880 0 -0.03922659903764725 -0.0 10.43427562713623
1433149487920 1 20.005565643310547 20.005565643310547 -19.377939224243164
1433149489980 0 -0.03922659903764725 -0.0784531980752945 10.473502159118652
1433149488020 1 -20.005565643310547 -20.005565643310547 20.005565643310547
1433149490081 0 -0.0784531980752945 -0.03922659903764725 10.591181755065918
1433149488120 1 20.005565643310547 20.005565643310547 -8.316039085388184
1433149490181 0 -0.0 -0.11767979711294174 10.43427562713623
1433149488221 1 -20.005565643310547 -20.005565643310547 20.005565643310547
1433149490281 0 -0.0 -0.0784531980752945 10.512728691101074
1433149488322 1 3.295034408569336 -18.201141357421875 20.005565643310547
1433149490381 0 0.03922659903764725 -0.0 10.551955223083496
1433149488422 1 -10.82654094696045 -20.005565643310547 7.217694282531738
1433149490481 0 -0.0 -0.0784531980752945 10.473502159118652
1433149488522 1 -20.005565643310547 -20.005565643310547 10.43427562713623
1433149490582 0 -0.03922659903764725 -0.03922659903764725 10.43427562713623
1433149488623 1 20.005565643310547 -12.552511215209961 20.005565643310547
1433149490685 0 -0.03922659903764725 -0.0 10.473502159118652
1433149488723 1 -8.394492149353027 -20.005565643310547 11.650300025939941
1433149490786 0 -0.0 -0.11767979711294174 10.512728691101074
1433149488823 1 -20.005565643310547 -20.005565643310547 -5.256364345550537
1433149490887 0 -0.03922659903764725 -0.03922659903764725 10.512728691101074
1433149488923 1 20.005565643310547 12.513284683227539 4.746418476104736
1433149490987 0 0.03922659903764725 -0.0784531980752945 10.512728691101074
1433149489025 1 -20.005565643310547 -20.005565643310547 13.611629486083984
1433149491088 0 -0.0 -0.0784531980752945 10.473502159118652
1433149489126 1 -20.005565643310547 -20.005565643310547 -1.8436501026153564
1433149491188 0 -0.03922659903764725 -0.03922659903764725 10.43427562713623
1433149489225 1 20.005565643310547 12.277925491333008 20.005565643310547
1433149491289 0 0.0784531980752945 -0.11767979711294174 10.512728691101074
1433149489326 1 -20.005565643310547 -20.005565643310547 20.005565643310547
1433149491389 0 -0.03922659903764725 -0.03922659903764725 10.473502159118652
1433149489426 1 -10.081235885620117 -20.005565643310547 20.005565643310547
1433149491490 0 -0.03922659903764725 -0.0 10.473502159118652
1433149489527 1 20.005565643310547 -20.005565643310547 -3.1381278038024902
1433149491590 0 -0.0 -0.0784531980752945 10.43427562713623
1433149489628 1 -20.005565643310547 -20.005565643310547 -0.5883989930152893
1433149491691 0 -0.0 -0.0 10.551955223083496
1433149489729 1 20.005565643310547 -8.041452407836914 20.005565643310547
1433149491791 0 -0.0 -0.0 10.591181755065918
1433149489830 1 20.005565643310547 -20.005565643310547 1.255251169204712
1433149491892 0 0.11767979711294174 -0.0784531980752945 10.512728691101074
1433149489930 1 -20.005565643310547 -20.005565643310547 -16.71053123474121
1433149491994 0 -0.0784531980752945 0.03922659903764725 10.512728691101074
1433149490030 1 20.005565643310547 -8.590624809265137 20.005565643310547
1433149492094 0 0.03922659903764725 -0.03922659903764725 10.551955223083496
1433149490130 1 -20.005565643310547 -20.005565643310547 17.769649505615234
1433149492195 0 0.03922659903764725 -0.0784531980752945 10.551955223083496
1433149490231 1 -20.005565643310547 -19.966339111328125 9.061344146728516
1433149492296 0 -0.0 -0.0 10.551955223083496
1433149490333 1 20.005565643310547 14.553068161010742 -6.550841808319092
1433149492397 0 0.03922659903764725 -0.11767979711294174 10.551955223083496
1433149490434 1 -20.005565643310547 -20.005565643310547 8.355265617370605
1433149492498 0 -0.0 -0.0 10.551955223083496
1433149490534 1 -20.005565643310547 -10.120462417602539 13.846989631652832
1433149492599 0 0.03922659903764725 -0.03922659903764725 10.473502159118652
1433149490635 1 20.005565643310547 -20.005565643310547 1.1767979860305786
1433149492700 0 -0.0 -0.03922659903764725 10.473502159118652
1433149490736 1 -20.005565643310547 -20.005565643310547 -8.590624809265137
1433149492801 0 -0.0 -0.0784531980752945 10.551955223083496
1433149490836 1 20.005565643310547 20.005565643310547 -20.005565643310547
1433149492901 0 0.0784531980752945 -0.0784531980752945 10.551955223083496
1433149490937 1 -20.005565643310547 -20.005565643310547 20.005565643310547
1433149493001 0 -0.0 -0.0 10.551955223083496
1433149491038 1 -20.005565643310547 -4.864098072052002 0.9806649684906006
1433149493101 0 -0.0784531980752945 0.03922659903764725 10.395049095153809
1433149491138 1 20.005565643310547 -20.005565643310547 -4.197246074676514
1433149493201 0 -0.0 -0.03922659903764725 10.473502159118652
1433149491239 1 -20.005565643310547 -20.005565643310547 6.472388744354248
1433149493301 0 -0.0 -0.0 10.551955223083496
1433149491339 1 20.005565643310547 20.005565643310547 -19.730979919433594
