1432904759306 1 646.0
1432904760084 0 759.0
1432904760761 0 674.0
1432904761384 0 730.0
1432904761748 0 787.0
1432904761294 1 505.0
1432904762424 0 871.0
1432904761817 1 618.0
1432904762632 0 759.0
1432904762027 1 688.0
1432904762840 0 885.0
1432904763203 0 716.0
1432904763463 0 815.0
1432904763619 0 477.0
1432904763931 0 688.0
1432904764087 0 913.0
1432904763387 1 618.0
1432904764295 0 1026.0
1432904764607 0 1110.0
1432904765074 0 871.0
1432904765230 0 618.0
1432904765438 0 815.0
1432904765646 0 913.0
1432904766582 0 1068.0
1432904766789 0 1195.0
1432904767049 0 1307.0
1432904767829 0 1237.0
1432904768358 1 84.0
1432904768515 1 6.0
1432904769492 0 1153.0
1432904768933 1 5.0
1432904769875 1 5.0
1432904770817 1 423.0
1432904770974 1 126.0
1432904771132 1 13.0
1432904771288 1 2.0
1432904771549 1 2.0
1432904786175 0 1040.0
1432904786435 0 857.0
1432904786642 0 730.0
1432904786954 0 913.0
1432904787163 0 1040.0
1432904787682 0 491.0
1432904787838 0 1026.0
1432904788098 0 885.0
