1432848370893 1 0.0
1432848371094 1 0.0
1432848371294 1 0.0
1432848371494 1 0.0
1432848371694 1 0.0
1432848373725 0 2.0
1432848373882 0 2.0
1432848371894 1 0.0
1432848372094 1 0.0
1432848374039 0 2.0
1432848374245 0 3.0
1432848372294 1 0.0
1432848374454 0 5.0
1432848372494 1 1.0
1432848372694 1 1.0
1432848372893 1 2.0
1432848373094 1 3.0
1432848373294 1 4.0
1432848374818 0 6.0
1432848373494 1 5.0
1432848373694 1 5.0
1432848373894 1 5.0
1432848375129 0 10.0
1432848375388 0 14.0
1432848374094 1 3.0
1432848374293 1 3.0
1432848374494 1 2.0
1432848375800 0 12.0
1432848376217 0 17.0
1432848374693 1 2.0
1432848374894 1 2.0
1432848375094 1 2.0
1432848376427 0 22.0
1432848376686 0 28.0
1432848375294 1 2.0
1432848375494 1 2.0
1432848375693 1 2.0
1432848377048 0 2.0
1432848377203 0 2.0
1432848377361 0 2.0
1432848375894 1 2.0
1432848376094 1 2.0
1432848376293 1 2.0
1432848376493 1 5.0
1432848376693 1 90.0
1432848376894 1 121.0
1432848377094 1 133.0
1432848377294 1 137.0
1432848377494 1 137.0
1432848377694 1 137.0
1432848377894 1 132.0
1432848378094 1 128.0
1432848378293 1 129.0
1432848378494 1 126.0
1432848378693 1 119.0
1432848380990 0 2.0
1432848378894 1 117.0
1432848379094 1 2.0
1432848381148 0 2.0
1432848379294 1 1.0
1432848379494 1 1.0
1432848381304 0 14.0
1432848379693 1 0.0
1432848379894 1 0.0
1432848381458 0 33.0
1432848381616 0 12.0
1432848380094 1 0.0
1432848381874 0 37.0
1432848380293 1 0.0
1432848380493 1 0.0
1432848382029 0 56.0
1432848382237 0 116.0
1432848380694 1 0.0
1432848380894 1 0.0
1432848381094 1 0.0
1432848382446 0 123.0
1432848381294 1 0.0
1432848381494 1 0.0
1432848381694 1 0.0
1432848381894 1 0.0
1432848382094 1 0.0
1432848382294 1 0.0
1432848382493 1 0.0
1432848382693 1 0.0
1432848382893 1 0.0
1432848383093 1 0.0
1432848383293 1 0.0
1432848385196 0 8.0
1432848385353 0 2.0
1432848385506 0 2.0
1432848383494 1 1.0
1432848383694 1 2.0
1432848383894 1 3.0
1432848384093 1 3.0
1432848384293 1 3.0
1432848384494 1 3.0
1432848384694 1 17.0
1432848384894 1 123.0
1432848385094 1 128.0
1432848385294 1 127.0
1432848385494 1 123.0
1432848385694 1 128.0
1432848385893 1 125.0
1432848386093 1 112.0
1432848386293 1 103.0
1432848386494 1 117.0
1432848386694 1 115.0
1432848386894 1 116.0
1432848387094 1 125.0
1432848387294 1 121.0
1432848387494 1 118.0
1432848387694 1 114.0
1432848387893 1 124.0
1432848388093 1 29.0
1432848388293 1 33.0
1432848388494 1 43.0
1432848388694 1 134.0
1432848388894 1 353.0
1432848389094 1 312.0
1432848389294 1 163.0
1432848389494 1 60.0
1432848391529 0 2.0
1432848389694 1 1.0
1432848389894 1 6.0
1432848391684 0 36.0
1432848390093 1 0.0
1432848390293 1 0.0
1432848391840 0 156.0
1432848391996 0 285.0
1432848392151 0 275.0
1432848390494 1 0.0
1432848390694 1 0.0
1432848390894 1 0.0
1432848392826 0 267.0
1432848391094 1 0.0
1432848391293 1 0.0
1432848391494 1 0.0
1432848393289 0 327.0
1432848391694 1 0.0
1432848393760 0 353.0
1432848391894 1 0.0
1432848392094 1 0.0
1432848392293 1 0.0
1432848392494 1 0.0
1432848392693 1 0.0
1432848392894 1 0.0
1432848393094 1 0.0
1432848393294 1 0.0
1432848393494 1 0.0
1432848393694 1 0.0
1432848393893 1 0.0
1432848394093 1 0.0
1432848394293 1 0.0
1432848394494 1 0.0
1432848394694 1 0.0
1432848394894 1 0.0
1432848395094 1 0.0
1432848397186 0 29.0
1432848395294 1 0.0
1432848395494 1 2.0
1432848397341 0 6.0
1432848397493 0 2.0
1432848395694 1 6.0
1432848395894 1 0.0
1432848396093 1 12.0
1432848396293 1 21.0
1432848396494 1 23.0
1432848396694 1 27.0
1432848396894 1 37.0
1432848397094 1 414.0
1432848397294 1 409.0
1432848397494 1 411.0
1432848397694 1 414.0
1432848397893 1 408.0
1432848398093 1 415.0
1432848398295 1 419.0
1432848398494 1 419.0
1432848398694 1 433.0
1432848398894 1 434.0
1432848399094 1 429.0
1432848399293 1 426.0
1432848399494 1 428.0
1432848399694 1 432.0
1432848399893 1 427.0
1432848400093 1 422.0
1432848400294 1 423.0
1432848400493 1 425.0
1432848400693 1 428.0
1432848400894 1 427.0
1432848401094 1 422.0
1432848401294 1 425.0
1432848401494 1 424.0
