1433154799255 1 561.0
1433154799356 1 561.0
1433154799648 1 589.0
1433154801403 0 533.0
1433154799458 1 561.0
1433154799748 1 589.0
1433154799670 0 645.0
1433154801503 0 533.0
1433154799560 1 561.0
1433154799770 0 645.0
1433154799871 0 645.0
1433154799848 1 589.0
1433154801603 0 533.0
1433154799662 1 561.0
1433154799973 0 645.0
1433154799948 1 589.0
1433154801703 0 533.0
1433154799763 1 561.0
1433154800073 0 645.0
1433154800048 1 589.0
1433154801804 0 533.0
1433154799865 1 561.0
1433154800174 0 645.0
1433154800148 1 589.0
1433154801904 0 533.0
1433154799967 1 561.0
1433154800248 1 589.0
1433154800275 0 645.0
1433154802006 0 533.0
1433154800067 1 561.0
1433154800348 1 589.0
1433154800377 0 645.0
1433154802107 0 533.0
1433154800169 1 561.0
1433154800448 1 589.0
1433154800479 0 645.0
1433154802209 0 533.0
1433154800270 1 561.0
1433154800548 1 589.0
1433154800580 0 645.0
1433154802310 0 533.0
1433154800369 1 561.0
1433154800648 1 589.0
1433154800681 0 645.0
1433154802410 0 533.0
1433154800470 1 561.0
1433154800749 1 589.0
1433154800782 0 645.0
1433154802511 0 533.0
1433154800572 1 561.0
1433154800849 1 589.0
1433154800883 0 645.0
1433154802612 0 533.0
1433154800673 1 561.0
1433154800949 1 589.0
1433154800985 0 645.0
1433154802713 0 533.0
1433154800775 1 561.0
1433154801049 1 589.0
1433154801087 0 645.0
1433154802815 0 533.0
1433154800876 1 561.0
1433154801150 1 589.0
1433154801189 0 645.0
1433154802916 0 533.0
1433154800978 1 561.0
1433154801249 1 589.0
1433154801290 0 645.0
1433154803017 0 533.0
1433154801078 1 561.0
1433154801350 1 589.0
1433154801392 0 645.0
1433154803118 0 533.0
1433154801179 1 561.0
1433154801450 1 589.0
1433154801494 0 645.0
1433154803219 0 533.0
1433154801279 1 561.0
1433154801550 1 589.0
1433154801596 0 645.0
1433154803320 0 533.0
1433154801380 1 561.0
1433154801650 1 589.0
1433154803422 0 533.0
1433154801481 1 561.0
1433154801750 1 589.0
1433154801696 0 645.0
1433154803523 0 533.0
1433154801583 1 561.0
1433154801850 1 589.0
1433154801798 0 645.0
1433154803626 0 533.0
1433154801684 1 561.0
1433154801951 1 589.0
1433154801898 0 645.0
1433154803728 0 533.0
1433154801786 1 561.0
1433154802051 1 589.0
1433154801999 0 645.0
1433154802100 0 645.0
1433154802151 1 589.0
1433154801887 1 561.0
1433154802202 0 645.0
1433154803828 0 533.0
1433154803929 0 533.0
1433154802251 1 589.0
1433154801988 1 561.0
1433154802304 0 645.0
1433154804030 0 533.0
1433154802351 1 589.0
1433154802089 1 561.0
1433154802407 0 645.0
1433154804132 0 533.0
1433154802451 1 589.0
1433154802191 1 561.0
1433154802507 0 645.0
1433154804234 0 533.0
1433154802551 1 589.0
1433154802292 1 561.0
1433154802608 0 645.0
1433154804334 0 533.0
1433154802652 1 589.0
1433154802393 1 561.0
1433154802708 0 645.0
1433154804435 0 533.0
1433154802752 1 589.0
1433154802494 1 561.0
1433154802809 0 645.0
1433154804536 0 533.0
1433154802852 1 589.0
1433154802596 1 561.0
1433154802910 0 645.0
1433154804638 0 533.0
1433154802952 1 589.0
1433154802697 1 561.0
1433154803010 0 645.0
1433154804739 0 533.0
1433154803052 1 589.0
1433154802798 1 561.0
1433154803112 0 645.0
1433154804840 0 533.0
1433154803152 1 589.0
1433154802899 1 561.0
1433154803214 0 645.0
1433154804941 0 533.0
1433154803252 1 589.0
1433154802999 1 561.0
1433154803316 0 645.0
1433154805043 0 533.0
1433154803353 1 589.0
1433154803100 1 561.0
1433154803417 0 645.0
1433154805143 0 533.0
1433154803453 1 589.0
1433154803201 1 561.0
1433154803518 0 645.0
1433154805245 0 533.0
1433154803553 1 589.0
1433154803302 1 561.0
1433154803619 0 645.0
1433154805346 0 533.0
1433154803653 1 589.0
1433154803403 1 561.0
1433154803720 0 645.0
1433154805447 0 533.0
1433154803753 1 589.0
1433154803505 1 561.0
1433154803822 0 645.0
1433154805548 0 533.0
1433154803853 1 589.0
1433154803607 1 561.0
1433154803923 0 645.0
1433154803708 1 561.0
1433154803953 1 589.0
1433154804024 0 645.0
1433154804053 1 589.0
1433154805649 0 533.0
1433154803810 1 561.0
1433154804125 0 645.0
1433154805749 0 533.0
1433154805849 0 533.0
1433154804153 1 589.0
1433154803911 1 561.0
1433154804227 0 645.0
1433154805950 0 533.0
1433154804253 1 589.0
1433154804011 1 561.0
1433154804328 0 645.0
1433154804353 1 589.0
1433154804113 1 561.0
1433154804429 0 645.0
1433154806050 0 533.0
1433154806151 0 533.0
1433154804454 1 589.0
1433154804215 1 561.0
1433154804531 0 645.0
1433154806253 0 533.0
1433154804554 1 589.0
1433154804316 1 561.0
1433154804631 0 645.0
1433154806355 0 533.0
1433154804655 1 589.0
1433154804418 1 561.0
1433154804731 0 645.0
1433154806455 0 533.0
1433154804755 1 589.0
1433154804519 1 561.0
1433154804836 0 645.0
1433154806556 0 533.0
1433154804855 1 589.0
1433154804620 1 561.0
1433154804936 0 645.0
1433154806657 0 533.0
1433154804955 1 589.0
1433154804722 1 561.0
1433154805037 0 645.0
1433154806759 0 533.0
1433154805056 1 589.0
1433154804824 1 561.0
1433154805138 0 645.0
1433154806860 0 533.0
1433154805157 1 589.0
1433154804926 1 561.0
1433154805239 0 645.0
1433154806962 0 533.0
1433154805257 1 589.0
1433154805027 1 561.0
1433154805340 0 645.0
1433154807062 0 533.0
1433154805358 1 589.0
1433154805129 1 561.0
1433154805441 0 645.0
1433154807163 0 533.0
1433154805458 1 589.0
1433154805231 1 561.0
1433154805542 0 645.0
1433154807264 0 533.0
1433154805558 1 589.0
1433154805333 1 561.0
1433154805643 0 645.0
1433154807366 0 533.0
1433154805658 1 589.0
1433154805435 1 561.0
1433154805744 0 645.0
1433154807468 0 533.0
1433154805758 1 589.0
1433154805537 1 561.0
1433154805845 0 645.0
1433154807570 0 533.0
1433154805859 1 589.0
1433154805639 1 561.0
1433154805946 0 645.0
1433154807672 0 533.0
1433154805959 1 589.0
1433154806047 0 645.0
1433154807773 0 533.0
1433154806060 1 589.0
1433154806147 0 645.0
1433154805741 1 561.0
1433154807874 0 533.0
1433154806160 1 589.0
1433154805841 1 561.0
1433154805942 1 561.0
1433154806249 0 645.0
1433154807976 0 533.0
1433154806261 1 589.0
1433154806043 1 561.0
1433154806351 0 645.0
1433154808077 0 533.0
1433154806361 1 589.0
1433154806144 1 561.0
1433154806452 0 645.0
1433154808178 0 533.0
1433154806461 1 589.0
1433154806246 1 561.0
1433154806554 0 645.0
1433154808280 0 533.0
1433154806561 1 589.0
1433154806348 1 561.0
1433154806655 0 645.0
1433154808382 0 533.0
1433154806662 1 589.0
1433154806449 1 561.0
1433154806756 0 645.0
1433154808484 0 533.0
1433154806762 1 589.0
1433154806552 1 561.0
1433154806858 0 645.0
1433154806862 1 589.0
1433154808585 0 533.0
1433154806653 1 561.0
1433154806959 0 645.0
1433154808686 0 533.0
1433154806962 1 589.0
1433154806755 1 561.0
1433154807060 0 645.0
1433154808786 0 533.0
1433154807063 1 589.0
1433154806857 1 561.0
1433154808887 0 533.0
1433154807163 1 589.0
1433154806959 1 561.0
1433154807161 0 645.0
1433154807262 0 645.0
1433154808988 0 533.0
1433154807263 1 589.0
1433154807060 1 561.0
1433154807364 0 645.0
1433154809090 0 533.0
1433154807363 1 589.0
1433154807161 1 561.0
1433154807466 0 645.0
1433154809191 0 533.0
1433154807463 1 589.0
1433154807263 1 561.0
1433154807567 0 645.0
1433154809292 0 533.0
1433154807564 1 589.0
1433154807364 1 561.0
1433154807668 0 645.0
1433154807664 1 589.0
1433154809394 0 533.0
1433154807466 1 561.0
1433154807770 0 645.0
1433154807764 1 589.0
1433154809497 0 533.0
1433154807568 1 561.0
1433154807870 0 645.0
1433154807864 1 589.0
1433154809598 0 533.0
1433154807668 1 561.0
1433154807972 0 645.0
1433154807965 1 589.0
1433154809699 0 533.0
1433154807770 1 561.0
1433154808072 0 645.0
1433154808065 1 589.0
1433154809801 0 533.0
1433154807870 1 561.0
1433154808174 0 645.0
1433154808165 1 589.0
1433154809902 0 533.0
1433154807972 1 561.0
1433154808276 0 645.0
1433154808265 1 589.0
1433154810003 0 533.0
1433154808072 1 561.0
1433154808378 0 645.0
1433154808365 1 589.0
1433154810103 0 533.0
1433154808173 1 561.0
1433154808478 0 645.0
1433154808466 1 589.0
1433154810203 0 533.0
1433154808274 1 561.0
1433154808565 1 589.0
1433154810304 0 533.0
1433154808376 1 561.0
1433154808579 0 645.0
1433154808666 1 589.0
1433154810405 0 533.0
1433154808477 1 561.0
1433154808680 0 645.0
1433154808781 0 645.0
1433154808767 1 589.0
1433154810506 0 533.0
1433154808579 1 561.0
1433154808882 0 645.0
1433154808868 1 589.0
1433154810608 0 533.0
1433154808680 1 561.0
1433154808984 0 645.0
1433154808968 1 589.0
1433154810709 0 533.0
1433154808781 1 561.0
1433154809085 0 645.0
1433154809069 1 589.0
1433154810810 0 533.0
1433154808882 1 561.0
1433154809187 0 645.0
1433154809169 1 589.0
1433154810912 0 533.0
1433154808985 1 561.0
1433154809288 0 645.0
1433154809270 1 589.0
1433154811014 0 533.0
1433154809086 1 561.0
1433154809390 0 645.0
1433154809370 1 589.0
1433154811114 0 533.0
1433154809188 1 561.0
1433154809491 0 645.0
1433154809470 1 589.0
1433154811216 0 533.0
1433154809289 1 561.0
1433154809592 0 645.0
1433154809570 1 589.0
1433154811317 0 533.0
1433154809391 1 561.0
1433154809693 0 645.0
1433154809670 1 589.0
1433154811419 0 533.0
1433154809491 1 561.0
1433154809795 0 645.0
1433154809770 1 589.0
1433154811519 0 533.0
1433154809593 1 561.0
1433154809896 0 645.0
1433154809871 1 589.0
1433154811621 0 533.0
1433154809695 1 561.0
1433154809998 0 645.0
1433154809972 1 589.0
1433154811723 0 533.0
1433154809797 1 561.0
1433154810100 0 645.0
1433154810071 1 589.0
1433154811825 0 533.0
1433154809899 1 561.0
1433154810202 0 645.0
1433154810172 1 589.0
1433154811928 0 533.0
1433154809999 1 561.0
1433154810301 0 645.0
1433154810272 1 589.0
1433154812029 0 533.0
1433154810101 1 561.0
1433154810403 0 645.0
1433154810372 1 589.0
1433154812131 0 533.0
1433154810202 1 561.0
1433154810505 0 645.0
1433154810472 1 589.0
1433154812233 0 533.0
1433154810303 1 561.0
1433154810572 1 589.0
1433154810607 0 645.0
1433154812335 0 533.0
1433154810405 1 561.0
1433154810672 1 589.0
1433154810708 0 645.0
1433154812437 0 533.0
1433154810809 0 645.0
1433154810506 1 561.0
1433154810772 1 589.0
1433154812537 0 533.0
1433154810607 1 561.0
1433154810872 1 589.0
1433154810910 0 645.0
1433154812639 0 533.0
1433154810707 1 561.0
1433154810973 1 589.0
1433154811010 0 645.0
1433154812739 0 533.0
1433154810809 1 561.0
1433154811073 1 589.0
1433154811112 0 645.0
1433154812839 0 533.0
1433154810909 1 561.0
1433154811173 1 589.0
1433154811213 0 645.0
1433154812940 0 533.0
1433154811010 1 561.0
1433154811274 1 589.0
1433154811314 0 645.0
1433154813041 0 533.0
1433154811111 1 561.0
1433154811373 1 589.0
1433154811416 0 645.0
1433154813143 0 533.0
1433154811212 1 561.0
1433154811474 1 589.0
1433154811517 0 645.0
1433154813244 0 533.0
1433154811314 1 561.0
1433154811574 1 589.0
1433154811618 0 645.0
1433154813346 0 533.0
1433154811675 1 589.0
1433154811417 1 561.0
1433154811720 0 645.0
1433154813447 0 533.0
1433154811775 1 589.0
1433154811518 1 561.0
1433154811821 0 645.0
1433154813548 0 533.0
1433154811619 1 561.0
1433154811875 1 589.0
1433154811923 0 645.0
1433154813650 0 533.0
1433154811975 1 589.0
1433154811721 1 561.0
1433154812024 0 645.0
1433154813751 0 533.0
1433154812076 1 589.0
1433154811823 1 561.0
1433154812126 0 645.0
1433154813852 0 533.0
1433154812177 1 589.0
1433154811925 1 561.0
1433154812228 0 645.0
1433154813954 0 533.0
1433154812277 1 589.0
1433154812028 1 561.0
1433154812330 0 645.0
1433154814056 0 533.0
1433154812377 1 589.0
1433154812130 1 561.0
1433154812431 0 645.0
1433154814158 0 533.0
1433154812478 1 589.0
1433154812232 1 561.0
1433154812533 0 645.0
1433154814260 0 533.0
1433154812578 1 589.0
1433154812334 1 561.0
1433154812633 0 645.0
1433154814360 0 533.0
1433154812678 1 589.0
1433154812436 1 561.0
1433154812735 0 645.0
1433154814461 0 533.0
1433154812778 1 589.0
1433154812538 1 561.0
1433154812835 0 645.0
1433154814563 0 533.0
1433154812879 1 589.0
1433154812639 1 561.0
1433154812937 0 645.0
1433154814663 0 533.0
1433154812979 1 589.0
1433154813038 0 645.0
1433154814766 0 533.0
1433154813080 1 589.0
1433154813140 0 645.0
1433154812739 1 561.0
1433154812840 1 561.0
1433154814866 0 533.0
1433154813180 1 589.0
1433154812940 1 561.0
1433154813241 0 645.0
1433154814968 0 533.0
1433154813281 1 589.0
1433154813041 1 561.0
1433154813342 0 645.0
1433154815070 0 533.0
1433154813381 1 589.0
1433154813143 1 561.0
1433154813442 0 645.0
1433154815172 0 533.0
1433154813481 1 589.0
1433154813245 1 561.0
1433154813543 0 645.0
1433154815273 0 533.0
1433154813581 1 589.0
1433154813347 1 561.0
1433154813644 0 645.0
1433154815375 0 533.0
1433154813681 1 589.0
1433154813449 1 561.0
1433154813746 0 645.0
1433154815477 0 533.0
1433154813781 1 589.0
1433154813551 1 561.0
1433154813848 0 645.0
1433154815579 0 533.0
1433154813882 1 589.0
1433154813653 1 561.0
1433154813950 0 645.0
1433154815680 0 533.0
1433154813983 1 589.0
1433154813755 1 561.0
1433154814051 0 645.0
1433154815781 0 533.0
1433154814083 1 589.0
1433154813857 1 561.0
1433154814152 0 645.0
1433154815883 0 533.0
1433154814184 1 589.0
1433154814253 0 645.0
1433154813959 1 561.0
1433154815985 0 533.0
1433154814284 1 589.0
1433154814354 0 645.0
1433154816087 0 533.0
1433154814384 1 589.0
1433154814454 0 645.0
1433154814059 1 561.0
1433154814160 1 561.0
1433154816189 0 533.0
1433154814484 1 589.0
1433154814555 0 645.0
1433154814262 1 561.0
1433154816291 0 533.0
1433154814584 1 589.0
1433154814657 0 645.0
1433154814364 1 561.0
1433154816394 0 533.0
1433154814684 1 589.0
1433154814759 0 645.0
1433154814466 1 561.0
1433154816494 0 533.0
1433154814784 1 589.0
1433154814568 1 561.0
1433154816595 0 533.0
1433154814884 1 589.0
1433154814860 0 645.0
1433154814961 0 645.0
1433154814669 1 561.0
1433154816697 0 533.0
1433154814984 1 589.0
1433154815062 0 645.0
1433154814770 1 561.0
1433154816798 0 533.0
1433154815084 1 589.0
1433154815163 0 645.0
1433154814870 1 561.0
1433154816898 0 533.0
1433154815184 1 589.0
1433154815265 0 645.0
1433154814971 1 561.0
1433154817001 0 533.0
1433154815284 1 589.0
1433154815071 1 561.0
1433154815367 0 645.0
1433154817100 0 533.0
1433154815384 1 589.0
1433154815172 1 561.0
1433154815468 0 645.0
1433154817201 0 533.0
1433154815484 1 589.0
1433154815273 1 561.0
1433154815570 0 645.0
1433154817301 0 533.0
1433154815584 1 589.0
1433154815375 1 561.0
1433154817402 0 533.0
1433154815684 1 589.0
1433154815477 1 561.0
1433154815670 0 645.0
1433154815770 0 645.0
1433154817502 0 533.0
1433154815784 1 589.0
1433154815578 1 561.0
1433154817604 0 533.0
1433154815884 1 589.0
1433154815870 0 645.0
1433154815679 1 561.0
1433154817705 0 533.0
1433154815985 1 589.0
1433154815972 0 645.0
1433154815780 1 561.0
1433154817807 0 533.0
1433154816085 1 589.0
1433154816072 0 645.0
1433154815881 1 561.0
1433154817908 0 533.0
1433154816185 1 589.0
1433154816173 0 645.0
1433154815983 1 561.0
1433154818010 0 533.0
1433154816285 1 589.0
1433154816273 0 645.0
1433154816374 0 645.0
1433154816084 1 561.0
1433154818110 0 533.0
1433154816385 1 589.0
1433154816474 0 645.0
1433154816185 1 561.0
1433154818212 0 533.0
1433154816485 1 589.0
1433154816574 0 645.0
1433154816286 1 561.0
1433154818313 0 533.0
1433154816585 1 589.0
1433154816675 0 645.0
1433154816388 1 561.0
1433154818414 0 533.0
1433154816685 1 589.0
1433154816775 0 645.0
1433154816489 1 561.0
1433154818514 0 533.0
1433154816786 1 589.0
1433154816875 0 645.0
1433154816591 1 561.0
1433154818616 0 533.0
1433154816886 1 589.0
1433154816976 0 645.0
1433154816692 1 561.0
1433154818716 0 533.0
1433154816986 1 589.0
1433154817077 0 645.0
1433154816794 1 561.0
1433154818818 0 533.0
1433154817086 1 589.0
1433154817178 0 645.0
1433154816895 1 561.0
1433154818919 0 533.0
1433154817186 1 589.0
1433154817279 0 645.0
1433154816996 1 561.0
1433154819021 0 533.0
1433154817287 1 589.0
1433154817380 0 645.0
1433154817097 1 561.0
1433154819123 0 533.0
1433154817386 1 589.0
1433154817481 0 645.0
1433154817197 1 561.0
1433154819224 0 533.0
1433154817487 1 589.0
1433154817582 0 645.0
1433154817298 1 561.0
1433154819326 0 533.0
1433154817587 1 589.0
1433154817683 0 645.0
1433154817400 1 561.0
1433154819428 0 533.0
1433154817688 1 589.0
1433154817786 0 645.0
1433154817502 1 561.0
1433154819530 0 533.0
1433154817788 1 589.0
1433154817888 0 645.0
1433154817603 1 561.0
1433154817888 1 589.0
1433154819632 0 533.0
1433154817989 0 645.0
1433154817704 1 561.0
1433154819732 0 533.0
1433154817988 1 589.0
1433154818090 0 645.0
1433154817805 1 561.0
1433154818088 1 589.0
1433154819833 0 533.0
1433154817906 1 561.0
1433154818189 1 589.0
1433154819934 0 533.0
1433154818190 0 645.0
1433154818290 0 645.0
1433154818006 1 561.0
1433154818288 1 589.0
1433154820036 0 533.0
1433154818390 0 645.0
1433154818389 1 589.0
1433154820137 0 533.0
1433154818490 0 645.0
1433154818107 1 561.0
1433154818489 1 589.0
1433154820239 0 533.0
1433154818591 0 645.0
1433154818207 1 561.0
1433154818308 1 561.0
1433154818590 1 589.0
1433154820341 0 533.0
1433154818693 0 645.0
1433154818410 1 561.0
1433154818690 1 589.0
1433154820440 0 533.0
1433154818793 0 645.0
1433154818511 1 561.0
1433154818791 1 589.0
1433154818894 0 645.0
1433154818613 1 561.0
1433154818891 1 589.0
1433154820543 0 533.0
1433154818996 0 645.0
1433154818715 1 561.0
1433154818991 1 589.0
1433154820644 0 533.0
1433154819099 0 645.0
1433154818817 1 561.0
1433154819091 1 589.0
1433154820744 0 533.0
1433154819201 0 645.0
1433154818918 1 561.0
1433154819191 1 589.0
1433154820846 0 533.0
1433154820947 0 533.0
1433154819302 0 645.0
1433154819019 1 561.0
1433154819291 1 589.0
1433154821048 0 533.0
1433154819404 0 645.0
1433154819121 1 561.0
1433154819391 1 589.0
1433154821150 0 533.0
1433154819505 0 645.0
1433154819222 1 561.0
1433154819491 1 589.0
1433154821253 0 533.0
1433154819606 0 645.0
1433154819323 1 561.0
1433154819591 1 589.0
1433154821354 0 533.0
1433154819706 0 645.0
1433154819424 1 561.0
1433154819691 1 589.0
1433154819808 0 645.0
1433154819525 1 561.0
1433154819791 1 589.0
1433154819909 0 645.0
1433154819627 1 561.0
1433154819891 1 589.0
1433154820009 0 645.0
1433154819729 1 561.0
1433154819992 1 589.0
1433154821454 0 533.0
1433154820110 0 645.0
1433154821555 0 533.0
1433154821656 0 533.0
1433154821757 0 533.0
1433154819830 1 561.0
1433154820092 1 589.0
1433154821858 0 533.0
1433154820211 0 645.0
1433154819932 1 561.0
1433154820192 1 589.0
1433154821960 0 533.0
1433154820312 0 645.0
1433154820034 1 561.0
1433154820292 1 589.0
1433154822062 0 533.0
1433154820412 0 645.0
1433154820135 1 561.0
1433154820392 1 589.0
1433154822164 0 533.0
1433154820512 0 645.0
1433154820237 1 561.0
1433154820492 1 589.0
1433154822266 0 533.0
1433154820614 0 645.0
1433154820339 1 561.0
1433154820592 1 589.0
1433154822368 0 533.0
1433154820714 0 645.0
1433154820441 1 561.0
1433154820692 1 589.0
1433154822469 0 533.0
1433154820815 0 645.0
1433154820543 1 561.0
1433154820792 1 589.0
1433154822571 0 533.0
1433154820892 1 589.0
1433154820644 1 561.0
1433154820916 0 645.0
1433154820745 1 561.0
1433154820992 1 589.0
1433154822672 0 533.0
1433154821016 0 645.0
1433154821117 0 645.0
1433154821093 1 589.0
1433154820846 1 561.0
1433154822772 0 533.0
1433154822873 0 533.0
1433154821219 0 645.0
1433154821192 1 589.0
1433154820948 1 561.0
1433154822975 0 533.0
1433154821321 0 645.0
1433154821293 1 589.0
1433154821048 1 561.0
1433154823077 0 533.0
1433154821422 0 645.0
1433154821393 1 589.0
1433154821150 1 561.0
1433154823179 0 533.0
1433154821523 0 645.0
1433154821494 1 589.0
1433154821252 1 561.0
1433154823281 0 533.0
1433154821624 0 645.0
1433154821594 1 589.0
1433154821353 1 561.0
1433154823382 0 533.0
1433154821724 0 645.0
1433154821695 1 589.0
1433154821455 1 561.0
1433154823483 0 533.0
1433154821826 0 645.0
1433154821795 1 589.0
1433154821556 1 561.0
1433154823583 0 533.0
1433154821927 0 645.0
1433154821895 1 589.0
1433154821658 1 561.0
1433154823685 0 533.0
1433154822027 0 645.0
1433154821995 1 589.0
1433154821759 1 561.0
1433154823788 0 533.0
1433154822128 0 645.0
1433154822095 1 589.0
1433154821861 1 561.0
1433154823889 0 533.0
1433154822232 0 645.0
1433154822195 1 589.0
1433154821962 1 561.0
1433154823991 0 533.0
1433154822333 0 645.0
1433154822295 1 589.0
1433154822063 1 561.0
1433154824092 0 533.0
1433154822433 0 645.0
1433154822396 1 589.0
1433154822165 1 561.0
1433154824194 0 533.0
1433154822534 0 645.0
1433154822495 1 589.0
1433154822267 1 561.0
1433154824297 0 533.0
1433154822635 0 645.0
1433154822596 1 589.0
1433154822369 1 561.0
1433154824399 0 533.0
1433154822735 0 645.0
1433154822696 1 589.0
1433154824500 0 533.0
1433154822836 0 645.0
1433154822797 1 589.0
1433154822470 1 561.0
1433154822571 1 561.0
1433154824600 0 533.0
1433154822936 0 645.0
1433154822898 1 589.0
1433154822672 1 561.0
1433154824700 0 533.0
1433154823037 0 645.0
1433154822999 1 589.0
1433154822773 1 561.0
1433154824802 0 533.0
1433154823098 1 589.0
1433154823139 0 645.0
1433154822874 1 561.0
1433154824902 0 533.0
1433154823199 1 589.0
1433154823240 0 645.0
1433154822976 1 561.0
1433154825003 0 533.0
1433154823299 1 589.0
1433154823341 0 645.0
1433154823077 1 561.0
1433154825104 0 533.0
1433154823399 1 589.0
1433154823442 0 645.0
1433154823177 1 561.0
1433154825206 0 533.0
1433154823499 1 589.0
1433154823544 0 645.0
1433154823278 1 561.0
1433154825307 0 533.0
1433154823599 1 589.0
1433154823645 0 645.0
1433154823380 1 561.0
1433154825409 0 533.0
1433154823699 1 589.0
1433154823745 0 645.0
1433154823481 1 561.0
1433154825509 0 533.0
1433154823799 1 589.0
1433154823845 0 645.0
1433154823583 1 561.0
1433154825610 0 533.0
1433154823900 1 589.0
1433154823948 0 645.0
1433154823684 1 561.0
1433154825710 0 533.0
1433154824000 1 589.0
1433154824049 0 645.0
1433154823786 1 561.0
1433154825810 0 533.0
1433154824100 1 589.0
1433154824151 0 645.0
1433154823887 1 561.0
1433154825912 0 533.0
1433154824200 1 589.0
1433154824253 0 645.0
1433154823987 1 561.0
1433154826014 0 533.0
1433154824301 1 589.0
1433154824354 0 645.0
1433154824088 1 561.0
1433154826116 0 533.0
1433154824401 1 589.0
1433154824454 0 645.0
1433154824189 1 561.0
1433154826218 0 533.0
1433154824502 1 589.0
1433154824556 0 645.0
1433154824291 1 561.0
1433154826319 0 533.0
1433154824602 1 589.0
1433154824658 0 645.0
1433154824393 1 561.0
1433154826420 0 533.0
1433154824703 1 589.0
1433154824760 0 645.0
1433154824495 1 561.0
1433154826522 0 533.0
1433154824803 1 589.0
1433154824860 0 645.0
1433154824597 1 561.0
1433154826623 0 533.0
1433154824903 1 589.0
1433154824961 0 645.0
1433154826724 0 533.0
1433154825003 1 589.0
1433154825062 0 645.0
1433154824698 1 561.0
1433154824799 1 561.0
1433154826824 0 533.0
1433154825103 1 589.0
1433154825163 0 645.0
1433154824900 1 561.0
1433154826925 0 533.0
1433154825203 1 589.0
1433154825265 0 645.0
1433154825000 1 561.0
1433154827027 0 533.0
1433154825303 1 589.0
1433154825367 0 645.0
1433154825101 1 561.0
1433154827129 0 533.0
1433154825404 1 589.0
1433154825468 0 645.0
1433154825202 1 561.0
1433154827230 0 533.0
1433154825504 1 589.0
1433154825569 0 645.0
1433154825303 1 561.0
1433154827332 0 533.0
1433154825605 1 589.0
1433154825669 0 645.0
1433154825405 1 561.0
1433154827434 0 533.0
1433154825705 1 589.0
1433154825770 0 645.0
1433154825506 1 561.0
1433154827536 0 533.0
1433154825806 1 589.0
1433154825870 0 645.0
1433154825608 1 561.0
1433154827637 0 533.0
1433154825906 1 589.0
1433154825972 0 645.0
1433154825709 1 561.0
1433154827737 0 533.0
1433154826006 1 589.0
1433154826072 0 645.0
1433154825811 1 561.0
1433154827837 0 533.0
1433154826106 1 589.0
1433154826174 0 645.0
1433154825913 1 561.0
1433154827938 0 533.0
1433154826207 1 589.0
1433154826275 0 645.0
1433154826015 1 561.0
1433154828040 0 533.0
1433154826307 1 589.0
1433154826377 0 645.0
1433154826116 1 561.0
1433154828142 0 533.0
1433154826408 1 589.0
1433154826216 1 561.0
1433154828244 0 533.0
1433154826508 1 589.0
1433154826478 0 645.0
1433154826318 1 561.0
1433154828346 0 533.0
1433154826608 1 589.0
1433154826579 0 645.0
1433154826680 0 645.0
1433154826420 1 561.0
1433154828447 0 533.0
1433154826708 1 589.0
1433154826782 0 645.0
1433154826522 1 561.0
1433154826808 1 589.0
1433154828549 0 533.0
1433154826883 0 645.0
1433154826624 1 561.0
1433154826909 1 589.0
1433154828650 0 533.0
1433154826984 0 645.0
1433154826726 1 561.0
1433154827009 1 589.0
1433154828752 0 533.0
1433154826828 1 561.0
1433154827109 1 589.0
1433154828853 0 533.0
1433154827085 0 645.0
1433154827185 0 645.0
1433154826930 1 561.0
1433154827209 1 589.0
1433154828954 0 533.0
1433154827288 0 645.0
1433154827032 1 561.0
1433154827309 1 589.0
1433154829056 0 533.0
1433154827389 0 645.0
1433154827135 1 561.0
1433154827409 1 589.0
1433154829158 0 533.0
1433154827491 0 645.0
1433154827237 1 561.0
1433154827509 1 589.0
1433154829260 0 533.0
1433154827593 0 645.0
1433154827339 1 561.0
1433154827610 1 589.0
1433154829362 0 533.0
1433154827695 0 645.0
1433154827440 1 561.0
1433154827710 1 589.0
1433154829464 0 533.0
1433154827796 0 645.0
1433154827542 1 561.0
1433154827811 1 589.0
1433154829565 0 533.0
1433154827897 0 645.0
1433154827644 1 561.0
1433154827911 1 589.0
1433154829665 0 533.0
1433154827997 0 645.0
1433154827746 1 561.0
1433154828011 1 589.0
1433154829767 0 533.0
1433154828099 0 645.0
1433154827848 1 561.0
1433154828111 1 589.0
1433154829869 0 533.0
1433154828200 0 645.0
1433154827949 1 561.0
1433154828211 1 589.0
1433154828302 0 645.0
1433154828051 1 561.0
1433154828312 1 589.0
1433154829970 0 533.0
1433154830069 0 533.0
1433154828404 0 645.0
1433154828152 1 561.0
1433154828411 1 589.0
1433154830171 0 533.0
1433154828506 0 645.0
1433154828255 1 561.0
1433154828512 1 589.0
1433154830271 0 533.0
1433154828608 0 645.0
1433154828356 1 561.0
1433154828612 1 589.0
1433154830372 0 533.0
1433154828710 0 645.0
1433154828458 1 561.0
1433154828712 1 589.0
1433154830473 0 533.0
1433154828811 0 645.0
1433154828560 1 561.0
1433154828812 1 589.0
1433154830575 0 533.0
1433154828912 0 645.0
1433154828662 1 561.0
1433154828912 1 589.0
1433154830677 0 533.0
1433154829012 0 645.0
1433154829012 1 589.0
1433154828763 1 561.0
1433154830778 0 533.0
1433154829113 0 645.0
1433154829112 1 589.0
1433154828866 1 561.0
1433154830880 0 533.0
1433154829215 0 645.0
1433154829212 1 589.0
1433154828968 1 561.0
1433154830980 0 533.0
1433154829316 0 645.0
1433154829312 1 589.0
1433154829069 1 561.0
1433154831082 0 533.0
1433154829417 0 645.0
1433154829413 1 589.0
1433154829172 1 561.0
1433154831184 0 533.0
1433154829519 0 645.0
1433154829512 1 589.0
1433154829273 1 561.0
1433154831286 0 533.0
1433154829620 0 645.0
1433154829613 1 589.0
1433154829374 1 561.0
