1433024469532 0 11.0
1433024469632 0 11.0
1433024469710 1 20.0
1433024469732 0 11.0
1433024469832 0 11.0
1433024469932 0 11.0
1433024470032 0 11.0
1433024470133 0 11.0
1433024470233 0 11.0
1433024470333 0 11.0
1433024470434 0 11.0
1433024470534 0 11.0
1433024470634 0 11.0
1433024470734 0 11.0
1433024470835 0 11.0
1433024470936 0 11.0
1433024471037 0 11.0
1433024471137 0 11.0
1433024471237 0 11.0
1433024471337 0 11.0
1433024471437 0 11.0
1433024471538 0 11.0
1433024471638 0 11.0
1433024471739 0 11.0
1433024471839 0 11.0
1433024471940 0 11.0
1433024472040 0 11.0
1433024472140 0 11.0
1433024472241 0 11.0
1433024472341 0 11.0
1433024469811 1 20.0
1433024469911 1 20.0
1433024470013 1 20.0
1433024470114 1 20.0
1433024470216 1 20.0
1433024470318 1 20.0
1433024470420 1 20.0
1433024470521 1 20.0
1433024470622 1 20.0
1433024470723 1 20.0
1433024470825 1 20.0
1433024470927 1 20.0
1433024471028 1 20.0
1433024471130 1 20.0
1433024471232 1 20.0
1433024471333 1 20.0
1433024471435 1 20.0
1433024471536 1 20.0
1433024471637 1 20.0
1433024471738 1 20.0
1433024471838 1 20.0
1433024471940 1 20.0
1433024472040 1 20.0
1433024472141 1 20.0
1433024472241 1 20.0
1433024472342 1 20.0
1433024472442 0 11.0
1433024472542 0 11.0
1433024472643 0 11.0
1433024472444 1 20.0
1433024472544 1 20.0
1433024472645 1 20.0
1433024472746 1 20.0
1433024472846 1 20.0
1433024472743 0 11.0
1433024472843 0 11.0
1433024472943 0 11.0
1433024472947 1 20.0
1433024473048 1 20.0
1433024473043 0 11.0
1433024473144 0 11.0
1433024473243 0 11.0
1433024473343 0 11.0
1433024473443 0 11.0
1433024473544 0 11.0
1433024473149 1 20.0
1433024473250 1 20.0
1433024473351 1 20.0
1433024473453 1 20.0
1433024473555 1 20.0
1433024473657 1 20.0
1433024473643 0 11.0
1433024473744 0 11.0
1433024473844 0 11.0
1433024473945 0 11.0
1433024474045 0 11.0
1433024474145 0 11.0
1433024473757 1 20.0
1433024473858 1 20.0
1433024473958 1 20.0
1433024474060 1 20.0
1433024474162 1 20.0
1433024474263 1 20.0
1433024474245 0 11.0
1433024474346 0 11.0
1433024474446 0 11.0
1433024474546 0 11.0
1433024474646 0 11.0
1433024474746 0 11.0
1433024474364 1 20.0
1433024474467 1 20.0
1433024474569 1 20.0
1433024474670 1 20.0
1433024474770 1 20.0
1433024474870 1 20.0
1433024474846 0 11.0
1433024474946 0 11.0
1433024475048 0 11.0
1433024475149 0 11.0
1433024475249 0 11.0
1433024475348 0 11.0
1433024475449 0 11.0
1433024475549 0 11.0
1433024475650 0 11.0
1433024475750 0 11.0
1433024475850 0 11.0
1433024475950 0 11.0
1433024476050 0 11.0
1433024474970 1 20.0
1433024475070 1 20.0
1433024475171 1 20.0
1433024475272 1 20.0
1433024475373 1 20.0
1433024475474 1 20.0
1433024475576 1 20.0
1433024475676 1 20.0
1433024475778 1 20.0
1433024475879 1 20.0
1433024475980 1 20.0
1433024476081 1 20.0
1433024476150 0 11.0
1433024476251 0 11.0
1433024476351 0 11.0
1433024476452 0 11.0
1433024476552 0 11.0
1433024476653 0 11.0
1433024476181 1 20.0
1433024476283 1 20.0
1433024476384 1 20.0
1433024476483 1 20.0
1433024476583 1 20.0
1433024476683 1 20.0
1433024476753 0 11.0
1433024476853 0 11.0
1433024476953 0 11.0
1433024477053 0 11.0
1433024477153 0 11.0
1433024477253 0 11.0
1433024476784 1 20.0
1433024476885 1 20.0
1433024476987 1 20.0
1433024477088 1 20.0
1433024477189 1 20.0
1433024477353 0 11.0
1433024477453 0 11.0
1433024477554 0 11.0
1433024477289 1 20.0
1433024477389 1 20.0
1433024477490 1 20.0
1433024477591 1 20.0
1433024477653 0 11.0
1433024477754 0 11.0
1433024477854 0 11.0
1433024477955 0 11.0
1433024478056 0 11.0
1433024477691 1 20.0
1433024478157 0 11.0
1433024477792 1 20.0
1433024477894 1 20.0
1433024477995 1 20.0
1433024478097 1 20.0
1433024478197 1 20.0
1433024478258 0 11.0
1433024478358 0 11.0
1433024478459 0 11.0
1433024478301 1 20.0
1433024478401 1 20.0
1433024478501 1 20.0
1433024478602 1 20.0
1433024478559 0 11.0
1433024478659 0 11.0
1433024478759 0 11.0
1433024478859 0 11.0
1433024478959 0 11.0
1433024479059 0 11.0
1433024478704 1 20.0
1433024478803 1 20.0
1433024478904 1 20.0
1433024479005 1 20.0
1433024479104 1 20.0
1433024479204 1 20.0
1433024479159 0 11.0
1433024479259 0 11.0
1433024479360 0 11.0
1433024479459 0 11.0
1433024479560 0 11.0
1433024479660 0 11.0
1433024479305 1 20.0
1433024479407 1 20.0
1433024479508 1 20.0
1433024479610 1 20.0
1433024479711 1 20.0
1433024479811 1 20.0
1433024479761 0 11.0
1433024479861 0 11.0
1433024479962 0 11.0
1433024480062 0 11.0
1433024480162 0 11.0
1433024480262 0 11.0
1433024479912 1 20.0
1433024480012 1 20.0
1433024480113 1 20.0
1433024480215 1 20.0
1433024480317 1 20.0
1433024480419 1 20.0
1433024480362 0 11.0
1433024480462 0 11.0
1433024480562 0 11.0
1433024480662 0 11.0
1433024480762 0 11.0
1433024480862 0 11.0
1433024480962 0 11.0
1433024480520 1 20.0
1433024480622 1 20.0
1433024480723 1 20.0
1433024480825 1 20.0
1433024480926 1 22.0
1433024481026 1 46.0
1433024481062 0 11.0
1433024481127 1 58.0
1433024481228 1 52.0
1433024481162 0 11.0
1433024481262 0 11.0
1433024481362 0 11.0
1433024481462 0 11.0
1433024481562 0 11.0
1433024481329 1 5.0
1433024481429 1 4.0
1433024481530 1 29.0
1433024481632 1 90.0
1433024481662 0 11.0
1433024481762 0 11.0
1433024481862 0 11.0
1433024481962 0 11.0
1433024482062 0 11.0
1433024482162 0 11.0
1433024482263 0 11.0
1433024482363 0 11.0
1433024482463 0 9.0
1433024481733 1 106.0
1433024481835 1 119.0
1433024481937 1 78.0
1433024482038 1 57.0
1433024482140 1 31.0
1433024482241 1 18.0
1433024482342 1 19.0
1433024482443 1 63.0
1433024482543 1 108.0
1433024482563 0 9.0
1433024482663 0 9.0
1433024482763 0 7.0
1433024482863 0 9.0
1433024482964 0 9.0
1433024483063 0 11.0
1433024482645 1 108.0
1433024482746 1 108.0
1433024482849 1 108.0
1433024482950 1 108.0
1433024483051 1 108.0
1433024483152 1 108.0
1433024483164 0 12.0
1433024483263 0 12.0
1433024483364 0 12.0
1433024483464 0 12.0
1433024483564 0 12.0
1433024483664 0 12.0
1433024483252 1 92.0
1433024483352 1 80.0
1433024483454 1 80.0
1433024483556 1 80.0
1433024483658 1 80.0
1433024483758 1 80.0
1433024483764 0 12.0
1433024483864 0 12.0
1433024483964 0 12.0
1433024484064 0 13.0
1433024484164 0 13.0
1433024484265 0 13.0
1433024483859 1 80.0
1433024483959 1 80.0
1433024484062 1 80.0
1433024484163 1 80.0
1433024484265 1 80.0
1433024484367 1 80.0
1433024484366 0 13.0
1433024484466 0 13.0
1433024484567 0 15.0
1433024484469 1 80.0
1433024484569 1 80.0
1433024484670 1 80.0
1433024484667 0 16.0
1433024484767 0 13.0
1433024484867 0 12.0
1433024484967 0 12.0
1433024485067 0 11.0
1433024485167 0 13.0
1433024485268 0 12.0
1433024484771 1 80.0
1433024484871 1 80.0
1433024484972 1 80.0
1433024485073 1 80.0
1433024485173 1 80.0
1433024485274 1 80.0
1433024485368 0 12.0
1433024485469 0 12.0
1433024485569 0 12.0
1433024485669 0 12.0
1433024485769 0 12.0
1433024485869 0 12.0
1433024485375 1 80.0
1433024485476 1 80.0
1433024485578 1 80.0
1433024485679 1 80.0
1433024485780 1 80.0
1433024485881 1 80.0
1433024485969 0 12.0
1433024486069 0 12.0
1433024486169 0 12.0
1433024486269 0 12.0
1433024486369 0 12.0
1433024486469 0 12.0
1433024485984 1 80.0
1433024486085 1 80.0
1433024486187 1 80.0
1433024486289 1 80.0
1433024486390 1 80.0
1433024486492 1 80.0
1433024486594 1 80.0
1433024486569 0 12.0
1433024486669 0 12.0
1433024486770 0 12.0
1433024486870 0 12.0
1433024486971 0 12.0
1433024487071 0 12.0
1433024486696 1 80.0
1433024486798 1 80.0
1433024486900 1 80.0
1433024487002 1 80.0
1433024487102 1 80.0
1433024487203 1 80.0
1433024487171 0 12.0
1433024487271 0 12.0
1433024487372 0 12.0
1433024487472 0 12.0
1433024487573 0 12.0
1433024487673 0 12.0
1433024487305 1 80.0
1433024487406 1 80.0
1433024487506 1 80.0
1433024487607 1 80.0
1433024487708 1 80.0
1433024487809 1 80.0
1433024487774 0 12.0
1433024487874 0 12.0
1433024487974 0 12.0
1433024488074 0 12.0
1433024488174 0 12.0
1433024488274 0 12.0
1433024487910 1 80.0
1433024488010 1 80.0
1433024488112 1 80.0
1433024488214 1 80.0
1433024488315 1 83.0
1433024488417 1 83.0
1433024488375 0 12.0
1433024488475 0 10.0
1433024488575 0 10.0
1433024488676 0 12.0
1433024488776 0 12.0
1433024488877 0 12.0
1433024488977 0 12.0
1433024488519 1 83.0
1433024488620 1 83.0
1433024488722 1 96.0
1433024488823 1 96.0
1433024488924 1 77.0
1433024489026 1 77.0
1433024489127 1 64.0
1433024489078 0 12.0
1433024489178 0 12.0
1433024489279 0 12.0
1433024489228 1 44.0
1433024489329 1 23.0
1433024489430 1 20.0
1433024489378 0 12.0
1433024489479 0 12.0
1433024489579 0 12.0
1433024489530 1 20.0
1433024489631 1 26.0
1433024489731 1 21.0
1433024489831 1 21.0
1433024489932 1 21.0
1433024490033 1 21.0
1433024489679 0 12.0
1433024489779 0 12.0
1433024489879 0 12.0
1433024489979 0 12.0
1433024490079 0 12.0
1433024490179 0 12.0
1433024490280 0 12.0
1433024490134 1 21.0
1433024490234 1 21.0
1433024490335 1 21.0
1433024490380 0 12.0
1433024490481 0 12.0
1433024490581 0 12.0
1433024490438 1 21.0
1433024490539 1 21.0
1433024490640 1 21.0
1433024490682 0 12.0
1433024490782 0 12.0
1433024490883 0 12.0
1433024490742 1 21.0
1433024490843 1 21.0
1433024490945 1 21.0
1433024491047 1 21.0
1433024491148 1 21.0
1433024491248 1 21.0
1433024490983 0 12.0
1433024491083 0 12.0
1433024491183 0 12.0
1433024491284 0 12.0
1433024491350 1 21.0
1433024491451 1 21.0
1433024491553 1 21.0
1433024491655 1 21.0
1433024491757 1 21.0
1433024491384 0 12.0
1433024491484 0 12.0
1433024491584 0 12.0
1433024491684 0 12.0
1433024491784 0 12.0
1433024491884 0 12.0
1433024491985 0 12.0
1433024491858 1 21.0
1433024491958 1 21.0
1433024492058 1 21.0
1433024492160 1 21.0
1433024492085 0 12.0
1433024492185 0 12.0
1433024492285 0 12.0
1433024492385 0 12.0
1433024492262 1 21.0
1433024492364 1 21.0
1433024492467 1 21.0
1433024492568 1 21.0
1433024492668 1 21.0
1433024492768 1 21.0
1433024492486 0 12.0
1433024492586 0 12.0
1433024492687 0 12.0
1433024492787 0 12.0
1433024492869 1 21.0
1433024492970 1 21.0
1433024493071 1 21.0
1433024493173 1 21.0
1433024492887 0 12.0
1433024492987 0 12.0
1433024493087 0 12.0
1433024493274 1 21.0
1433024493375 1 21.0
1433024493476 1 21.0
1433024493578 1 21.0
1433024493679 1 21.0
1433024493780 1 21.0
1433024493882 1 21.0
1433024493188 0 12.0
1433024493287 0 12.0
1433024493388 0 12.0
1433024493488 0 12.0
1433024493588 0 12.0
1433024493688 0 12.0
1433024493788 0 12.0
1433024493888 0 12.0
1433024493982 1 21.0
1433024494083 1 21.0
1433024494185 1 21.0
1433024494286 1 21.0
1433024494386 1 21.0
1433024494487 1 21.0
1433024493988 0 12.0
1433024494089 0 12.0
1433024494189 0 12.0
1433024494290 0 12.0
1433024494390 0 12.0
1433024494490 0 12.0
1433024494590 1 21.0
1433024494691 1 21.0
1433024494793 1 21.0
1433024494893 1 21.0
1433024494995 1 21.0
1433024495095 1 21.0
1433024494590 0 12.0
1433024494690 0 12.0
1433024494790 0 12.0
1433024494890 0 12.0
1433024494991 0 12.0
1433024495091 0 12.0
1433024495197 1 21.0
1433024495297 1 21.0
1433024495397 1 21.0
1433024495499 1 21.0
1433024495601 1 21.0
1433024495702 1 21.0
1433024495803 1 21.0
1433024495192 0 12.0
1433024495292 0 12.0
1433024495392 0 12.0
1433024495492 0 12.0
1433024495592 0 12.0
1433024495692 0 12.0
1433024495904 1 21.0
1433024496004 1 21.0
1433024496105 1 21.0
1433024496208 1 21.0
1433024496310 1 21.0
1433024496411 1 21.0
1433024495792 0 12.0
1433024495892 0 12.0
1433024495992 0 12.0
1433024496093 0 12.0
1433024496193 0 12.0
1433024496294 0 12.0
1433024496513 1 21.0
1433024496615 1 21.0
1433024496718 1 21.0
1433024496820 1 21.0
1433024496922 1 21.0
1433024497024 1 21.0
1433024496394 0 12.0
1433024496495 0 12.0
1433024496595 0 12.0
1433024496695 0 12.0
1433024496795 0 12.0
1433024496895 0 12.0
1433024497125 1 21.0
1433024497226 1 21.0
1433024497328 1 21.0
1433024497430 1 21.0
1433024497531 1 21.0
1433024497632 1 21.0
1433024497734 1 21.0
1433024497836 1 21.0
1433024497938 1 21.0
1433024498039 1 21.0
1433024498139 1 21.0
1433024498240 1 21.0
1433024498341 1 21.0
1433024496996 0 12.0
1433024497095 0 12.0
1433024497195 0 12.0
1433024497295 0 12.0
1433024497395 0 12.0
1433024497495 0 12.0
1433024497595 0 12.0
1433024497696 0 12.0
1433024497796 0 12.0
1433024497897 0 12.0
1433024497997 0 12.0
1433024498098 0 12.0
1433024498198 0 12.0
1433024498298 0 12.0
1433024498398 0 12.0
1433024498498 0 12.0
1433024498442 1 21.0
1433024498543 1 21.0
1433024498644 1 21.0
1433024498745 1 21.0
1433024498847 1 21.0
1433024498599 0 12.0
1433024498698 0 12.0
1433024498799 0 12.0
1433024498948 1 21.0
1433024499051 1 21.0
1433024499151 1 21.0
1433024498899 0 12.0
1433024498999 0 12.0
1433024499099 0 12.0
1433024499252 1 21.0
1433024499354 1 21.0
1433024499456 1 21.0
1433024499557 1 21.0
1433024499659 1 21.0
1433024499759 1 21.0
1433024499200 0 12.0
1433024499300 0 12.0
1433024499400 0 12.0
1433024499500 0 12.0
1433024499600 0 12.0
1433024499700 0 12.0
1433024499859 1 21.0
1433024499801 0 12.0
1433024499959 1 21.0
1433024499901 0 12.0
1433024500061 1 21.0
1433024500001 0 12.0
1433024500161 1 21.0
1433024500101 0 12.0
1433024500262 1 21.0
1433024500363 1 21.0
1433024500201 0 12.0
1433024500301 0 12.0
1433024500464 1 21.0
1433024500566 1 21.0
1433024500401 0 12.0
1433024500502 0 12.0
1433024500601 0 12.0
1433024500667 1 21.0
1433024500767 1 21.0
1433024500702 0 12.0
1433024500868 1 21.0
1433024500802 0 12.0
1433024500902 0 12.0
1433024501002 0 12.0
1433024500969 1 21.0
1433024501069 1 21.0
1433024501102 0 12.0
1433024501170 1 21.0
1433024501271 1 21.0
1433024501372 1 21.0
1433024501202 0 12.0
1433024501303 0 12.0
