1432910957163 0 590.0
1432910957264 1 632.0
1432910957264 0 590.0
1432910957366 1 632.0
1432910957365 0 590.0
1432910957466 0 590.0
1432910957466 1 632.0
1432910957568 1 632.0
1432910957567 0 590.0
1432910957669 1 632.0
1432910957667 0 590.0
1432910957770 1 632.0
1432910957767 0 590.0
1432910957869 1 632.0
1432910957868 0 590.0
1432910957971 1 632.0
1432910957969 0 590.0
1432910958072 1 632.0
1432910958069 0 590.0
1432910958174 1 632.0
1432910958169 0 590.0
1432910958275 1 632.0
1432910958269 0 590.0
1432910958378 1 632.0
1432910958369 0 590.0
1432910958479 1 632.0
1432910958469 0 590.0
1432910958581 1 632.0
1432910958569 0 590.0
1432910958682 1 632.0
1432910958670 0 590.0
1432910958783 1 632.0
1432910958769 0 590.0
1432910958884 1 632.0
1432910958870 0 590.0
1432910958987 1 632.0
1432910958970 0 590.0
1432910959088 1 632.0
1432910959070 0 590.0
1432910959191 1 632.0
1432910959171 0 590.0
1432910959292 1 632.0
1432910959271 0 590.0
1432910959394 1 632.0
1432910959372 0 590.0
1432910959496 1 632.0
1432910959472 0 590.0
1432910959598 1 632.0
1432910959572 0 590.0
1432910959699 1 632.0
1432910959672 0 590.0
1432910959801 1 576.0
1432910959772 0 590.0
1432910959902 1 576.0
1432910959872 0 590.0
1432910960004 1 576.0
1432910959975 0 590.0
1432910960104 1 576.0
1432910960075 0 590.0
1432910960206 1 576.0
1432910960176 0 590.0
1432910960307 1 576.0
1432910960276 0 590.0
1432910960409 1 576.0
1432910960376 0 590.0
1432910960511 1 548.0
1432910960476 0 590.0
1432910960612 1 548.0
1432910960576 0 590.0
1432910960677 0 590.0
1432910960712 1 492.0
1432910960812 1 449.0
1432910960777 0 590.0
1432910960913 1 393.0
1432910960877 0 590.0
1432910961014 1 280.0
1432910960978 0 590.0
1432910961114 1 266.0
1432910961079 0 590.0
1432910961214 1 252.0
1432910961179 0 590.0
1432910961316 1 295.0
1432910961279 0 590.0
1432910961417 1 365.0
1432910961379 0 590.0
1432910961518 1 534.0
1432910961479 0 590.0
1432910961619 1 660.0
1432910961579 0 590.0
1432910961720 1 717.0
1432910961680 0 590.0
1432910961822 1 773.0
1432910961780 0 590.0
1432910961923 1 773.0
1432910961880 0 590.0
1432910962023 1 773.0
1432910961980 0 590.0
1432910962124 1 773.0
1432910962080 0 590.0
1432910962226 1 773.0
1432910962180 0 590.0
1432910962327 1 773.0
1432910962281 0 590.0
1432910962429 1 773.0
1432910962381 0 590.0
1432910962531 1 773.0
1432910962481 0 590.0
1432910962632 1 773.0
1432910962581 0 590.0
1432910962735 1 731.0
1432910962681 0 590.0
1432910962836 1 731.0
1432910962782 0 590.0
1432910962937 1 731.0
1432910962882 0 590.0
1432910963039 1 731.0
1432910962983 0 590.0
1432910963141 1 731.0
1432910963084 0 590.0
1432910963243 1 773.0
1432910963183 0 590.0
1432910963344 1 773.0
1432910963283 0 590.0
1432910963445 1 773.0
1432910963383 0 590.0
1432910963547 1 773.0
1432910963483 0 590.0
1432910963648 1 717.0
1432910963583 0 590.0
1432910963748 1 646.0
1432910963683 0 590.0
1432910963850 1 646.0
1432910963784 0 590.0
1432910963949 1 646.0
1432910963884 0 590.0
1432910964051 1 646.0
1432910963985 0 590.0
1432910964152 1 646.0
1432910964086 0 590.0
1432910964254 1 646.0
1432910964187 0 590.0
1432910964355 1 618.0
1432910964288 0 590.0
1432910964456 1 618.0
1432910964388 0 590.0
1432910964558 1 618.0
1432910964488 0 590.0
1432910964659 1 576.0
1432910964588 0 590.0
1432910964760 1 492.0
1432910964688 0 590.0
1432910964862 1 435.0
1432910964789 0 590.0
1432910964963 1 365.0
1432910964889 0 590.0
1432910965063 1 323.0
1432910964989 0 590.0
1432910965163 1 379.0
1432910965089 0 590.0
1432910965264 1 520.0
1432910965190 0 590.0
1432910965365 1 548.0
1432910965290 0 590.0
1432910965466 1 548.0
1432910965390 0 590.0
1432910965568 1 548.0
1432910965490 0 590.0
1432910965669 1 548.0
1432910965590 0 590.0
1432910965770 1 548.0
1432910965690 0 590.0
1432910965871 1 548.0
1432910965790 0 154.0
1432910965973 1 548.0
1432910965890 0 38.0
1432910966074 1 548.0
1432910965990 0 10.0
1432910966175 1 548.0
1432910966090 0 2.0
1432910966276 1 548.0
1432910966190 0 7.0
1432910966378 1 548.0
1432910966290 0 7.0
1432910966479 1 548.0
1432910966390 0 7.0
1432910966581 1 548.0
1432910966491 0 3.0
1432910966682 1 548.0
1432910966593 0 3.0
1432910966693 0 3.0
1432910966784 1 548.0
1432910966794 0 3.0
1432910966885 1 590.0
1432910966985 1 689.0
1432910966894 0 3.0
1432910966995 0 3.0
1432910967086 1 759.0
1432910967095 0 3.0
1432910967188 1 801.0
1432910967195 0 3.0
1432910967289 1 801.0
1432910967295 0 3.0
1432910967391 1 857.0
1432910967396 0 3.0
1432910967493 1 857.0
1432910967496 0 3.0
1432910967594 1 928.0
1432910967597 0 3.0
1432910967695 1 928.0
1432910967697 0 3.0
1432910967796 1 928.0
1432910967798 0 3.0
1432910967897 1 928.0
1432910967898 0 3.0
1432910967999 1 928.0
1432910967998 0 3.0
1432910968101 1 928.0
1432910968098 0 3.0
1432910968202 1 928.0
1432910968199 0 3.0
1432910968303 1 928.0
1432910968299 0 3.0
1432910968405 1 928.0
1432910968399 0 3.0
1432910968506 1 928.0
1432910968500 0 3.0
1432910968607 1 928.0
1432910968600 0 3.0
1432910968709 1 928.0
1432910968700 0 3.0
1432910968811 1 928.0
1432910968800 0 3.0
1432910968913 1 928.0
1432910968900 0 3.0
1432910969015 1 928.0
1432910969000 0 3.0
1432910969115 1 928.0
1432910969100 0 3.0
1432910969216 1 928.0
1432910969200 0 3.0
1432910969317 1 928.0
1432910969300 0 3.0
1432910969418 1 928.0
1432910969400 0 3.0
1432910969500 0 3.0
1432910969520 1 928.0
1432910969600 0 3.0
1432910969622 1 928.0
1432910969700 0 3.0
1432910969723 1 928.0
1432910969824 1 928.0
1432910969800 0 3.0
1432910969900 0 3.0
1432910969925 1 928.0
1432910970001 0 3.0
1432910970025 1 928.0
1432910970125 1 928.0
1432910970102 0 3.0
1432910970227 1 928.0
1432910970202 0 3.0
1432910970327 1 928.0
1432910970302 0 3.0
1432910970429 1 928.0
1432910970402 0 3.0
1432910970531 1 928.0
1432910970502 0 3.0
1432910970632 1 928.0
1432910970602 0 3.0
1432910970733 1 928.0
1432910970702 0 3.0
1432910970835 1 928.0
1432910970803 0 3.0
1432910970935 1 928.0
1432910970904 0 3.0
1432910971037 1 928.0
1432910971004 0 3.0
1432910971138 1 928.0
1432910971104 0 3.0
1432910971239 1 928.0
1432910971204 0 3.0
1432910971341 1 928.0
1432910971305 0 3.0
1432910971442 1 928.0
1432910971405 0 3.0
1432910971543 1 928.0
1432910971506 0 3.0
1432910971645 1 928.0
1432910971606 0 3.0
1432910971706 0 3.0
1432910971746 1 928.0
1432910971806 0 3.0
1432910971848 1 928.0
1432910971906 0 3.0
1432910971949 1 928.0
1432910972006 0 3.0
1432910972051 1 928.0
1432910972106 0 3.0
1432910972153 1 928.0
1432910972206 0 3.0
1432910972255 1 928.0
1432910972307 0 3.0
1432910972357 1 928.0
1432910972407 0 3.0
1432910972457 1 928.0
1432910972508 0 3.0
1432910972559 1 928.0
1432910972608 0 3.0
1432910972662 1 928.0
1432910972708 0 3.0
1432910972764 1 928.0
1432910972809 0 3.0
1432910972864 1 928.0
1432910972909 0 3.0
1432910972966 1 928.0
1432910973009 0 3.0
1432910973065 1 928.0
1432910973110 0 3.0
1432910973167 1 928.0
1432910973210 0 3.0
1432910973266 1 928.0
1432910973310 0 3.0
1432910973368 1 928.0
1432910973412 0 3.0
1432910973467 1 928.0
1432910973512 0 3.0
1432910973569 1 928.0
1432910973613 0 3.0
1432910973669 1 928.0
1432910973713 0 3.0
1432910973771 1 928.0
1432910973813 0 3.0
1432910973872 1 928.0
1432910973913 0 3.0
1432910973973 1 928.0
1432910974013 0 3.0
1432910974074 1 928.0
1432910974113 0 3.0
1432910974176 1 928.0
1432910974213 0 3.0
1432910974278 1 928.0
1432910974314 0 3.0
1432910974380 1 928.0
1432910974414 0 3.0
1432910974482 1 928.0
1432910974514 0 3.0
1432910974583 1 928.0
1432910974615 0 3.0
1432910974684 1 928.0
1432910974715 0 3.0
1432910974785 1 928.0
1432910974815 0 3.0
1432910974886 1 928.0
1432910974915 0 3.0
1432910974987 1 928.0
1432910975015 0 3.0
1432910975088 1 928.0
1432910975116 0 3.0
1432910975190 1 928.0
1432910975216 0 3.0
1432910975292 1 928.0
1432910975316 0 3.0
1432910975394 1 928.0
1432910975416 0 3.0
1432910975495 1 928.0
1432910975517 0 3.0
1432910975596 1 928.0
1432910975617 0 3.0
1432910975697 1 928.0
1432910975718 0 3.0
1432910975798 1 928.0
1432910975818 0 3.0
1432910975901 1 928.0
1432910975918 0 3.0
1432910976002 1 928.0
1432910976018 0 3.0
1432910976103 1 928.0
1432910976118 0 3.0
1432910976205 1 928.0
1432910976219 0 3.0
1432910976305 1 928.0
1432910976318 0 3.0
1432910976405 1 928.0
1432910976419 0 3.0
1432910976506 1 928.0
1432910976520 0 3.0
1432910976606 1 928.0
1432910976620 0 3.0
1432910976707 1 928.0
1432910976721 0 3.0
1432910976809 1 928.0
1432910976821 0 3.0
1432910976911 1 928.0
1432910976922 0 3.0
1432910977013 1 928.0
1432910977022 0 3.0
1432910977113 1 928.0
1432910977122 0 3.0
1432910977214 1 928.0
1432910977222 0 3.0
1432910977316 1 928.0
1432910977322 0 3.0
1432910977418 1 928.0
1432910977423 0 3.0
1432910977520 1 928.0
1432910977523 0 3.0
1432910977619 1 928.0
1432910977623 0 3.0
1432910977721 1 928.0
1432910977724 0 3.0
1432910977823 1 928.0
1432910977827 0 3.0
1432910977925 1 928.0
1432910977927 0 3.0
1432910978027 0 79.0
1432910978027 1 928.0
1432910978128 1 928.0
1432910978127 0 520.0
1432910978228 0 548.0
1432910978230 1 843.0
1432910978331 1 717.0
1432910978328 0 548.0
1432910978428 0 548.0
1432910978432 1 590.0
1432910978528 0 548.0
1432910978628 0 548.0
1432910978532 1 562.0
1432910978632 1 562.0
1432910978729 0 576.0
1432910978734 1 562.0
1432910978828 0 576.0
1432910978835 1 534.0
1432910978928 0 576.0
1432910978936 1 534.0
1432910979028 0 576.0
1432910979037 1 534.0
1432910979128 0 576.0
1432910979138 1 534.0
1432910979229 0 576.0
1432910979240 1 534.0
1432910979329 0 576.0
1432910979341 1 534.0
1432910979430 0 576.0
1432910979442 1 590.0
1432910979530 0 576.0
1432910979542 1 590.0
1432910979630 0 576.0
1432910979642 1 590.0
1432910979730 0 604.0
1432910979743 1 618.0
1432910979830 0 604.0
1432910979845 1 618.0
1432910979931 0 604.0
1432910979946 1 618.0
1432910980031 0 604.0
1432910980048 1 618.0
1432910980132 0 604.0
1432910980151 1 618.0
1432910980232 0 604.0
1432910980253 1 618.0
1432910980332 0 604.0
1432910980355 1 618.0
1432910980432 0 604.0
1432910980457 1 618.0
1432910980532 0 548.0
1432910980558 1 618.0
1432910980632 0 548.0
1432910980660 1 618.0
1432910980732 0 548.0
1432910980761 1 618.0
1432910980832 0 548.0
1432910980863 1 618.0
1432910980933 0 548.0
1432910980964 1 618.0
1432910981033 0 548.0
1432910981064 1 618.0
1432910981133 0 548.0
1432910981166 1 618.0
1432910981233 0 548.0
1432910981267 1 618.0
1432910981333 0 548.0
1432910981369 1 618.0
1432910981433 0 548.0
1432910981470 1 618.0
1432910981533 0 548.0
1432910981571 1 562.0
1432910981633 0 548.0
1432910981672 1 562.0
1432910981733 0 548.0
1432910981772 1 534.0
1432910981833 0 548.0
1432910981873 1 534.0
1432910981933 0 548.0
1432910981974 1 506.0
1432910982035 0 548.0
1432910982075 1 478.0
1432910982135 0 548.0
1432910982177 1 478.0
1432910982235 0 548.0
1432910982278 1 435.0
1432910982335 0 548.0
1432910982380 1 435.0
1432910982435 0 548.0
1432910982481 1 435.0
1432910982535 0 548.0
1432910982582 1 393.0
1432910982636 0 548.0
1432910982683 1 393.0
1432910982736 0 548.0
1432910982785 1 393.0
1432910982836 0 548.0
1432910982886 1 393.0
1432910982936 0 548.0
1432910982987 1 393.0
1432910983036 0 548.0
1432910983088 1 393.0
1432910983136 0 548.0
1432910983191 1 393.0
1432910983236 0 548.0
1432910983292 1 393.0
1432910983336 0 548.0
1432910983394 1 393.0
1432910983436 0 548.0
1432910983495 1 393.0
1432910983536 0 548.0
1432910983597 1 393.0
1432910983637 0 548.0
1432910983698 1 393.0
1432910983737 0 548.0
1432910983801 1 393.0
1432910983837 0 548.0
1432910983902 1 435.0
1432910983937 0 548.0
1432910984003 1 435.0
1432910984037 0 548.0
1432910984104 1 478.0
1432910984138 0 548.0
1432910984205 1 492.0
1432910984238 0 548.0
1432910984306 1 492.0
1432910984338 0 548.0
1432910984408 1 506.0
1432910984438 0 548.0
1432910984509 1 562.0
1432910984538 0 548.0
1432910984610 1 590.0
1432910984638 0 548.0
1432910984712 1 590.0
1432910984739 0 548.0
1432910984813 1 590.0
1432910984838 0 548.0
1432910984914 1 618.0
1432910984939 0 548.0
1432910985016 1 618.0
1432910985039 0 548.0
1432910985117 1 618.0
1432910985139 0 520.0
1432910985219 1 618.0
1432910985240 0 520.0
1432910985322 1 618.0
1432910985340 0 520.0
1432910985423 1 618.0
1432910985441 0 520.0
1432910985525 1 618.0
1432910985540 0 520.0
1432910985640 0 520.0
1432910985625 1 618.0
1432910985725 1 590.0
1432910985740 0 520.0
1432910985840 0 520.0
1432910985825 1 590.0
1432910985940 0 520.0
1432910985925 1 590.0
1432910986041 0 520.0
1432910986026 1 590.0
1432910986127 1 590.0
1432910986227 1 590.0
1432910986327 1 590.0
1432910986427 1 590.0
1432910986141 0 520.0
1432910986241 0 520.0
1432910986342 0 520.0
1432910986442 0 520.0
1432910986542 0 520.0
1432910986527 1 590.0
1432910986628 1 590.0
1432910986642 0 520.0
1432910986742 0 520.0
1432910986728 1 590.0
1432910986843 0 520.0
1432910986829 1 590.0
1432910986943 0 520.0
1432910986929 1 590.0
1432910987043 0 520.0
1432910987029 1 590.0
1432910987129 1 590.0
1432910987143 0 520.0
1432910987229 1 590.0
1432910987243 0 520.0
1432910987329 1 590.0
1432910987343 0 520.0
1432910987444 0 520.0
1432910987544 0 520.0
1432910987644 0 520.0
1432910987429 1 590.0
1432910987529 1 590.0
1432910987629 1 590.0
1432910987729 1 590.0
1432910987744 0 520.0
1432910987829 1 590.0
1432910987844 0 520.0
1432910987929 1 590.0
1432910987945 0 520.0
1432910988029 1 548.0
1432910988045 0 520.0
1432910988129 1 492.0
1432910988145 0 520.0
1432910988231 1 421.0
1432910988245 0 520.0
1432910988331 1 421.0
1432910988346 0 520.0
1432910988431 1 506.0
1432910988446 0 520.0
1432910988531 1 590.0
1432910988546 0 520.0
1432910988631 1 590.0
1432910988646 0 520.0
1432910988731 1 632.0
1432910988747 0 520.0
