1432907972194 0 533.0
1432907971822 1 632.0
1432907971901 0 871.0
1432907972718 0 801.0
1432907972056 0 1040.0
1432907972872 0 1096.0
1432907972264 0 1237.0
1432907973027 0 1406.0
1432907972416 0 1589.0
1432907973183 0 1743.0
1432907972575 0 2152.0
1432907972730 0 3108.0
1432907973547 0 1082.0
1432907972883 0 3840.0
1432907973039 0 4825.0
1432907973703 0 548.0
1432907973196 0 3488.0
1432907973559 0 618.0
1432907973714 0 449.0
1432907973738 1 3910.0
1432907973898 1 4712.0
1432907974057 1 1054.0
1432907974098 1 1321.0
1432907974217 1 871.0
1432907974253 1 1223.0
1432907974377 1 2447.0
1432907974411 1 561.0
1432907974536 1 6204.0
1432907974696 1 7302.0
1432907975068 1 5951.0
1432907975228 1 4459.0
1432907975388 1 3460.0
1432907975601 1 4895.0
1432907975761 1 6570.0
1432907976346 1 4488.0
1432907976505 1 2714.0
1432907976607 1 787.0
1432907976665 1 1842.0
1432907976761 1 885.0
1432907976878 1 2250.0
1432907976920 1 590.0
1432907977091 1 618.0
1432907977463 1 463.0
1432907977595 1 365.0
1432907977676 1 323.0
1432907977703 0 379.0
1432907977807 1 182.0
1432907978480 0 463.0
1432907977889 1 182.0
1432907977965 1 126.0
1432907978048 1 126.0
1432907978121 1 154.0
1432907978277 1 182.0
1432907978750 1 210.0
1432907979062 1 210.0
1432907979113 1 126.0
1432907979432 1 154.0
1432907979586 1 252.0
1432907980402 0 491.0
1432907979911 1 182.0
1432907980109 1 280.0
1432907980814 0 533.0
1432907980345 0 393.0
1432907980337 1 126.0
1432907980473 1 308.0
1432907980550 1 294.0
1432907980709 1 407.0
1432907980841 1 393.0
1432907981135 1 590.0
1432907981175 0 477.0
1432907981311 1 519.0
1432907981402 1 688.0
1432907981520 1 646.0
1432907981880 1 632.0
1432907981885 1 562.0
1432907983662 1 505.0
1432907983796 1 519.0
1432907983868 1 196.0
1432907984029 1 154.0
1432907984659 0 379.0
1432907984008 1 168.0
1432907984022 0 351.0
1432907984168 1 126.0
1432907984867 0 336.0
1432907984185 1 224.0
1432907984230 0 308.0
1432907984489 0 407.0
1432907984499 1 55.0
1432907985127 0 421.0
1432907984541 1 210.0
1432907985334 0 449.0
1432907984653 1 122.0
1432907984753 1 126.0
1432907984813 1 328.0
1432907984966 1 112.0
1432907984955 0 351.0
1432907984969 1 393.0
1432907985802 0 421.0
1432907985231 1 252.0
1432907985370 0 407.0
1432907986216 0 477.0
1432907985628 0 463.0
1432907985597 1 126.0
1432907985658 1 295.0
1432907985806 1 112.0
1432907986424 0 533.0
1432907985818 1 491.0
1432907986065 1 125.0
1432907986084 1 351.0
1432907986224 1 280.0
1432907986350 1 491.0
1432907986381 1 463.0
1432907986537 1 562.0
1432907986509 1 562.0
1432907986722 1 618.0
1432907986798 1 618.0
1432907987201 1 534.0
1432907987217 1 519.0
1432907987582 1 463.0
1432907987856 0 336.0
1432907987845 1 379.0
1432907988010 0 632.0
1432907988812 0 365.0
1432907988105 1 308.0
1432907988168 0 519.0
1432907988323 0 547.0
1432907989122 0 238.0
1432907988472 1 491.0
1432907988585 1 252.0
1432907989283 0 154.0
1432907988628 1 576.0
1432907989436 0 140.0
1432907988744 1 618.0
1432907989587 0 210.0
1432907989748 0 322.0
1432907989903 0 476.0
1432907989461 0 505.0
1432907990111 0 447.0
1432907989666 0 463.0
1432907990475 0 391.0
1432907989982 0 407.0
1432907990136 0 519.0
1432907990290 0 632.0
1432907991303 0 771.0
1432907990809 0 562.0
1432907991117 0 463.0
1432907992184 0 842.0
1432907991738 0 435.0
1432907991948 0 548.0
1432907992208 0 618.0
1432907992810 0 632.0
1432907993019 0 505.0
1432907993380 0 491.0
1432907993643 0 576.0
1432907993174 1 519.0
1432907994013 1 576.0
1432907994021 0 548.0
1432907994280 0 618.0
1432907995055 0 505.0
1432907995363 0 534.0
1432907995476 1 604.0
1432907996208 1 519.0
1432907996673 1 618.0
1432907997525 1 730.0
