1432841318089 1 0.23535959422588348 0.823758602142334 10.748087882995605
1432841316898 0 4.730942726135254 5.583278179168701 6.282385349273682
1432841316908 0 4.663905143737793 5.621585369110107 6.205770969390869
1432841316918 0 4.6734819412231445 5.631162166595459 6.167463779449463
1432841316928 0 4.63517427444458 5.612008571624756 6.167463779449463
1432841316938 0 4.63517427444458 5.631162166595459 6.186617374420166
1432841316948 0 4.63517427444458 5.669469833374023 6.205770969390869
1432841316958 0 4.63517427444458 5.65031623840332 6.2632317543029785
1432841316969 0 4.587290287017822 5.631162166595459 6.27280855178833
1432841316979 0 4.616020679473877 5.602431774139404 6.2632317543029785
1432841316990 0 4.663905143737793 5.592854976654053 6.27280855178833
1432841316999 0 4.663905143737793 5.57370138168335 6.27280855178833
1432841317010 0 4.730942726135254 5.564124584197998 6.244078159332275
1432841317020 0 4.711789131164551 5.5545477867126465 6.215347766876221
1432841317030 0 4.6734819412231445 5.5545477867126465 6.224924564361572
1432841317240 0 4.759673118591309 5.5545477867126465 6.291962146759033
1432841317441 0 4.663905143737793 5.631162166595459 6.378153324127197
1432841318287 1 0.23535959422588348 0.7453053593635559 10.708861351013184
1432841318487 1 0.23535959422588348 0.7845319509506226 10.63040828704834
1432841318693 1 0.35303938388824463 0.7453053593635559 10.669634819030762
1432841317641 0 4.644751071929932 5.65031623840332 6.196194171905518
1432841317841 0 5.1331682205200195 5.535394191741943 5.822698593139648
1432841318888 1 0.156906396150589 0.7845319509506226 10.63040828704834
1432841319089 1 0.19613298773765564 0.823758602142334 10.748087882995605
1432841319289 1 0.23535959422588348 0.7060787677764893 10.551955223083496
1432841318041 0 4.702212333679199 4.309563159942627 8.437167167663574
1432841318242 0 4.022258758544922 4.778826713562012 6.933608055114746
1432841319488 1 0.27458620071411133 0.7845319509506226 10.551955223083496
1432841318442 0 3.428496837615967 5.018246650695801 6.01423454284668
1432841318642 0 2.7006595134735107 5.142745018005371 7.307103633880615
1432841319687 1 0.27458620071411133 0.8629851937294006 10.591181755065918
1432841319888 1 0.27458620071411133 0.7453053593635559 10.669634819030762
1432841318842 0 2.853888511657715 5.190629482269287 7.603984832763672
1432841320088 1 0.27458620071411133 0.7845319509506226 10.591181755065918
1432841320287 1 0.27458620071411133 0.8629851937294006 10.748087882995605
1432841319042 0 2.011129379272461 3.955221176147461 6.627150535583496
1432841319243 0 0.5171475410461426 4.137180328369141 7.795520782470703
1432841319443 0 5.803544998168945 4.347870349884033 9.605537414550781
1432841319643 0 0.8619126081466675 -5.774814605712891 2.6431987285614014
1432841320489 1 0.27458620071411133 0.823758602142334 10.669634819030762
1432841320693 1 0.23535959422588348 0.7845319509506226 10.63040828704834
1432841320888 1 0.19613298773765564 0.8629851937294006 10.551955223083496
1432841319843 0 5.104437828063965 -0.4692635238170624 9.835380554199219
1432841320042 0 6.167463779449463 -7.393294811248779 10.065223693847656
1432841320242 0 -1.158793568611145 -9.90241813659668 -8.628703117370605
1432841321089 1 0.3922659754753113 1.019891619682312 11.022674560546875
1432841321288 1 0.313812792301178 0.47071918845176697 11.022674560546875
1432841321488 1 0.11767979711294174 1.019891619682312 10.473502159118652
1432841320443 0 -5.4013190269470215 -4.022258758544922 -4.022258758544922
1432841321688 1 -0.0 1.3729310035705566 10.355822563171387
1432841320645 0 -6.234501361846924 -9.299078941345215 -2.892195701599121
1432841321889 1 0.19613298773765564 1.0983448028564453 11.022674560546875
1432841320845 0 -5.343858242034912 -10.78348445892334 -3.332728862762451
1432841322091 1 0.509945809841156 0.6668521761894226 11.061901092529297
1432841321044 0 -1.2737152576446533 -14.077905654907227 -8.274360656738281
1432841322290 1 0.5491724014282227 0.6668521761894226 10.90499496459961
1432841321245 0 4.797980308532715 -11.760318756103516 -9.08838939666748
1432841321445 0 6.090848922729492 0.7661445140838623 2.0590133666992188
1432841322490 1 0.5883989930152893 0.509945809841156 10.708861351013184
1432841322688 1 0.23535959422588348 0.7060787677764893 10.512728691101074
1432841321645 0 6.406883716583252 -0.4213795065879822 8.571242332458496
1432841321845 0 6.493074893951416 -3.160346269607544 8.006210327148438
1432841322045 0 6.512228488922119 -13.35964584350586 -5.861005783081055
1432841322889 1 0.23535959422588348 0.8629851937294006 10.316595077514648
1432841323088 1 0.19613298773765564 0.7845319509506226 10.395049095153809
1432841323289 1 0.509945809841156 0.35303938388824463 10.551955223083496
1432841322245 0 -3.687070608139038 -9.979032516479492 -10.90798282623291
1432841322255 0 7.929595947265625 -14.413094520568848 -12.344504356384277
1432841322265 0 13.73314094543457 -16.079458236694336 -10.017339706420898
1432841322275 0 16.634912490844727 -12.200851440429688 -0.06703764945268631
1432841322285 0 18.090587615966797 -5.851428985595703 9.739612579345703
1432841322295 0 18.81842613220215 -1.5418659448623657 14.642937660217285
1432841322305 0 19.182344436645508 6.01423454284668 17.094600677490234
1432841322315 0 19.364303588867188 11.070788383483887 18.320430755615234
1432841322326 0 19.45049476623535 11.875240325927734 18.674774169921875
1432841322336 0 17.98524284362793 9.624691009521484 12.957419395446777
1432841322346 0 13.139378547668457 4.3191399574279785 6.023811340332031
1432841322356 0 6.5696892738342285 -2.126051187515259 -0.047884032130241394
1432841322366 0 -0.6224924325942993 -8.916007041931152 -5.544970989227295
1432841322376 0 -8.20732307434082 -14.221558570861816 -10.678139686584473
1432841322386 0 -13.867216110229492 -16.87433433532715 -12.97657299041748
1432841322396 0 -16.70195198059082 -16.673221588134766 -12.708422660827637
1432841322406 0 -18.11931800842285 -14.623784065246582 -12.42111873626709
1432841322416 0 -18.8280029296875 -13.196839332580566 -11.808202743530273
1432841322427 0 -19.182344436645508 -12.15296745300293 -9.950302124023438
1432841322437 0 -19.44091796875 -12.36365795135498 -8.149862289428711
1432841322447 0 -13.627796173095703 -14.30774974822998 -8.26478385925293
1432841322457 0 0.07661445438861847 -16.922218322753906 -8.992621421813965
1432841322467 0 9.806650161743164 -18.22466278076172 -7.613561630249023
1432841322477 0 14.67166805267334 -18.63646697998047 -2.1930887699127197
1432841322487 0 17.104177474975586 -11.769895553588867 7.814674377441406
1432841322497 0 18.320430755615234 -5.104437828063965 13.675680160522461
1432841322507 0 18.933347702026367 1.4269442558288574 16.606182098388672
1432841322517 0 19.239805221557617 10.160991668701172 18.071434020996094
1432841322527 0 19.393033981323242 13.579912185668945 17.401058197021484
1432841322538 0 19.469648361206055 12.995726585388184 11.817779541015625
1432841322548 0 18.492813110351562 9.279925346374512 5.20978307723999
1432841322558 0 13.91510009765625 3.6104562282562256 -1.359906554222107
1432841322568 0 7.738059997558594 -2.652775526046753 -5.995080947875977
1432841322578 0 0.7374141216278076 -8.552088737487793 -9.375694274902344
1432841322588 0 -5.315127849578857 -14.03959846496582 -11.865663528442383
1432841322598 0 -12.066776275634766 -16.788143157958984 -12.804190635681152
1432841323489 1 0.6668521761894226 0.23535959422588348 11.218807220458984
1432841323686 1 0.23535959422588348 0.6668521761894226 10.355822563171387
1432841322610 0 -15.80173110961914 -17.602170944213867 -8.954314231872559
1432841322620 0 -17.669208526611328 -15.437812805175781 -5.1810526847839355
1432841322630 0 -18.59815788269043 -13.235146522521973 -3.313575267791748
1432841322640 0 -19.06742286682129 -12.698845863342285 -2.1068975925445557
1432841322650 0 -19.297266006469727 -12.42111873626709 -1.3024457693099976
1432841322660 0 -19.412187576293945 -12.354081153869629 -2.2026655673980713
1432841322670 0 -19.469648361206055 -11.798625946044922 -4.079719543457031
1432841322680 0 -13.761871337890625 -11.520898818969727 -6.89530086517334
1432841322690 0 -2.0015525817871094 -12.986149787902832 -9.66299819946289
1432841322702 0 8.772355079650879 -11.961431503295898 -10.505757331848145
1432841322711 0 14.154520034790039 -10.27591323852539 -6.215347766876221
1432841322721 0 16.845603942871094 -5.07570743560791 1.015141487121582
1432841322731 0 18.195932388305664 0.4692635238170624 10.27591323852539
1432841322741 0 18.866310119628906 5.420472621917725 14.911087989807129
1432841323888 1 -0.03922659903764725 1.0591181516647339 10.277368545532227
1432841322751 0 19.20149803161621 11.405977249145508 17.228675842285156
1432841322761 0 19.37388038635254 13.608642578125 17.037139892578125
1432841322771 0 19.460071563720703 12.277466773986816 12.97657299041748
1432841322782 0 16.625335693359375 7.747636795043945 7.134721279144287
1432841322792 0 10.409989356994629 0.5746083855628967 0.9481038451194763
1432841322802 0 3.19865345954895 -6.789956092834473 -3.313575267791748
1432841322812 0 -3.361459255218506 -13.15853214263916 -7.173028469085693
1432841322822 0 -9.366117477416992 -16.34760856628418 -9.605537414550781
1432841322832 0 -14.451401710510254 -17.937358856201172 -8.341399192810059
1432841322842 0 -16.989255905151367 -18.732234954833984 -5.525817394256592
1432841322852 0 -18.262969970703125 -18.090587615966797 -3.2752678394317627
1432841322862 0 -18.89504051208496 -17.832014083862305 -2.030282974243164
1432841322872 0 -19.211074829101562 -17.755399703979492 -1.7812861204147339
1432841322883 0 -19.37388038635254 -17.8128604888916 -3.485957622528076
1432841322893 0 -19.45049476623535 -17.86074447631836 -6.406883716583252
1432841322903 0 -12.210428237915039 -18.693927764892578 -10.793061256408691
1432841322913 0 2.451662540435791 -19.115306854248047 -14.269442558288574
1432841322923 0 10.994174003601074 -19.32599639892578 -12.239158630371094
1432841322933 0 15.265430450439453 -19.43134117126465 -4.501099109649658
1432841322943 0 17.401058197021484 -12.622231483459473 7.51779317855835
1432841322953 0 18.47365951538086 -6.14831018447876 13.532028198242188
1432841322963 0 19.00996208190918 0.3926490843296051 16.53914451599121
1432841322973 0 19.278112411499023 8.33182144165039 18.04270362854004
1432841322983 0 19.412187576293945 12.047622680664062 17.61174774169922
1432841322994 0 19.479225158691406 11.425130844116211 10.237606048583984
1432841323004 0 15.179238319396973 5.9088897705078125 2.2888567447662354
1432841323014 0 7.163451671600342 -0.9385270476341248 -3.9264907836914062
1432841323024 0 -1.4269442558288574 -7.872135162353516 -8.101978302001953
1432841323034 0 -10.122684478759766 -13.704410552978516 -12.679692268371582
1432841323044 0 -14.824896812438965 -16.615758895874023 -16.10818862915039
1432841323054 0 -17.1807918548584 -18.071434020996094 -16.146495819091797
1432841323064 0 -18.35873794555664 -16.433799743652344 -15.064316749572754
1432841323074 0 -18.94292449951172 -15.591041564941406 -13.120224952697754
1432841323084 0 -19.239805221557617 -16.213533401489258 -10.678139686584473
1432841323094 0 -19.38345718383789 -17.06587028503418 -8.791508674621582
1432841323105 0 -19.460071563720703 -18.30127716064453 -7.872135162353516
1432841323115 0 -12.076353073120117 -18.914194107055664 -9.289502143859863
1432841323125 0 3.734954595565796 -19.220651626586914 -9.528923034667969
1432841323135 0 11.635820388793945 -19.37388038635254 -5.889736175537109
1432841323145 0 15.591041564941406 -19.45049476623535 0.33518823981285095
1432841323155 0 17.56386375427246 -12.411541938781738 14.7387056350708
1432841323165 0 19.048269271850586 -2.6144683361053467 17.142484664916992
1432841323175 0 19.297266006469727 6.531382083892822 18.339584350585938
1432841323185 0 19.421764373779297 11.367670059204102 16.309301376342773
1432841323195 0 19.479225158691406 11.377246856689453 8.312667846679688
1432841323206 0 19.50795555114746 8.034940719604492 1.9057846069335938
1432841323216 0 14.92066478729248 3.141192674636841 -2.959233283996582
1432841323226 0 7.2113356590271 -2.873042106628418 -7.0772600173950195
1432841323236 0 -1.3503297567367554 -8.772355079650879 -10.08437728881836
1432841323247 0 -8.437167167663574 -14.154520034790039 -12.248735427856445
1432841323256 0 -13.982137680053711 -16.845603942871094 -13.522451400756836
1432841323266 0 -16.75941276550293 -18.186355590820312 -10.716446876525879
1432841323277 0 -18.148048400878906 -18.856733322143555 -8.322244644165039
1432841323287 0 -18.83757972717285 -16.807296752929688 -4.778826713562012
1432841323297 0 -19.182344436645508 -16.261417388916016 -2.346317768096924
1432841323307 0 -19.354726791381836 -15.648502349853516 -1.5610195398330688
1432841323317 0 -19.44091796875 -15.207969665527344 -1.9345149993896484
1432841323327 0 -19.488801956176758 -14.824896812438965 -3.5625722408294678
1432841323337 0 -14.43224811553955 -14.690821647644043 -5.947196960449219
1432841323347 0 -2.3942017555236816 -17.113754272460938 -9.490615844726562
1432841323357 0 8.571242332458496 -18.320430755615234 -10.764330863952637
1432841323367 0 14.058752059936523 -18.923770904541016 -6.502651691436768
1432841323377 0 16.797719955444336 -15.543157577514648 6.301538944244385
1432841323387 0 18.16720199584961 -8.71489429473877 12.919112205505371
1432841323397 0 18.856733322143555 -3.4380736351013184 16.23268699645996
1432841324088 1 -0.27458620071411133 1.4121575355529785 10.081235885620117
1432841324288 1 -0.0784531980752945 1.45138418674469 10.159688949584961
1432841324488 1 0.23535959422588348 1.0983448028564453 10.63040828704834
1432841323408 0 19.20149803161621 3.667917013168335 17.889474868774414
1432841323418 0 19.37388038635254 8.398859977722168 18.71308135986328
1432841323428 0 19.460071563720703 9.222464561462402 14.566323280334473
1432841323438 0 19.402610778808594 5.65031623840332 7.307103633880615
1432841323448 0 13.800178527832031 -0.9672574996948242 0.7469909191131592
1432841323458 0 5.7556610107421875 -8.609549522399902 -3.840299606323242
1432841323468 0 -2.38462495803833 -14.068328857421875 -7.728483200073242
1432841323478 0 -9.988609313964844 -16.797719955444336 -10.54406452178955
1432841323488 0 -14.757859230041504 -18.16720199584961 -10.716446876525879
1432841323499 0 -17.142484664916992 -18.847156524658203 -8.83939266204834
1432841323510 0 -18.339584350585938 -19.048269271850586 -6.694188117980957
1432841323520 0 -18.933347702026367 -17.956512451171875 -4.414907932281494
1432841323530 0 -19.230228424072266 -17.13290786743164 -2.9305028915405273
1432841323540 0 -19.38345718383789 -16.81687355041504 -3.773261785507202
1432841323550 0 -19.460071563720703 -17.046716690063477 -6.57926607131958
1432841323561 0 -11.932701110839844 -18.29170036315918 -10.65898609161377
1432841323571 0 2.6623523235321045 -18.914194107055664 -15.093047142028809
1432841323581 0 11.099518775939941 -19.220651626586914 -15.409082412719727
1432841323591 0 15.322891235351562 -18.933347702026367 -7.929595947265625
1432841323603 0 17.42978858947754 -11.48259162902832 5.803544998168945
1432841323611 0 18.48323631286621 -5.746084213256836 12.67011547088623
1432841323622 0 19.00996208190918 0.6224924325942993 16.10818862915039
1432841323632 0 19.278112411499023 8.245630264282227 17.822437286376953
1432841323642 0 19.412187576293945 11.511322021484375 18.626888275146484
1432841323652 0 19.479225158691406 10.802638053894043 12.507309913635254
1432841323662 0 16.04115104675293 6.7708024978637695 5.372588634490967
1432841323673 0 9.155426979064941 0.9097966551780701 -0.3734954595565796
1432841323683 0 1.3886369466781616 -6.081272125244141 -5.07570743560791
1432841323693 0 -5.717353820800781 -12.804190635681152 -10.764330863952637
1432841324690 1 0.5491724014282227 0.9022117853164673 11.493393898010254
1432841323704 0 -12.622231483459473 -16.1656494140625 -14.748282432556152
1432841323716 0 -16.079458236694336 -17.851167678833008 -13.21599292755127
1432841323724 0 -17.80328369140625 -16.136919021606445 -12.516886711120605
1432841323737 0 -18.665197372436523 -14.604630470275879 -12.057199478149414
1432841323743 0 -19.096153259277344 -14.393940925598145 -11.444284439086914
1432841323753 0 -19.31641960144043 -14.528016090393066 -10.266336441040039
1432841323763 0 -19.421764373779297 -15.0355863571167 -9.691728591918945
1432841323773 0 -15.993267059326172 -15.945383071899414 -9.308655738830566
1432841323783 0 -4.836287498474121 -17.73624610900879 -10.96544361114502
1432841323793 0 13.445837020874023 -19.086576461791992 -8.59997272491455
1432841323804 0 16.491260528564453 -16.922218322753906 0.23942017555236816
1432841323814 0 18.013973236083984 -11.377246856689453 9.892841339111328
1432841323824 0 18.780118942260742 -8.034940719604492 14.719552040100098
1432841323834 0 19.163190841674805 0.6703764796257019 17.13290786743164
1432841323844 0 19.354726791381836 8.188169479370117 18.339584350585938
1432841323854 0 19.45049476623535 10.074800491333008 18.94292449951172
1432841323864 0 19.49837875366211 8.26478385925293 12.938265800476074
1432841323874 0 17.046716690063477 3.294421434402466 5.70777702331543
1432841323884 0 10.869675636291504 -3.2082302570343018 -0.5171475410461426
1432841323894 0 3.5242648124694824 -10.256759643554688 -5.535394191741943
1432841323904 0 -4.548983097076416 -14.891934394836426 -9.35654067993164
1432841323915 0 -12.038045883178711 -17.209522247314453 -12.018892288208008
1432841323925 0 -15.782577514648438 -18.368314743041992 -12.15296745300293
1432841323936 0 -17.659631729125977 -18.95250129699707 -11.195286750793457
1432841323946 0 -18.59815788269043 -18.799272537231445 -8.791508674621582
1432841323956 0 -19.06742286682129 -16.864757537841797 -6.138733386993408
1432841323966 0 -19.297266006469727 -15.380352020263672 -4.922478675842285
1432841323975 0 -19.412187576293945 -14.317326545715332 -4.989516258239746
1432841323985 0 -19.469648361206055 -14.24071216583252 -6.196194171905518
1432841323995 0 -12.804190635681152 -16.117765426635742 -7.575253963470459
1432841324006 0 2.1068975925445557 -17.822437286376953 -9.96945571899414
1432841324017 0 10.821791648864746 -18.674774169921875 -10.036493301391602
1432841324026 0 15.179238319396973 -16.76898956298828 -7.105990409851074
1432841324036 0 17.362751007080078 -9.787496566772461 2.3942017555236816
1432841324046 0 18.454505920410156 -2.940079689025879 10.96544361114502
1432841324056 0 19.000385284423828 3.648763418197632 15.255853652954102
1432841324066 0 19.268535614013672 11.597513198852539 17.401058197021484
1432841324076 0 19.402610778808594 13.397953033447266 17.027563095092773
1432841324086 0 19.469648361206055 10.821791648864746 10.141838073730469
1432841324097 0 17.24782943725586 4.089296340942383 2.097320795059204
1432841324107 0 10.266336441040039 -4.884171485900879 -3.936067581176758
1432841324117 0 1.5705963373184204 -12.210428237915039 -8.360552787780762
1432841324127 0 -8.14028549194336 -15.868768692016602 -12.306197166442871
1432841324137 0 -13.838485717773438 -17.697938919067383 -12.85207462310791
1432841324147 0 -16.682798385620117 -18.617311477661133 -10.35252857208252
1432841324157 0 -18.1097412109375 -19.07699966430664 -7.201758861541748
1432841324167 0 -18.81842613220215 -18.4066219329834 -3.840299606323242
1432841324177 0 -19.172767639160156 -17.86074447631836 -2.365471363067627
1432841324187 0 -19.354726791381836 -17.391481399536133 -2.738966703414917
1432841324198 0 -19.44091796875 -17.640478134155273 -4.807557106018066
1432841324208 0 -13.761871337890625 -18.588581085205078 -7.201758861541748
1432841324218 0 0.7182605266571045 -19.057846069335938 -10.5344877243042
1432841324228 0 10.132261276245117 -19.297266006469727 -12.67011547088623
1432841324238 0 14.834473609924316 -19.412187576293945 -9.260771751403809
1432841324248 0 17.19036865234375 -13.0914945602417 2.719813108444214
1432841324258 0 18.368314743041992 -10.390835762023926 11.128249168395996
1432841324268 0 18.95250129699707 0.019153613597154617 15.332468032836914
1432841324278 0 19.24938201904297 8.245630264282227 17.43936538696289
1432841324288 0 19.393033981323242 10.563218116760254 18.492813110351562
1432841324298 0 19.469648361206055 8.561665534973145 11.60708999633789
1432841324310 0 17.13290786743164 2.5761611461639404 3.160346269607544
1432841324320 0 10.295066833496094 -4.845864295959473 -2.806004285812378
1432841324330 0 2.2218191623687744 -12.162544250488281 -6.627150535583496
1432841324341 0 -5.966350555419922 -15.849615097045898 -10.563218116760254
1432841324351 0 -12.746729850769043 -17.68836212158203 -12.038045883178711
1432841324362 0 -16.136919021606445 -18.60773468017578 -9.959878921508789
1432841324372 0 -17.832014083862305 -18.157625198364258 -6.914454460144043
1432841324385 0 -18.684350967407227 -17.209522247314453 -5.085284233093262
1432841324391 0 -19.105730056762695 -15.418659210205078 -4.156333923339844
1432841324401 0 -19.31641960144043 -14.087482452392578 -3.600879430770874
1432841324411 0 -19.421764373779297 -13.742717742919922 -4.711789131164551
1432841324421 0 -18.914194107055664 -14.374787330627441 -6.186617374420166
1432841324432 0 -8.523358345031738 -16.95094871520996 -9.500192642211914
1432841324442 0 5.506663799285889 -18.243816375732422 -12.038045883178711
1432841324452 0 12.526463508605957 -15.514427185058594 -0.9672574996948242
1432841324462 0 17.784130096435547 -7.987056732177734 9.289502143859863
1432841324472 0 18.665197372436523 -2.451662540435791 14.413094520568848
1432841324482 0 19.105730056762695 5.7556610107421875 16.979679107666016
1432841324492 0 19.32599639892578 11.262324333190918 18.262969970703125
1432841324890 1 0.6668521761894226 0.7845319509506226 10.90499496459961
1432841325087 1 0.627625584602356 0.6668521761894226 10.748087882995605
1432841325289 1 0.35303938388824463 0.627625584602356 10.512728691101074
1432841325488 1 -0.0784531980752945 1.3729310035705566 10.042009353637695
1432841324502 0 19.43134117126465 10.955866813659668 14.901511192321777
1432841324512 0 19.488801956176758 7.038952827453613 7.632715225219727
1432841324522 0 14.374787330627441 0.181959331035614 1.072602391242981
1432841324532 0 6.320692539215088 -7.728483200073242 -3.44765043258667
1432841324543 0 -1.2737152576446533 -13.627796173095703 -7.393294811248779
1432841324554 0 -8.992621421813965 -16.577451705932617 -10.96544361114502
1432841324567 0 -14.259865760803223 -18.05228042602539 -10.409989356994629
1432841324574 0 -16.89348793029785 -18.789695739746094 -8.456320762634277
1432841324584 0 -18.215085983276367 -19.163190841674805 -6.655880928039551
1432841324594 0 -18.875886917114258 -19.345149993896484 -4.9799394607543945
1432841324605 0 -19.20149803161621 -19.44091796875 -4.07014274597168
1432841324615 0 -19.364303588867188 -19.488801956176758 -5.07570743560791
1432841324625 0 -19.45049476623535 -19.50795555114746 -7.623138427734375
1432841324635 0 -11.923124313354492 -19.517532348632812 -11.022904396057129
1432841324645 0 3.8115692138671875 -19.527109146118164 -14.03959846496582
1432841324655 0 11.674127578735352 -19.527109146118164 -13.541604995727539
1432841324665 0 15.61019515991211 -19.527109146118164 -2.7485435009002686
1432841324675 0 17.573440551757812 -15.093047142028809 8.398859977722168
1432841324685 0 18.559850692749023 -12.172121047973633 13.97256088256836
1432841324695 0 19.048269271850586 -2.6144683361053467 16.75941276550293
1432841324706 0 19.297266006469727 6.01423454284668 18.148048400878906
1432841324716 0 19.421764373779297 8.59997272491455 13.330915451049805
1432841324726 0 19.479225158691406 6.866570472717285 5.937620162963867
1432841324736 0 15.207969665527344 2.4612393379211426 -0.3734954595565796
1432841324746 0 7.450755596160889 -3.428496837615967 -4.750096321105957
1432841324756 0 -0.9289502501487732 -11.444284439086914 -8.973467826843262
1432841324766 0 -9.069235801696777 -15.485696792602539 -12.593501091003418
1432841324777 0 -14.298172950744629 -17.50640296936035 -14.508862495422363
1432841324786 0 -16.912641525268555 -18.521543502807617 -14.642937660217285
1432841324797 0 -18.22466278076172 -18.751388549804688 -13.48414421081543
1432841324810 0 -18.875886917114258 -17.61174774169922 -12.334927558898926
1432841324820 0 -19.20149803161621 -16.318878173828125 -11.27190113067627
1432841324830 0 -19.364303588867188 -15.30373764038086 -9.41400146484375
1432841324840 0 -19.45049476623535 -15.993267059326172 -9.232041358947754
1432841324851 0 -17.851167678833008 -17.764976501464844 -9.155426979064941
1432841324861 0 -3.112462282180786 -18.64604377746582 -9.931148529052734
1432841324871 0 8.216899871826172 -19.086576461791992 -4.941632270812988
1432841324881 0 16.711528778076172 -15.658079147338867 7.249642848968506
1432841324891 0 18.128894805908203 -9.940725326538086 13.397953033447266
1432841324901 0 18.83757972717285 -5.276820659637451 16.47210693359375
1432841324911 0 19.19192123413086 5.4875102043151855 18.004396438598633
1432841324921 0 19.364303588867188 9.921571731567383 18.310853958129883
1432841324931 0 19.45049476623535 9.27034854888916 11.654973983764648
1432841324941 0 18.904617309570312 4.855441093444824 4.338293552398682
1432841324951 0 12.536040306091309 -2.75812029838562 -1.7525556087493896
1432841324962 0 3.6296098232269287 -11.1474027633667 -6.876147270202637
1432841324972 0 -5.20978307723999 -15.342044830322266 -10.764330863952637
1432841324982 0 -12.373234748840332 -17.43936538696289 -12.36365795135498
1432841324992 0 -15.954959869384766 -18.48323631286621 -9.337387084960938
1432841325002 0 -17.74582290649414 -19.00996208190918 -4.817133903503418
1432841325012 0 -18.63646697998047 -19.268535614013672 -0.009576806798577309
1432841325022 0 -19.086576461791992 -19.402610778808594 3.6391866207122803
1432841325032 0 -19.306842803955078 -19.469648361206055 4.108449935913086
1432841325042 0 -19.421764373779297 -19.49837875366211 1.4460978507995605
1432841325052 0 -17.56386375427246 -19.517532348632812 -2.250549554824829
1432841325063 0 -4.989516258239746 -19.527109146118164 -7.173028469085693
1432841325073 0 7.2783732414245605 -19.527109146118164 -9.615114212036133
1432841325083 0 13.407529830932617 -19.527109146118164 -4.644751071929932
1432841325093 0 16.47210693359375 -16.452953338623047 7.450755596160889
1432841325689 1 -0.27458620071411133 1.5298373699188232 10.042009353637695
1432841325890 1 -0.27458620071411133 1.6082905530929565 9.845876693725586
1432841326088 1 -0.27458620071411133 1.4906107187271118 10.002782821655273
1432841326288 1 0.03922659903764725 1.3729310035705566 10.277368545532227
1432841325103 0 18.004396438598633 -10.611102104187012 13.493721008300781
1432841325113 0 18.77054214477539 -4.098873138427734 16.519990921020508
1432841325123 0 19.153614044189453 5.717353820800781 18.033126831054688
1432841325133 0 19.345149993896484 9.682151794433594 14.183250427246094
1432841325143 0 19.44091796875 9.050082206726074 7.51779317855835
1432841325154 0 19.469648361206055 4.999093055725098 0.9576807022094727
1432841325164 0 13.781024932861328 -0.9959878921508789 -4.376600742340088
1432841325174 0 5.70777702331543 -8.686163902282715 -7.757213592529297
1432841325184 0 -1.6089035272598267 -14.106636047363281 -10.438719749450684
1432841325194 0 -9.346963882446289 -16.81687355041504 -13.225569725036621
1432841325204 0 -14.441824913024902 -18.17677879333496 -12.02846908569336
1432841325214 0 -16.989255905151367 -18.856733322143555 -9.02135181427002
1432841325224 0 -18.262969970703125 -19.19192123413086 -5.688623428344727
1432841325234 0 -18.89504051208496 -17.238252639770508 -2.078166961669922
1432841325244 0 -19.211074829101562 -15.667655944824219 -0.23942017555236816
1432841325254 0 -19.37388038635254 -15.322891235351562 -0.727837324142456
1432841325264 0 -19.45049476623535 -15.830461502075195 -2.738966703414917
1432841325275 0 -17.525556564331055 -17.67878532409668 -5.315127849578857
1432841325285 0 -5.525817394256592 -18.60773468017578 -10.486603736877441
1432841325295 0 7.010222434997559 -19.06742286682129 -13.48414421081543
1432841325305 0 13.273454666137695 -19.297266006469727 -11.97100830078125
1432841325315 0 16.40506935119629 -15.169661521911621 0.7182605266571045
1432841325325 0 17.975666046142578 -9.452308654785156 10.132261276245117
1432841325335 0 18.76096534729004 -4.730942726135254 14.834473609924316
1432841325345 0 19.153614044189453 3.7158010005950928 17.19036865234375
1432841325355 0 19.345149993896484 8.446743965148926 17.017986297607422
1432841325365 0 19.44091796875 8.054094314575195 11.243170738220215
1432841325376 0 19.488801956176758 4.194641590118408 5.238513469696045
1432841325386 0 14.882357597351074 -1.9345149993896484 0.1628057211637497
1432841325396 0 9.174580574035645 -10.735600471496582 -3.2082302570343018
1432841325406 0 2.250549554824829 -15.131354331970215 -6.244078159332275
1432841325416 0 -5.420472621917725 -17.334020614624023 -6.914454460144043
1432841325426 0 -12.4785795211792 -18.435352325439453 -3.754108190536499
1432841325436 0 -16.002843856811523 -18.981231689453125 1.9823989868164062
1432841325446 0 -17.764976501464844 -19.25895881652832 8.638279914855957
1432841325461 0 -18.64604377746582 -19.393033981323242 11.798625946044922
1432841325466 0 -19.086576461791992 -19.460071563720703 10.141838073730469
1432841325476 0 -19.306842803955078 -19.49837875366211 5.161899089813232
1432841325487 0 -19.421764373779297 -19.517532348632812 -0.5937620401382446
1432841325497 0 -19.43134117126465 -19.527109146118164 -7.297526836395264
1432841325507 0 -7.4986395835876465 -19.527109146118164 -13.417106628417969
1432841325517 0 6.023811340332031 -19.527109146118164 -16.47210693359375
1432841325527 0 12.78503704071045 -19.527109146118164 -16.29014778137207
1432841325537 0 16.1656494140625 -19.527109146118164 1.6280571222305298
1432841325547 0 17.851167678833008 -19.527109146118164 10.582371711730957
1432841325558 0 18.693927764892578 -16.721105575561523 15.064316749572754
1432841326488 1 0.23535959422588348 1.019891619682312 10.90499496459961
1432841326687 1 0.509945809841156 0.7845319509506226 11.532620429992676
1432841325758 0 18.847156524658203 -4.836287498474121 16.99883270263672
1432841325768 0 19.19192123413086 5.851428985595703 18.272546768188477
1432841325778 0 19.364303588867188 8.944737434387207 17.046716690063477
1432841325788 0 19.45049476623535 7.0772600173950195 10.036493301391602
1432841325802 0 19.32599639892578 1.8100165128707886 2.346317768096924
1432841325808 0 13.120224952697754 -5.056553840637207 -4.32871675491333
1432841325822 0 3.9647979736328125 -12.29662036895752 -8.59997272491455
1432841325828 0 -4.568136692047119 -15.91665267944336 -11.128249168395996
1432841325838 0 -11.731588363647461 -17.726669311523438 -12.344504356384277
1432841325848 0 -15.629348754882812 -18.626888275146484 -9.107542991638184
1432841325859 0 -17.583017349243164 -19.07699966430664 -4.137180328369141
1432841325869 0 -18.559850692749023 -19.306842803955078 1.3503297567367554
1432841325879 0 -19.048269271850586 -16.8839111328125 6.531382083892822
1432841325889 0 -19.287689208984375 -14.537592887878418 8.753201484680176
1432841325899 0 -19.412187576293945 -13.48414421081543 7.201758861541748
1432841325909 0 -19.469648361206055 -14.470555305480957 2.2409727573394775
1432841325920 0 -13.599065780639648 -16.99883270263672 -5.324704647064209
1432841325930 0 2.1930887699127197 -18.262969970703125 -11.578359603881836
1432841325940 0 10.869675636291504 -18.89504051208496 -14.211980819702148
1432841325950 0 15.207969665527344 -19.211074829101562 -5.161899089813232
1432841325960 0 17.37232780456543 -12.899958610534668 7.1921820640563965
1432841325970 0 18.454505920410156 -7.201758861541748 13.369222640991211
1432841325980 0 19.000385284423828 1.1300631761550903 16.452953338623047
1432841325990 0 19.268535614013672 9.452308654785156 17.99481964111328
1432841326000 0 19.402610778808594 9.96945571899414 15.418659210205078
1432841326010 0 19.469648361206055 6.186617374420166 8.609549522399902
1432841326020 0 15.140931129455566 -1.1492167711257935 1.8387469053268433
1432841326030 0 8.149862289428711 -10.285490036010742 -2.7006595134735107
1432841326041 0 -0.20111294090747833 -14.911087989807129 -5.679046630859375
1432841326051 0 -9.576807022094727 -17.219099044799805 -7.2783732414245605
1432841326061 0 -17.161638259887695 -18.95250129699707 -0.8619126081466675
1432841326071 0 -18.29170036315918 -19.239805221557617 3.2082302570343018
1432841326081 0 -18.914194107055664 -19.38345718383789 5.669469833374023
1432841326091 0 -19.220651626586914 -19.460071563720703 5.612008571624756
1432841326101 0 -19.37388038635254 -19.49837875366211 2.537853717803955
1432841326111 0 -19.45049476623535 -19.517532348632812 -2.537853717803955
1432841326122 0 -15.10262393951416 -19.527109146118164 -9.998186111450195
1432841326132 0 -2.1356279850006104 -19.527109146118164 -14.767436027526855
1432841326142 0 8.705317497253418 -19.527109146118164 -17.152061462402344
1432841326152 0 14.125789642333984 -19.527109146118164 -4.702212333679199
1432841326163 0 16.836027145385742 -19.527109146118164 7.422025203704834
1432841326173 0 18.186355590820312 -19.527109146118164 13.48414421081543
1432841326183 0 18.866310119628906 -19.527109146118164 16.510414123535156
1432841326887 1 0.7845319509506226 1.1767979860305786 11.33648681640625
1432841327087 1 0.8629851937294006 1.0983448028564453 11.375713348388672
1432841327287 1 0.7845319509506226 0.9806649684906006 10.944221496582031
1432841326193 0 19.20149803161621 -11.051634788513184 18.023550033569336
1432841326204 0 19.37388038635254 -2.7485435009002686 16.66364288330078
1432841326220 0 19.460071563720703 0.507570743560791 12.411541938781738
1432841326223 0 19.49837875366211 1.1683704853057861 9.050082206726074
1432841326233 0 17.38190460205078 -1.4460978507995605 4.357447147369385
1432841326243 0 10.946290016174316 -5.612008571624756 -1.4460978507995605
1432841326253 0 1.656787633895874 -10.304644584655762 -7.096413612365723
1432841326263 0 -8.35097599029541 -14.92066478729248 -12.4785795211792
1432841326273 0 -13.943830490112305 -17.228675842285156 -16.002843856811523
1432841326283 0 -16.740259170532227 -18.377891540527344 -16.04115104675293
1432841326293 0 -18.138471603393555 -18.95250129699707 -12.641385078430176
1432841326304 0 -18.83757972717285 -17.113754272460938 -8.437167167663574
1432841326314 0 -19.182344436645508 -14.441824913024902 -4.367023944854736
1432841326324 0 -19.354726791381836 -12.880805015563965 -1.4748282432556152
1432841326334 0 -19.44091796875 -13.503297805786133 -0.7565677165985107
1432841326344 0 -17.91820526123047 -15.868768692016602 -1.723825216293335
1432841326354 0 -4.616020679473877 -17.697938919067383 -5.688623428344727
1432841326364 0 7.46033239364624 -18.617311477661133 -9.366117477416992
1432841326374 0 13.503297805786133 -19.07699966430664 0.09576806426048279
1432841326384 0 16.519990921020508 -15.945383071899414 9.816226959228516
1432841326394 0 18.033126831054688 -11.60708999633789 14.681244850158691
1432841326405 0 18.789695739746094 -5.066130638122559 17.113754272460938
1432841326415 0 19.163190841674805 2.3942017555236816 18.330007553100586
1432841326425 0 19.354726791381836 7.086836814880371 18.732234954833984
1432841326435 0 19.45049476623535 5.535394191741943 12.593501091003418
1432841326445 0 18.83757972717285 -0.3447650372982025 5.3342814445495605
1432841326455 0 12.392388343811035 -9.337387084960938 -0.689530074596405
1432841326465 0 3.5625722408294678 -14.43224811553955 -4.750096321105957
1432841326475 0 -5.765237808227539 -16.979679107666016 -8.02536392211914
1432841326485 0 -12.650961875915527 -18.253393173217773 -9.011775016784668
1432841326498 0 -16.089035034179688 -18.89504051208496 -5.602431774139404
1432841326506 0 -17.8128604888916 -19.211074829101562 -1.0055646896362305
1432841326516 0 -18.674774169921875 -17.573440551757812 3.9264907836914062
1432841326526 0 -19.105730056762695 -15.571887969970703 7.163451671600342
1432841326536 0 -19.31641960144043 -14.92066478729248 5.947196960449219
1432841326546 0 -19.421764373779297 -16.299724578857422 1.139639973640442
1432841326556 0 -16.04115104675293 -17.91820526123047 -6.320692539215088
1432841326566 0 -1.3886369466781616 -18.722658157348633 -12.928689002990723
1432841326577 0 9.078812599182129 -19.1248836517334 -16.23268699645996
1432841327489 1 0.7453053593635559 0.509945809841156 10.238142013549805
1432841326586 0 14.30774974822998 -19.32599639892578 -0.05746084079146385
1432841326596 0 16.922218322753906 -19.43134117126465 9.739612579345703
1432841327689 1 0.7845319509506226 0.03922659903764725 10.512728691101074
1432841326607 0 18.23423957824707 -19.479225158691406 14.642937660217285
1432841327888 1 0.9022117853164673 0.11767979711294174 11.061901092529297
1432841326617 0 18.88546371459961 -13.321338653564453 17.094600677490234
1432841326627 0 19.211074829101562 -3.294421434402466 18.320430755615234
1432841326637 0 19.37388038635254 0.6224924325942993 16.40506935119629
1432841326647 0 19.460071563720703 0.28730419278144836 9.950302124023438
1432841326657 0 16.34760856628418 -4.76924991607666 3.869029998779297
1432841326667 0 7.671022415161133 -12.105083465576172 -1.6376339197158813
1432841326677 0 -2.518700122833252 -15.820884704589844 -8.092401504516602
1432841326687 0 -11.022904396057129 -17.67878532409668 -13.752294540405273
1432841326697 0 -15.275007247924805 -18.60773468017578 -14.336480140686035
1432841326707 0 -17.401058197021484 -19.06742286682129 -11.338939666748047
1432841326718 0 -18.464082717895508 -18.511966705322266 -8.08282470703125
1432841326728 0 -19.000385284423828 -15.67723274230957 -3.246537446975708
1432841326738 0 -19.268535614013672 -14.058752059936523 -0.047884032130241394
1432841326748 0 -19.402610778808594 -14.844050407409668 -0.7182605266571045
1432841326758 0 -19.469648361206055 -17.152061462402344 -3.4763808250427246
1432841326768 0 -7.872135162353516 -18.339584350585938 -9.423578262329102
1432841326778 0 5.832275390625 -18.933347702026367 -14.154520034790039
1432841326788 0 12.689269065856934 -19.230228424072266 -11.626243591308594
1432841326798 0 16.117765426635742 -19.38345718383789 3.955221176147461
1432841326810 0 18.684350967407227 -8.08282470703125 15.648502349853516
1432841326820 0 19.115306854248047 3.3039982318878174 17.592594146728516
1432841326830 0 19.32599639892578 8.78193187713623 18.569427490234375
1432841326840 0 19.43134117126465 8.283937454223633 14.585476875305176
1432841326851 0 19.057846069335938 2.7102363109588623 7.134721279144287
1432841326861 0 13.053187370300293 -5.95677375793457 0.507570743560791
1432841326871 0 4.788403511047363 -12.746729850769043 -4.309563159942627
1432841326881 0 -5.286397457122803 -16.136919021606445 -7.738059997558594
1432841326891 0 -12.411541938781738 -17.832014083862305 -9.117119789123535
1432841326901 0 -15.974113464355469 -18.684350967407227 -6.378153324127197
1432841326911 0 -17.755399703979492 -19.105730056762695 -1.8291701078414917
1432841326921 0 -18.64604377746582 -19.31641960144043 3.19865345954895
1432841326931 0 -19.086576461791992 -19.421764373779297 7.115567684173584
1432841326941 0 -19.306842803955078 -19.479225158691406 5.937620162963867
1432841326951 0 -19.421764373779297 -19.50795555114746 1.359906554222107
1432841326962 0 -17.07544708251953 -19.517532348632812 -6.224924564361572
1432841326972 0 -2.2026655673980713 -19.527109146118164 -12.880805015563965
1432841326982 0 8.667010307312012 -19.527109146118164 -16.203956604003906
1432841326992 0 14.106636047363281 -19.527109146118164 -2.6623523235321045
1432841327002 0 16.82645034790039 -19.527109146118164 8.437167167663574
1432841327012 0 18.186355590820312 -17.602170944213867 13.991714477539062
1432841327022 0 18.866310119628906 -9.911994934082031 16.76898956298828
1432841327032 0 19.20149803161621 1.015141487121582 18.157625198364258
1432841327042 0 19.37388038635254 5.200206279754639 14.460978507995605
1432841327052 0 19.460071563720703 4.108449935913086 7.718906402587891
1432841327062 0 14.250288963317871 -1.6376339197158813 1.9728221893310547
1432841327072 0 4.970362663269043 -10.141838073730469 -3.5051112174987793
1432841327083 0 -4.960785865783691 -14.834473609924316 -9.097966194152832
1432841327093 0 -12.248735427856445 -17.1807918548584 -14.317326545715332
1432841327103 0 -15.887922286987305 -18.35873794555664 -15.571887969970703
1432841327113 0 -17.707515716552734 -18.94292449951172 -13.321338653564453
1432841327123 0 -18.617311477661133 -19.1440372467041 -10.668562889099121
1432841327133 0 -19.07699966430664 -16.82645034790039 -7.230489253997803
1432841327143 0 -19.306842803955078 -15.275007247924805 -4.4532151222229
1432841327154 0 -19.421764373779297 -16.10818862915039 -4.424484729766846
1432841327164 0 -19.01953887939453 -17.822437286376953 -5.736507415771484
1432841327174 0 -3.19865345954895 -18.674774169921875 -6.378153324127197
1432841327184 0 8.169015884399414 -19.105730056762695 -7.6997528076171875
1432841327194 0 13.85763931274414 -19.31641960144043 2.31758713722229
1432841327205 0 16.70195198059082 -14.872780799865723 10.927136421203613
1432841327214 0 18.11931800842285 -13.321338653564453 15.236700057983398
1432841327224 0 18.8280029296875 -3.3423056602478027 17.391481399536133
1432841327234 0 19.182344436645508 7.690176010131836 18.464082717895508
1432841327244 0 19.364303588867188 11.252747535705566 15.686809539794922
1432841327254 0 19.45049476623535 8.580819129943848 8.341399192810059
1432841327265 0 16.079458236694336 0.8331822156906128 1.1875240802764893
1432841327275 0 8.734047889709473 -9.346963882446289 -4.223371982574463
1432841327285 0 0.4596867263317108 -14.441824913024902 -8.628703117370605
1432841327295 0 -8.89685344696045 -16.989255905151367 -12.574347496032715
1432841327305 0 -14.211980819702148 -18.262969970703125 -12.986149787902832
1432841327315 0 -16.87433433532715 -18.89504051208496 -7.536946773529053
1432841327325 0 -18.205509185791016 -19.211074829101562 -2.0207061767578125
1432841327336 0 -18.866310119628906 -19.345149993896484 0.545877993106842
1432841327346 0 -19.20149803161621 -18.511966705322266 2.2026655673980713
1432841327355 0 -19.364303588867188 -17.975666046142578 1.3503297567367554
1432841327365 0 -19.45049476623535 -17.525556564331055 -2.0590133666992188
1432841327376 0 -13.991714477539062 -18.29170036315918 -7.90086555480957
1432841327386 0 -1.4460978507995605 -18.914194107055664 -13.407529830932617
1432841327396 0 9.050082206726074 -19.220651626586914 -15.42823600769043
1432841328089 1 0.9022117853164673 0.156906396150589 10.865767478942871
1432841328289 1 0.9022117853164673 0.03922659903764725 10.82654094696045
1432841328489 1 0.9806649684906006 -0.03922659903764725 10.551955223083496
1432841328689 1 0.7060787677764893 -0.0784531980752945 10.708861351013184
1432841327406 0 14.298172950744629 -19.37388038635254 -7.402871608734131
1432841327416 0 16.922218322753906 -18.215085983276367 6.071695327758789
1432841327426 0 18.23423957824707 -12.938265800476074 12.804190635681152
1432841327436 0 18.88546371459961 -8.53293514251709 16.17522621154785
1432841327446 0 19.211074829101562 -1.8962076902389526 17.86074447631836
1432841327456 0 19.37388038635254 2.4803929328918457 18.70350456237793
1432841327466 0 19.460071563720703 3.399766445159912 12.890381813049316
1432841327476 0 19.49837875366211 1.3024457693099976 6.301538944244385
1432841327486 0 15.169661521911621 -3.428496837615967 0.7086837291717529
1432841327497 0 7.718906402587891 -9.931148529052734 -3.3231520652770996
1432841327508 0 0.5650315880775452 -14.72912883758545 -6.847416877746582
1432841327518 0 -6.617573261260986 -17.13290786743164 -12.67011547088623
1432841327528 0 -16.299724578857422 -18.933347702026367 -11.243170738220215
1432841327539 0 -17.91820526123047 -19.230228424072266 -9.730035781860352
1432841327548 0 -18.722658157348633 -19.38345718383789 -9.701305389404297
1432841327558 0 -19.1248836517334 -17.401058197021484 -7.661445617675781
1432841327568 0 -19.32599639892578 -16.060304641723633 -6.186617374420166
1432841327578 0 -19.43134117126465 -16.53914451599121 -6.157886981964111
1432841327588 0 -19.479225158691406 -18.033126831054688 -6.71334171295166
1432841327598 0 -11.329362869262695 -18.780118942260742 -7.220912456512451
1432841327608 0 4.108449935913086 -19.153614044189453 -7.910442352294922
1432841327618 0 11.827356338500977 -19.345149993896484 -6.531382083892822
1432841327628 0 15.686809539794922 -19.44091796875 6.493074893951416
1432841327638 0 17.61174774169922 -16.855180740356445 13.014880180358887
1432841327648 0 18.579004287719727 -14.537592887878418 16.28057098388672
1432841327658 0 19.057846069335938 -6.426037311553955 17.908628463745117
1432841327668 0 19.297266006469727 1.2737152576446533 18.29170036315918
1432841327679 0 19.421764373779297 2.9496564865112305 11.779472351074219
1432841327689 0 16.127342224121094 -0.24899697303771973 2.3750481605529785
1432841327699 0 5.286397457122803 -4.529829502105713 -6.655880928039551
1432841328888 1 0.313812792301178 0.27458620071411133 10.473502159118652
1432841327709 0 -7.1251444816589355 -11.760318756103516 -13.0914945602417
1432841327719 0 -13.330915451049805 -15.648502349853516 -16.309301376342773
1432841327729 0 -16.433799743652344 -16.69237518310547 -17.91820526123047
1432841327739 0 -17.98524284362793 -14.058752059936523 -18.722658157348633
1432841327750 0 -18.76096534729004 -12.4785795211792 -18.16720199584961
1432841327760 0 -19.1440372467041 -10.860098838806152 -14.911087989807129
1432841327770 0 -19.335573196411133 -10.524910926818848 -10.553641319274902
1432841327780 0 -13.991714477539062 -10.96544361114502 -6.57926607131958
1432841327790 0 -4.347870349884033 -11.836933135986328 -4.003105163574219
1432841327800 0 7.594407558441162 -12.315773963928223 -0.9576807022094727
1432841327810 0 13.570335388183594 -9.346963882446289 4.558559894561768
1432841327820 0 16.558298110961914 -5.382165431976318 11.35809326171875
1432841327830 0 18.05228042602539 -2.145204782485962 15.447389602661133
1432841327840 0 18.799272537231445 -0.047884032130241394 17.496826171875
1432841327850 0 19.172767639160156 1.235408067703247 18.330007553100586
1432841327860 0 19.354726791381836 2.9305028915405273 17.362751007080078
1432841327870 0 19.45049476623535 3.869029998779297 14.987702369689941
1432841327880 0 17.50640296936035 4.357447147369385 11.1474027633667
1432841327891 0 14.882357597351074 4.462791919708252 7.46033239364624
1432841327901 0 11.310209274291992 4.338293552398682 3.552995204925537
1432841327911 0 8.504204750061035 4.1180267333984375 0.38307225704193115
1432841327921 0 6.100425720214844 4.194641590118408 -2.2409727573394775
1432841327931 0 4.568136692047119 3.9456443786621094 -3.734954595565796
1432841327941 0 3.6966474056243896 3.313575267791748 -4.912901878356934
1432841327951 0 3.0837318897247314 2.7772738933563232 -5.947196960449219
1432841327962 0 3.2848446369171143 2.8347349166870117 -6.100425720214844
1432841327973 0 3.8307228088378906 2.7676970958709717 -5.880159378051758
1432841327983 0 4.932055473327637 2.7772738933563232 -5.679046630859375
1432841327993 0 6.186617374420166 2.9305028915405273 -5.669469833374023
1432841328003 0 7.565677165985107 2.959233283996582 -5.142745018005371
1432841328013 0 8.628703117370605 3.0166940689086914 -4.041412353515625
1432841328024 0 9.308655738830566 3.045424461364746 -2.279279947280884
1432841328034 0 9.806650161743164 2.9305028915405273 -0.28730419278144836
1432841328044 0 10.438719749450684 2.738966703414917 1.599326729774475
1432841328054 0 11.176133155822754 2.346317768096924 3.19865345954895
1432841328065 0 11.683704376220703 2.011129379272461 4.778826713562012
1432841328075 0 11.836933135986328 1.8962076902389526 6.157886981964111
1432841328085 0 11.731588363647461 1.5418659448623657 7.173028469085693
1432841329090 1 0.47071918845176697 0.627625584602356 10.708861351013184
1432841329290 1 0.35303938388824463 0.7453053593635559 10.63040828704834
1432841329490 1 0.156906396150589 0.8629851937294006 10.669634819030762
1432841328095 0 11.281478881835938 1.4748282432556152 7.891288757324219
1432841328106 0 11.013327598571777 1.7142484188079834 8.341399192810059
1432841328117 0 10.438719749450684 1.6376339197158813 8.465897560119629
1432841328126 0 9.921571731567383 1.800439715385437 8.379706382751465
1432841328136 0 9.53849983215332 2.2218191623687744 8.216899871826172
1432841328146 0 8.02536392211914 3.160346269607544 6.7708024978637695
1432841328156 0 7.728483200073242 2.403778553009033 6.349422931671143
1432841328166 0 8.801085472106934 2.365471363067627 6.655880928039551
1432841328177 0 9.040505409240723 1.867477297782898 5.947196960449219
1432841328187 0 8.523358345031738 1.9057846069335938 5.870582580566406
1432841328197 0 8.044517517089844 1.7812861204147339 5.937620162963867
1432841328210 0 7.6997528076171875 0.9864110946655273 5.784391403198242
1432841328220 0 7.565677165985107 0.5937620401382446 5.20978307723999
1432841328230 0 7.65186882019043 1.1204863786697388 5.056553840637207
1432841328240 0 7.671022415161133 1.7046716213226318 5.276820659637451
1432841328250 0 7.632715225219727 1.742978811264038 5.257667064666748
1432841328261 0 8.092401504516602 1.5322890281677246 5.430049419403076
1432841328271 0 8.954314231872559 0.9481038451194763 5.688623428344727
1432841328281 0 9.787496566772461 0.7948749661445618 6.100425720214844
1432841328291 0 9.500192642211914 -0.49799394607543945 6.904877662658691
1432841328301 0 9.030928611755371 -1.8100165128707886 7.939172744750977
1432841328312 0 8.829815864562988 -2.0685901641845703 8.169015884399414
1432841328322 0 8.619126319885254 -1.6759412288665771 9.318233489990234
1432841328332 0 8.360552787780762 -1.1683704853057861 9.548076629638672
1432841328342 0 8.08282470703125 -0.9193734526634216 9.050082206726074
1432841328352 0 8.006210327148438 -0.8140285611152649 7.987056732177734
1432841328362 0 8.111555099487305 -0.7565677165985107 7.067683219909668
1432841328373 0 7.872135162353516 -0.5841852426528931 6.3302693367004395
1432841328383 0 7.46033239364624 -0.4692635238170624 5.65031623840332
1432841328393 0 7.1251444816589355 -0.22026655077934265 5.3342814445495605
1432841328403 0 6.665457725524902 -0.08619125932455063 5.123591423034668
1432841328421 0 5.861005783081055 -0.028730420395731926 5.161899089813232
1432841328428 0 5.7556610107421875 -0.10534487664699554 5.276820659637451
1432841328438 0 5.861005783081055 -0.3064578175544739 5.5545477867126465
1432841328447 0 6.01423454284668 -0.5554547905921936 5.449203014373779
1432841328457 0 5.918466567993164 -0.9385270476341248 5.39174222946167
1432841328468 0 5.784391403198242 -1.2545616626739502 5.813121795654297
1432841328478 0 5.5545477867126465 -0.9193734526634216 6.071695327758789
1432841328488 0 5.410895824432373 -0.009576806798577309 6.818686485290527
1432841328498 0 5.027823448181152 -0.038307227194309235 7.594407558441162
1432841328509 0 4.434061527252197 -0.20111294090747833 7.51779317855835
1432841328518 0 4.089296340942383 -0.28730419278144836 4.807557106018066
1432841328528 0 4.606443881988525 -0.047884032130241394 5.066130638122559
1432841328539 0 5.449203014373779 -0.4884171485900879 10.08437728881836
1432841328549 0 6.473921298980713 -1.944091796875 10.773907661437988
1432841328559 0 7.2113356590271 -3.6583402156829834 9.548076629638672
1432841328569 0 7.163451671600342 -3.380612850189209 8.944737434387207
1432841328579 0 6.71334171295166 -2.518700122833252 8.312667846679688
1432841328589 0 6.033388137817383 -2.1068975925445557 6.320692539215088
1432841328600 0 5.238513469696045 -1.9823989868164062 3.6774938106536865
1432841328611 0 4.223371982574463 -2.145204782485962 0.8619126081466675
1432841328621 0 3.8786067962646484 -0.9576807022094727 2.7102363109588623
1432841328631 0 4.932055473327637 1.2641384601593018 11.128249168395996
1432841328641 0 5.784391403198242 1.5705963373184204 11.35809326171875
1432841328651 0 7.105990409851074 0.8331822156906128 10.821791648864746
1432841328661 0 8.14028549194336 1.3886369466781616 11.070788383483887
1432841328672 0 7.556100368499756 2.2218191623687744 10.639832496643066
1432841328682 0 6.282385349273682 2.3367409706115723 9.892841339111328
1432841328692 0 5.477933406829834 2.0398597717285156 9.921571731567383
1432841328702 0 5.20978307723999 1.3120225667953491 10.362105369567871
1432841328716 0 5.2480902671813965 0.7182605266571045 9.701305389404297
1432841328723 0 5.535394191741943 0.1628057211637497 8.580819129943848
1432841328733 0 5.793968200683594 -0.038307227194309235 7.718906402587891
1432841329686 1 0.47071918845176697 0.7845319509506226 10.63040828704834
1432841328742 0 5.870582580566406 0.13407529890537262 7.115567684173584
1432841329889 1 0.9022117853164673 0.823758602142334 10.002782821655273
1432841328752 0 5.947196960449219 0.6224924325942993 6.57926607131958
1432841328762 0 5.899312973022461 0.9097966551780701 6.100425720214844
1432841330089 1 0.23535959422588348 0.8629851937294006 10.669634819030762
1432841328772 0 6.14831018447876 0.9097966551780701 5.659893035888672
1432841328783 0 6.531382083892822 0.8140285611152649 5.094861030578613
1432841328793 0 6.943184852600098 0.6512228846549988 4.6734819412231445
1432841328803 0 7.000645637512207 0.507570743560791 4.8267107009887695
1432841328813 0 6.694188117980957 0.2968810200691223 5.803544998168945
1432841328823 0 6.2632317543029785 0.3734954595565796 5.899312973022461
1432841328834 0 6.291962146759033 0.5363011956214905 4.041412353515625
1432841328844 0 6.27280855178833 0.7374141216278076 0.507570743560791
1432841328855 0 5.382165431976318 0.40222588181495667 -1.0821791887283325
1432841328864 0 4.357447147369385 0.2968810200691223 -1.7908629179000854
1432841328874 0 3.361459255218506 0.4596867263317108 -1.9632453918457031
1432841328884 0 2.2026655673980713 0.7661445140838623 -1.9153614044189453
1432841328894 0 0.9193734526634216 1.1300631761550903 -1.5131354331970215
1432841328904 0 -2.853888511657715 0.33518823981285095 9.011775016784668
1432841328914 0 -7.01979923248291 1.1683704853057861 16.8839111328125
1432841328924 0 -0.8619126081466675 0.23942017555236816 9.84495735168457
1432841328934 0 1.4939818382263184 1.0247182846069336 5.688623428344727
1432841328944 0 1.867477297782898 1.1779472827911377 3.7445313930511475
1432841328954 0 1.4460978507995605 0.8427590131759644 3.4572272300720215
1432841328965 0 1.5897499322891235 0.5746083855628967 4.175487995147705
1432841328975 0 2.3367409706115723 -0.019153613597154617 6.521805286407471
1432841328985 0 2.1356279850006104 0.038307227194309235 9.490615844726562
1432841328995 0 1.6184803247451782 0.6512228846549988 12.430695533752441
1432841329005 0 1.4652514457702637 1.015141487121582 12.583924293518066
1432841329021 0 1.6855180263519287 0.8810662031173706 11.042057991027832
1432841329028 0 1.9345149993896484 0.5650315880775452 9.299078941345215
1432841329038 0 1.8100165128707886 0.5267243981361389 8.33182144165039
1432841329047 0 1.6855180263519287 0.6033388376235962 8.33182144165039
1432841329057 0 1.6759412288665771 0.6512228846549988 8.89685344696045
1432841329067 0 1.723825216293335 0.6320692300796509 9.720458984375
1432841329279 0 1.580173134803772 0.7086837291717529 9.576807022094727
1432841329289 0 1.5610195398330688 0.727837324142456 9.615114212036133
1432841329299 0 1.599326729774475 0.6703764796257019 9.53849983215332
1432841329309 0 1.599326729774475 0.689530074596405 9.490615844726562
1432841329320 0 1.6184803247451782 0.7182605266571045 9.47146224975586
1432841329330 0 1.580173134803772 0.6512228846549988 9.394847869873047
1432841329340 0 1.5897499322891235 0.6320692300796509 9.385271072387695
1432841329350 0 1.6280571222305298 0.6033388376235962 9.442731857299805
1432841329362 0 1.6950948238372803 0.6129156351089478 9.490615844726562
1432841329373 0 1.7812861204147339 0.6224924325942993 9.567230224609375
1432841329381 0 1.7621324062347412 0.689530074596405 9.586383819580078
1432841329392 0 1.742978811264038 0.6799532771110535 9.519346237182617
1432841329402 0 1.6855180263519287 0.6607996821403503 9.433155059814453
1432841329413 0 1.647210717201233 0.7086837291717529 9.442731857299805
1432841329421 0 1.6280571222305298 0.7182605266571045 9.519346237182617
1432841329432 0 1.5705963373184204 0.6799532771110535 9.586383819580078
1432841329442 0 1.5610195398330688 0.689530074596405 9.586383819580078
1432841329452 0 1.5322890281677246 0.7565677165985107 9.557653427124023
1432841329461 0 1.5131354331970215 0.7852981686592102 9.490615844726562
1432841329471 0 1.4844050407409668 0.7852981686592102 9.423578262329102
1432841329481 0 1.50355863571167 0.8044517636299133 9.423578262329102
1432841329491 0 1.4939818382263184 0.727837324142456 9.509769439697266
1432841329502 0 1.5131354331970215 0.7086837291717529 9.548076629638672
1432841330289 1 1.5690639019012451 0.35303938388824463 10.042009353637695
1432841330488 1 0.0784531980752945 0.5883989930152893 11.84643268585205
1432841329513 0 1.522712230682373 0.6799532771110535 9.53849983215332
1432841329523 0 1.5610195398330688 0.7661445140838623 9.490615844726562
1432841329533 0 1.580173134803772 0.7757213711738586 9.461885452270508
1432841329542 0 1.599326729774475 0.8331822156906128 9.509769439697266
1432841329552 0 1.5514427423477173 0.8523358106613159 9.53849983215332
1432841329562 0 1.5705963373184204 0.8523358106613159 9.528923034667969
1432841329572 0 1.5418659448623657 0.8619126081466675 9.576807022094727
1432841329583 0 1.50355863571167 0.8331822156906128 9.59596061706543
1432841329593 0 1.522712230682373 0.8044517636299133 9.519346237182617
1432841329603 0 1.50355863571167 0.7852981686592102 9.500192642211914
1432841329613 0 1.4652514457702637 0.727837324142456 9.481039047241211
1432841329623 0 1.4844050407409668 0.727837324142456 9.433155059814453
1432841329633 0 1.4652514457702637 0.7852981686592102 9.481039047241211
1432841329643 0 1.4844050407409668 0.8044517636299133 9.47146224975586
1432841329653 0 1.4748282432556152 0.7852981686592102 9.461885452270508
1432841329664 0 1.4844050407409668 0.7948749661445618 9.519346237182617
1432841329675 0 1.580173134803772 0.7469909191131592 9.557653427124023
1432841329685 0 1.5322890281677246 0.7182605266571045 9.490615844726562
1432841329695 0 1.50355863571167 0.7182605266571045 9.385271072387695
1432841329705 0 1.4652514457702637 0.7565677165985107 9.375694274902344
1432841329716 0 1.4173674583435059 0.7948749661445618 9.452308654785156
1432841329726 0 1.4173674583435059 0.7948749661445618 9.442731857299805
1432841329736 0 1.359906554222107 0.7661445140838623 9.442731857299805
1432841329746 0 1.3311761617660522 0.7661445140838623 9.548076629638672
1432841329757 0 1.37906014919281 0.8044517636299133 9.519346237182617
1432841329767 0 1.3886369466781616 0.8044517636299133 9.481039047241211
1432841329777 0 1.3982137441635132 0.8044517636299133 9.452308654785156
1432841329787 0 1.3982137441635132 0.8523358106613159 9.327810287475586
1432841329797 0 1.436521053314209 0.8523358106613159 9.21288776397705
1432841330689 1 9.21825122833252 0.5491724014282227 7.453053951263428
1432841330890 1 5.687856674194336 5.648630142211914 5.295590877532959
1432841331088 1 5.844763278961182 5.452497482299805 4.471832275390625
1432841329810 0 1.359906554222107 0.8044517636299133 9.260771751403809
1432841329820 0 1.3120225667953491 0.8523358106613159 9.41400146484375
1432841329831 0 1.3503297567367554 0.9289502501487732 9.624691009521484
1432841329841 0 1.3024457693099976 0.9097966551780701 9.643844604492188
1432841329851 0 1.2737152576446533 0.9576807022094727 9.634267807006836
1432841329861 0 1.2449848651885986 0.9193734526634216 9.500192642211914
1432841329871 0 1.235408067703247 0.9385270476341248 9.442731857299805
1432841329882 0 1.2258312702178955 0.9289502501487732 9.528923034667969
1432841329892 0 1.1875240802764893 0.9768342971801758 9.605537414550781
1432841329902 0 1.235408067703247 1.0534487962722778 9.643844604492188
1432841329912 0 1.2737152576446533 1.0630255937576294 9.59596061706543
1432841329922 0 1.292868971824646 1.0247182846069336 9.548076629638672
1432841329933 0 1.2449848651885986 1.0055646896362305 9.557653427124023
1432841329943 0 1.2258312702178955 0.9481038451194763 9.576807022094727
1432841329953 0 1.1683704853057861 0.9576807022094727 9.624691009521484
1432841329963 0 1.1875240802764893 0.9959878921508789 9.643844604492188
1432841329973 0 1.139639973640442 0.9576807022094727 9.615114212036133
1432841329984 0 1.139639973640442 1.015141487121582 9.548076629638672
1432841329994 0 1.1300631761550903 1.0438719987869263 9.653421401977539
1432841330004 0 1.1492167711257935 0.9864110946655273 9.605537414550781
1432841330014 0 1.1683704853057861 0.9864110946655273 9.615114212036133
1432841330024 0 1.158793568611145 0.9864110946655273 9.53849983215332
1432841330035 0 1.158793568611145 0.9672574996948242 9.47146224975586
1432841330045 0 1.158793568611145 0.9768342971801758 9.433155059814453
1432841330055 0 1.1204863786697388 0.9959878921508789 9.423578262329102
1432841330065 0 1.072602391242981 1.0247182846069336 9.452308654785156
1432841330076 0 1.0342950820922852 1.0821791887283325 9.567230224609375
1432841330086 0 1.015141487121582 1.0821791887283325 9.605537414550781
1432841330096 0 1.1013327836990356 1.0438719987869263 9.653421401977539
1432841330106 0 1.1492167711257935 1.072602391242981 9.643844604492188
1432841330116 0 1.1300631761550903 1.0630255937576294 9.643844604492188
1432841330126 0 1.091755986213684 1.0438719987869263 9.528923034667969
1432841330137 0 1.1109095811843872 1.0342950820922852 9.519346237182617
1432841330147 0 1.1109095811843872 0.9481038451194763 9.53849983215332
1432841330157 0 1.1204863786697388 0.9768342971801758 9.500192642211914
1432841330171 0 1.1204863786697388 0.9672574996948242 9.423578262329102
1432841330177 0 1.1109095811843872 0.9576807022094727 9.433155059814453
1432841330188 0 1.091755986213684 0.9959878921508789 9.452308654785156
1432841330198 0 1.0821791887283325 0.9864110946655273 9.461885452270508
1432841330210 0 1.0630255937576294 0.9959878921508789 9.519346237182617
1432841330218 0 1.0630255937576294 1.015141487121582 9.557653427124023
1432841330229 0 1.0821791887283325 1.0342950820922852 9.500192642211914
1432841330239 0 1.091755986213684 1.0630255937576294 9.528923034667969
1432841330249 0 1.091755986213684 1.0055646896362305 9.500192642211914
1432841330259 0 1.091755986213684 1.0438719987869263 9.423578262329102
1432841330269 0 1.1013327836990356 0.9864110946655273 9.461885452270508
1432841330279 0 1.1300631761550903 1.015141487121582 9.509769439697266
1432841330290 0 1.1013327836990356 1.015141487121582 9.557653427124023
1432841330300 0 1.1204863786697388 1.0438719987869263 9.59596061706543
1432841331288 1 4.354152679443359 3.9226598739624023 9.728196144104004
1432841331488 1 1.7651969194412231 2.785088539123535 10.669634819030762
1432841331689 1 1.8044235706329346 3.4519407749176025 9.45361042022705
1432841330313 0 1.1013327836990356 1.0438719987869263 9.615114212036133
1432841330324 0 1.1013327836990356 1.0630255937576294 9.528923034667969
1432841330334 0 1.1683704853057861 1.0342950820922852 9.557653427124023
1432841330344 0 1.139639973640442 1.0055646896362305 9.548076629638672
1432841330354 0 1.1109095811843872 1.0247182846069336 9.557653427124023
1432841330364 0 1.0821791887283325 1.0342950820922852 9.500192642211914
1432841330374 0 1.072602391242981 0.9959878921508789 9.509769439697266
1432841330384 0 1.1013327836990356 0.9864110946655273 9.509769439697266
1432841330394 0 1.1204863786697388 1.0055646896362305 9.557653427124023
1432841330404 0 1.1109095811843872 1.0630255937576294 9.586383819580078
1432841330415 0 1.1300631761550903 1.0438719987869263 9.624691009521484
1432841330425 0 1.1204863786697388 1.0630255937576294 9.576807022094727
1432841330435 0 1.1300631761550903 1.072602391242981 9.548076629638672
1432841330446 0 1.1109095811843872 1.015141487121582 9.490615844726562
1432841330456 0 1.1204863786697388 1.0055646896362305 9.500192642211914
1432841330466 0 1.1492167711257935 0.9481038451194763 9.452308654785156
1432841330476 0 1.091755986213684 0.9481038451194763 9.481039047241211
1432841330486 0 1.1204863786697388 1.0055646896362305 9.528923034667969
1432841330497 0 1.1492167711257935 0.9864110946655273 9.519346237182617
1432841330507 0 1.1779472827911377 0.9959878921508789 9.47146224975586
1432841330517 0 1.1875240802764893 1.0438719987869263 9.519346237182617
1432841330527 0 1.1683704853057861 1.0438719987869263 9.500192642211914
1432841330537 0 1.158793568611145 1.0342950820922852 9.461885452270508
1432841330548 0 1.1779472827911377 1.015141487121582 9.500192642211914
1432841330558 0 1.1779472827911377 1.0247182846069336 9.452308654785156
1432841330568 0 1.158793568611145 0.9576807022094727 9.500192642211914
1432841330578 0 1.139639973640442 0.9768342971801758 9.528923034667969
1432841330591 0 1.1013327836990356 1.015141487121582 9.605537414550781
1432841330599 0 1.0438719987869263 1.015141487121582 9.519346237182617
1432841330609 0 1.0534487962722778 1.015141487121582 9.576807022094727
1432841330619 0 1.091755986213684 1.0438719987869263 9.509769439697266
1432841330629 0 1.091755986213684 1.0534487962722778 9.461885452270508
1432841330639 0 1.0821791887283325 1.091755986213684 9.519346237182617
1432841330650 0 1.1109095811843872 1.072602391242981 9.519346237182617
1432841330660 0 1.1109095811843872 1.0247182846069336 9.500192642211914
1432841330670 0 1.1779472827911377 1.0438719987869263 9.53849983215332
1432841330680 0 1.1971008777618408 1.0821791887283325 9.586383819580078
1432841330690 0 1.2066776752471924 1.0247182846069336 9.643844604492188
1432841330701 0 1.158793568611145 1.0247182846069336 9.672574996948242
1432841330711 0 1.2066776752471924 1.0821791887283325 9.624691009521484
1432841330721 0 1.1492167711257935 1.0534487962722778 9.500192642211914
1432841330731 0 1.1013327836990356 1.072602391242981 9.615114212036133
1432841330741 0 1.139639973640442 1.0534487962722778 9.634267807006836
1432841330751 0 1.139639973640442 1.0821791887283325 9.576807022094727
1432841330761 0 1.1300631761550903 0.9959878921508789 9.47146224975586
1432841330772 0 1.1683704853057861 0.9768342971801758 9.433155059814453
1432841330782 0 1.1683704853057861 1.0055646896362305 9.490615844726562
1432841330792 0 1.1971008777618408 0.9864110946655273 9.567230224609375
1432841330802 0 1.1109095811843872 0.9864110946655273 9.481039047241211
1432841331888 1 4.393379211425781 5.530950546264648 8.629851341247559
1432841332089 1 1.9221034049987793 8.629851341247559 1.019891619682312
1432841330815 0 1.072602391242981 0.9864110946655273 9.490615844726562
1432841330827 0 1.072602391242981 1.0342950820922852 9.53849983215332
1432841330837 0 1.0630255937576294 1.015141487121582 9.47146224975586
1432841330846 0 1.091755986213684 1.0055646896362305 9.481039047241211
1432841330856 0 1.158793568611145 0.9959878921508789 9.500192642211914
1432841330866 0 1.1683704853057861 0.9481038451194763 9.461885452270508
1432841330876 0 1.2066776752471924 0.9864110946655273 9.461885452270508
1432841330886 0 1.2066776752471924 1.015141487121582 9.452308654785156
1432841330897 0 1.2258312702178955 0.9576807022094727 9.490615844726562
1432841330907 0 1.1875240802764893 0.9768342971801758 9.519346237182617
1432841330917 0 1.1779472827911377 1.0247182846069336 9.576807022094727
1432841330927 0 1.1492167711257935 1.0055646896362305 9.605537414550781
1432841330937 0 1.1492167711257935 1.0247182846069336 9.605537414550781
1432841330947 0 1.139639973640442 1.0438719987869263 9.66299819946289
1432841330957 0 1.0821791887283325 1.015141487121582 9.653421401977539
1432841330968 0 1.072602391242981 1.072602391242981 9.634267807006836
1432841330978 0 1.0821791887283325 1.0342950820922852 9.605537414550781
1432841330989 0 1.0342950820922852 1.0247182846069336 9.576807022094727
1432841330999 0 1.0630255937576294 1.0534487962722778 9.519346237182617
1432841331009 0 1.1013327836990356 1.0342950820922852 9.53849983215332
1432841331019 0 1.139639973640442 1.0534487962722778 9.509769439697266
1432841331031 0 1.1492167711257935 1.0342950820922852 9.548076629638672
1432841331040 0 1.139639973640442 0.9864110946655273 9.53849983215332
1432841331050 0 1.1971008777618408 0.9576807022094727 9.557653427124023
1432841331060 0 1.1971008777618408 0.9959878921508789 9.519346237182617
1432841331070 0 1.1683704853057861 0.9576807022094727 9.452308654785156
1432841331080 0 1.1779472827911377 1.015141487121582 9.461885452270508
1432841331091 0 1.139639973640442 1.015141487121582 9.605537414550781
1432841331103 0 1.1779472827911377 1.0247182846069336 9.519346237182617
1432841331115 0 1.1779472827911377 1.0055646896362305 9.519346237182617
1432841331125 0 1.158793568611145 1.015141487121582 9.519346237182617
1432841331136 0 1.1779472827911377 1.0438719987869263 9.490615844726562
1432841331146 0 1.139639973640442 0.9959878921508789 9.528923034667969
1432841331156 0 1.1779472827911377 1.0055646896362305 9.59596061706543
1432841331166 0 1.158793568611145 0.9959878921508789 9.624691009521484
1432841331176 0 1.139639973640442 1.0438719987869263 9.567230224609375
1432841331187 0 1.139639973640442 1.0342950820922852 9.548076629638672
1432841331196 0 1.139639973640442 1.015141487121582 9.605537414550781
1432841331206 0 1.1204863786697388 1.0055646896362305 9.548076629638672
1432841331217 0 1.1013327836990356 1.0438719987869263 9.528923034667969
1432841331227 0 1.1109095811843872 1.072602391242981 9.53849983215332
1432841331237 0 1.1013327836990356 1.0438719987869263 9.528923034667969
1432841331247 0 1.091755986213684 1.015141487121582 9.519346237182617
1432841331257 0 1.072602391242981 0.9864110946655273 9.500192642211914
1432841331267 0 1.1013327836990356 1.0055646896362305 9.490615844726562
1432841331278 0 1.1109095811843872 0.9672574996948242 9.490615844726562
1432841331288 0 1.1204863786697388 0.9481038451194763 9.490615844726562
1432841331298 0 1.1779472827911377 0.9672574996948242 9.461885452270508
1432841331308 0 1.1779472827911377 1.015141487121582 9.461885452270508
1432841332288 1 1.2160245180130005 4.393379211425781 9.64974308013916
1432841332489 1 1.019891619682312 1.4121575355529785 13.729310035705566
1432841332689 1 2.1182363033294678 5.099457740783691 6.040896415710449
1432841331323 0 1.1204863786697388 0.9864110946655273 9.490615844726562
1432841331334 0 1.1204863786697388 1.0055646896362305 9.567230224609375
1432841331343 0 1.1204863786697388 1.0055646896362305 9.59596061706543
1432841331353 0 1.1204863786697388 1.0534487962722778 9.586383819580078
1432841331363 0 1.139639973640442 1.015141487121582 9.557653427124023
1432841331373 0 1.1204863786697388 1.015141487121582 9.605537414550781
1432841331383 0 1.139639973640442 1.015141487121582 9.624691009521484
1432841331393 0 1.1300631761550903 1.0342950820922852 9.548076629638672
1432841331403 0 1.1013327836990356 1.0342950820922852 9.576807022094727
1432841331414 0 1.0821791887283325 1.0630255937576294 9.586383819580078
1432841331424 0 1.1300631761550903 1.015141487121582 9.653421401977539
1432841331434 0 1.1492167711257935 1.0247182846069336 9.615114212036133
1432841331444 0 1.1683704853057861 1.015141487121582 9.586383819580078
1432841331454 0 1.1683704853057861 1.0342950820922852 9.548076629638672
1432841331465 0 1.1875240802764893 1.0247182846069336 9.557653427124023
1432841331475 0 1.1779472827911377 1.0534487962722778 9.509769439697266
1432841331486 0 1.1971008777618408 1.0438719987869263 9.509769439697266
1432841331496 0 1.1492167711257935 1.015141487121582 9.500192642211914
1432841331507 0 1.139639973640442 1.0055646896362305 9.490615844726562
1432841331521 0 1.158793568611145 1.0055646896362305 9.461885452270508
1432841331528 0 1.1013327836990356 0.9864110946655273 9.47146224975586
1432841331537 0 1.1204863786697388 0.9864110946655273 9.500192642211914
1432841331547 0 1.1683704853057861 0.9959878921508789 9.528923034667969
1432841331557 0 1.1779472827911377 1.0342950820922852 9.490615844726562
1432841331567 0 1.1875240802764893 0.9959878921508789 9.500192642211914
1432841331577 0 1.158793568611145 1.0055646896362305 9.519346237182617
1432841331587 0 1.158793568611145 0.9768342971801758 9.519346237182617
1432841331597 0 1.1492167711257935 0.9768342971801758 9.528923034667969
1432841331608 0 1.1300631761550903 1.015141487121582 9.567230224609375
1432841331628 0 1.158793568611145 1.0055646896362305 9.519346237182617
1432841331638 0 1.1779472827911377 0.9959878921508789 9.557653427124023
1432841331648 0 1.1492167711257935 1.0055646896362305 9.567230224609375
1432841331658 0 1.139639973640442 1.0055646896362305 9.576807022094727
1432841331669 0 1.1204863786697388 0.9672574996948242 9.519346237182617
1432841331679 0 1.158793568611145 0.9864110946655273 9.548076629638672
1432841331689 0 1.158793568611145 1.0247182846069336 9.576807022094727
1432841331699 0 1.139639973640442 1.015141487121582 9.548076629638672
1432841331709 0 1.139639973640442 1.0055646896362305 9.481039047241211
1432841331719 0 1.1492167711257935 1.0247182846069336 9.490615844726562
1432841331729 0 1.1683704853057861 1.015141487121582 9.509769439697266
1432841331741 0 1.1683704853057861 1.0534487962722778 9.47146224975586
1432841331751 0 1.1875240802764893 1.015141487121582 9.461885452270508
1432841331761 0 1.158793568611145 0.9481038451194763 9.481039047241211
1432841331771 0 1.158793568611145 0.9768342971801758 9.452308654785156
1432841331781 0 1.1492167711257935 0.9768342971801758 9.500192642211914
1432841331791 0 1.1492167711257935 1.0055646896362305 9.519346237182617
1432841331801 0 1.1109095811843872 1.015141487121582 9.557653427124023
1432841331812 0 1.1492167711257935 0.9576807022094727 9.59596061706543
1432841332888 1 1.019891619682312 8.394492149353027 -5.727083683013916
1432841333089 1 0.8629851937294006 2.5889556407928467 1.1375713348388672
1432841331824 0 1.1013327836990356 0.9576807022094727 9.615114212036133
1432841331837 0 1.0821791887283325 0.9672574996948242 9.615114212036133
1432841331845 0 1.1492167711257935 0.9768342971801758 9.586383819580078
1432841331855 0 1.1204863786697388 0.9864110946655273 9.557653427124023
1432841331865 0 1.1109095811843872 1.0055646896362305 9.557653427124023
1432841331875 0 1.1109095811843872 0.9959878921508789 9.557653427124023
1432841331885 0 1.1492167711257935 0.9864110946655273 9.576807022094727
1432841331896 0 1.158793568611145 1.0247182846069336 9.605537414550781
1432841331906 0 1.139639973640442 1.015141487121582 9.615114212036133
1432841331916 0 1.1204863786697388 1.0055646896362305 9.576807022094727
1432841331926 0 1.1492167711257935 0.9864110946655273 9.509769439697266
1432841331936 0 1.1779472827911377 0.9864110946655273 9.519346237182617
1432841331946 0 1.1875240802764893 0.9385270476341248 9.500192642211914
1432841331956 0 1.2066776752471924 0.9385270476341248 9.490615844726562
1432841331968 0 1.1971008777618408 0.9481038451194763 9.423578262329102
1432841331978 0 1.1875240802764893 0.9672574996948242 9.442731857299805
1432841331988 0 1.1492167711257935 0.9289502501487732 9.404424667358398
1432841331998 0 1.1013327836990356 0.8906430602073669 9.433155059814453
1432841332008 0 1.1109095811843872 0.9193734526634216 9.433155059814453
1432841332018 0 1.1300631761550903 0.9002198576927185 9.47146224975586
1432841332029 0 1.1013327836990356 0.9385270476341248 9.500192642211914
1432841332039 0 1.1300631761550903 0.9481038451194763 9.500192642211914
1432841332049 0 1.1204863786697388 0.9576807022094727 9.500192642211914
1432841332059 0 1.0630255937576294 1.0534487962722778 9.528923034667969
1432841332070 0 1.0247182846069336 1.0247182846069336 9.576807022094727
1432841332080 0 1.1109095811843872 1.0821791887283325 9.701305389404297
1432841332090 0 1.1300631761550903 1.2066776752471924 9.835380554199219
1432841332100 0 1.1204863786697388 1.1779472827911377 9.84495735168457
1432841332110 0 1.1013327836990356 1.235408067703247 9.835380554199219
1432841332122 0 1.0630255937576294 1.2449848651885986 9.940725326538086
1432841332131 0 1.1109095811843872 1.1779472827911377 9.816226959228516
1432841332141 0 1.072602391242981 1.091755986213684 9.672574996948242
1432841332151 0 1.158793568611145 1.0342950820922852 9.509769439697266
1432841332161 0 1.1875240802764893 0.9768342971801758 9.423578262329102
1432841332171 0 1.235408067703247 0.9959878921508789 9.509769439697266
1432841332190 0 1.235408067703247 0.9193734526634216 9.557653427124023
1432841332192 0 1.235408067703247 0.8619126081466675 9.53849983215332
1432841332202 0 1.2737152576446533 0.9002198576927185 9.461885452270508
1432841332212 0 1.216254472732544 0.9289502501487732 9.404424667358398
1432841332223 0 1.2545616626739502 0.9193734526634216 9.327810287475586
1432841332237 0 1.216254472732544 0.9481038451194763 9.260771751403809
1432841332243 0 1.1875240802764893 0.9959878921508789 9.346963882446289
1432841332253 0 1.1492167711257935 1.015141487121582 9.385271072387695
1432841332263 0 1.1779472827911377 0.9768342971801758 9.385271072387695
1432841332273 0 1.1875240802764893 0.9481038451194763 9.346963882446289
1432841332283 0 1.2258312702178955 0.9289502501487732 9.289502143859863
1432841332293 0 1.2258312702178955 0.9193734526634216 9.327810287475586
1432841332303 0 1.1779472827911377 0.9672574996948242 9.404424667358398
1432841332313 0 1.1779472827911377 0.9959878921508789 9.47146224975586
1432841332323 0 1.235408067703247 1.0247182846069336 9.557653427124023
1432841332334 0 1.216254472732544 1.0438719987869263 9.672574996948242
1432841332344 0 1.1779472827911377 1.0630255937576294 9.749189376831055
1432841332354 0 1.158793568611145 1.0821791887283325 9.758766174316406
1432841332366 0 1.2066776752471924 1.0438719987869263 9.873687744140625
1432841332375 0 1.1875240802764893 1.0630255937576294 9.835380554199219
1432841332385 0 1.1875240802764893 1.0438719987869263 9.816226959228516
1432841332395 0 1.2066776752471924 1.0055646896362305 9.653421401977539
1432841333290 1 2.471275806427002 -6.668521881103516 20.005565643310547
1432841333488 1 6.393935680389404 7.021561145782471 -16.632078170776367
1432841332406 0 1.235408067703247 0.9864110946655273 9.567230224609375
1432841332416 0 1.2545616626739502 0.9097966551780701 9.35654067993164
1432841332426 0 1.292868971824646 0.8427590131759644 9.14585018157959
1432841332436 0 1.2832920551300049 0.7852981686592102 9.14585018157959
1432841332447 0 1.2641384601593018 0.7661445140838623 9.222464561462402
1432841332457 0 1.2449848651885986 0.8619126081466675 9.337387084960938
1432841332467 0 1.1109095811843872 0.9385270476341248 9.509769439697266
1432841332477 0 1.015141487121582 1.0630255937576294 9.66299819946289
1432841332488 0 0.9576807022094727 1.216254472732544 9.768342971801758
1432841332510 0 0.9576807022094727 1.3024457693099976 9.77791976928711
1432841332515 0 0.8523358106613159 1.3215993642807007 9.787496566772461
1432841332524 0 0.8906430602073669 1.2258312702178955 9.758766174316406
1432841332532 0 0.9864110946655273 1.091755986213684 9.710882186889648
1432841332544 0 1.0821791887283325 1.0438719987869263 9.691728591918945
1432841332554 0 1.3120225667953491 0.8810662031173706 9.634267807006836
1432841332564 0 1.455674648284912 0.727837324142456 9.481039047241211
1432841332574 0 1.4844050407409668 0.7182605266571045 9.404424667358398
1432841332584 0 1.5705963373184204 0.6512228846549988 9.404424667358398
1432841332595 0 1.4748282432556152 0.6799532771110535 9.35654067993164
1432841333686 1 13.02323055267334 -20.005565643310547 5.727083683013916
1432841333890 1 4.628738880157471 -16.828210830688477 20.005565643310547
1432841334086 1 20.005565643310547 -3.726526975631714 -20.005565643310547
1432841332794 0 0.9768342971801758 1.0247182846069336 9.500192642211914
1432841332996 0 1.3982137441635132 0.9672574996948242 9.375694274902344
1432841333195 0 1.1971008777618408 0.9002198576927185 9.299078941345215
1432841333396 0 1.3407529592514038 0.727837324142456 9.394847869873047
1432841333596 0 1.2449848651885986 0.9289502501487732 9.66299819946289
1432841334286 1 0.9414383769035339 -12.630965232849121 20.005565643310547
1432841334487 1 17.8873291015625 -20.005565643310547 20.005565643310547
1432841334687 1 5.177911281585693 11.14035415649414 -12.552511215209961
1432841333796 0 1.2066776752471924 1.1492167711257935 10.046070098876953
1432841333996 0 0.9289502501487732 1.599326729774475 10.180145263671875
1432841334196 0 0.8523358106613159 1.3024457693099976 10.122684478759766
1432841334888 1 20.005565643310547 8.198359489440918 16.357492446899414
1432841335089 1 20.005565643310547 14.631521224975586 20.005565643310547
1432841335289 1 9.100570678710938 9.532063484191895 20.005565643310547
1432841334397 0 1.139639973640442 1.015141487121582 9.672574996948242
1432841334597 0 1.1204863786697388 1.015141487121582 9.548076629638672
1432841334797 0 1.0247182846069336 1.015141487121582 9.528923034667969
1432841335489 1 1.5690639019012451 4.11879301071167 6.746974945068359
1432841335689 1 -0.23535959422588348 2.824315071105957 10.238142013549805
1432841335889 1 -3.608847141265869 2.5497288703918457 9.688969612121582
1432841334997 0 0.9576807022094727 1.072602391242981 9.53849983215332
1432841335198 0 0.9002198576927185 1.0438719987869263 9.47146224975586
1432841335398 0 0.9959878921508789 1.091755986213684 9.605537414550781
1432841336089 1 -3.0204482078552246 1.1375713348388672 12.787871360778809
1432841336290 1 -3.8049800395965576 3.295034408569336 8.316039085388184
1432841336490 1 -5.138684272766113 5.295590877532959 4.11879301071167
1432841336691 1 -6.825428009033203 7.570733547210693 3.687300205230713
1432841335597 0 1.0055646896362305 1.091755986213684 9.576807022094727
1432841336888 1 -1.8436501026153564 7.649186611175537 3.726526975631714
1432841335798 0 0.9959878921508789 1.1204863786697388 9.605537414550781
1432841337088 1 -6.903881549835205 4.981778144836426 -6.590068817138672
1432841335998 0 0.9768342971801758 1.0247182846069336 9.433155059814453
1432841336197 0 1.1875240802764893 0.9289502501487732 9.260771751403809
1432841336399 0 1.0247182846069336 0.7948749661445618 9.27034854888916
1432841336599 0 0.8906430602073669 0.7661445140838623 8.992621421813965
1432841336799 0 1.0821791887283325 0.5554547905921936 7.862558364868164
1432841336999 0 0.9768342971801758 0.9193734526634216 8.983044624328613
1432841337199 0 0.9481038451194763 1.1204863786697388 9.433155059814453
1432841337399 0 1.0055646896362305 1.1683704853057861 9.586383819580078
1432841337600 0 1.015141487121582 1.1013327836990356 9.59596061706543
1432841337799 0 0.9959878921508789 1.1109095811843872 9.548076629638672
1432841338000 0 0.9864110946655273 1.091755986213684 9.567230224609375
1432841338200 0 0.9385270476341248 1.139639973640442 9.624691009521484
1432841338401 0 0.9385270476341248 1.139639973640442 9.615114212036133
1432841337289 1 20.005565643310547 -4.001112937927246 15.298373222351074
1432841337488 1 20.005565643310547 -10.120462417602539 6.786201477050781
1432841337685 1 20.005565643310547 -8.865211486816406 8.982891082763672
1432841337885 1 20.005565643310547 -9.022117614746094 -5.609403610229492
1432841338087 1 2.7458620071411133 4.981778144836426 -4.628738880157471
1432841338285 1 -4.82487154006958 7.570733547210693 14.356935501098633
1432841338486 1 -3.216581106185913 6.550841808319092 8.276812553405762
1432841338685 1 -1.6867437362670898 5.295590877532959 8.904438018798828
1432841338885 1 -1.6082905530929565 7.296147346496582 7.806093215942383
1432841339085 1 -1.3337043523788452 7.217694282531738 7.688413619995117
1432841339285 1 -1.3729310035705566 7.178467750549316 7.453053951263428
1432841339485 1 -1.255251169204712 6.903881549835205 7.688413619995117
1432841339686 1 -1.0591181516647339 6.786201477050781 7.9629998207092285
1432841338601 0 0.9576807022094727 1.091755986213684 9.586383819580078
1432841338801 0 0.9768342971801758 1.0630255937576294 9.53849983215332
1432841339001 0 0.9672574996948242 1.1300631761550903 9.576807022094727
1432841339885 1 -1.2160245180130005 6.825428009033203 7.453053951263428
1432841340085 1 -1.5690639019012451 7.021561145782471 7.49228048324585
1432841340288 1 -1.4906107187271118 6.903881549835205 7.688413619995117
1432841339201 0 0.9289502501487732 1.139639973640442 9.567230224609375
1432841339401 0 0.9481038451194763 1.1204863786697388 9.586383819580078
1432841339602 0 1.0630255937576294 1.091755986213684 9.567230224609375
1432841340485 1 -1.4906107187271118 7.060787677764893 7.649186611175537
1432841340685 1 -1.45138418674469 6.864655017852783 7.609960079193115
1432841340885 1 -1.5298373699188232 6.982334613800049 7.570733547210693
1432841339802 0 0.9959878921508789 1.091755986213684 9.557653427124023
1432841340002 0 0.9959878921508789 1.1204863786697388 9.615114212036133
1432841340201 0 1.0342950820922852 1.0630255937576294 9.452308654785156
1432841341086 1 -1.4906107187271118 6.982334613800049 7.806093215942383
1432841341285 1 -2.392822504043579 6.943108081817627 6.982334613800049
1432841341485 1 -1.8828767538070679 7.060787677764893 7.49228048324585
1432841340401 0 1.0247182846069336 1.1013327836990356 9.567230224609375
1432841340601 0 0.9768342971801758 1.1109095811843872 9.490615844726562
1432841341685 1 -1.7259703874588013 6.982334613800049 7.649186611175537
1432841340802 0 0.9672574996948242 1.0438719987869263 9.500192642211914
1432841341002 0 0.9959878921508789 1.1109095811843872 9.53849983215332
1432841341203 0 1.0438719987869263 1.1109095811843872 9.59596061706543
1432841341886 1 -1.8436501026153564 7.021561145782471 7.688413619995117
1432841342085 1 -2.3143694400787354 7.25692081451416 7.1392412185668945
1432841342285 1 -3.3734874725341797 7.923772811889648 5.80553674697876
1432841342486 1 -2.5889556407928467 7.178467750549316 8.551398277282715
1432841342686 1 -0.509945809841156 6.943108081817627 4.550285339355469
1432841342892 1 -3.216581106185913 6.001669883728027 8.041452407836914
1432841341403 0 0.9864110946655273 1.072602391242981 9.557653427124023
1432841341603 0 0.9959878921508789 1.0630255937576294 9.576807022094727
1432841341803 0 0.9672574996948242 1.1013327836990356 9.557653427124023
1432841342004 0 0.9864110946655273 1.0438719987869263 9.423578262329102
1432841342204 0 1.0438719987869263 0.9576807022094727 9.586383819580078
1432841342404 0 0.727837324142456 1.1971008777618408 10.218452453613281
1432841343087 1 -0.5883989930152893 7.296147346496582 6.472388744354248
1432841343287 1 -1.3729310035705566 4.354152679443359 10.277368545532227
1432841343486 1 -20.005565643310547 -6.746974945068359 -5.021004676818848
1432841342604 0 1.647210717201233 0.6703764796257019 8.71489429473877
1432841342804 0 1.3407529592514038 0.7852981686592102 9.873687744140625
1432841343004 0 0.871489405632019 1.3503297567367554 10.02691650390625
1432841343686 1 20.005565643310547 -20.005565643310547 2.5889556407928467
1432841343888 1 20.005565643310547 20.005565643310547 19.377939224243164
1432841344087 1 20.005565643310547 11.218807220458984 17.259702682495117
1432841343204 0 1.0821791887283325 1.1109095811843872 9.318233489990234
1432841343405 0 1.1300631761550903 0.689530074596405 8.887276649475098
1432841343604 0 1.015141487121582 0.9193734526634216 10.304644584655762
1432841344287 1 20.005565643310547 9.492836952209473 20.005565643310547
1432841344488 1 20.005565643310547 20.005565643310547 0.47071918845176697
1432841344687 1 12.042566299438477 8.786758422851562 20.005565643310547
1432841343805 0 0.8906430602073669 0.9576807022094727 9.825803756713867
1432841344006 0 1.072602391242981 0.5937620401382446 9.318233489990234
1432841344205 0 1.3311761617660522 0.07661445438861847 8.686163902282715
1432841344894 1 -2.5889556407928467 6.119349479675293 8.041452407836914
1432841345087 1 3.5696206092834473 1.4121575355529785 10.159688949584961
1432841345288 1 6.51161527633667 -4.040339469909668 20.005565643310547
1432841345488 1 -6.786201477050781 3.7657535076141357 10.355822563171387
1432841344406 0 0.9002198576927185 1.1300631761550903 9.461885452270508
1432841344606 0 1.1683704853057861 1.1109095811843872 9.653421401977539
1432841344806 0 1.1683704853057861 1.139639973640442 9.576807022094727
1432841345686 1 6.590068817138672 10.198915481567383 4.158019542694092
1432841345887 1 3.0204482078552246 9.061344146728516 3.1381278038024902
1432841346088 1 3.7657535076141357 8.982891082763672 2.7458620071411133
1432841345006 0 1.1683704853057861 1.1109095811843872 9.519346237182617
1432841345207 0 1.1204863786697388 1.1492167711257935 9.509769439697266
1432841345407 0 0.9959878921508789 1.455674648284912 10.27591323852539
1432841346288 1 5.530950546264648 9.21825122833252 3.9226598739624023
1432841346488 1 -20.005565643310547 -6.433162212371826 -4.981778144836426
1432841346687 1 -20.005565643310547 -4.471832275390625 -14.866881370544434
1432841345606 0 1.0534487962722778 1.742978811264038 10.15141487121582
1432841345807 0 1.3407529592514038 0.8810662031173706 9.136273384094238
1432841346007 0 0.9002198576927185 1.2449848651885986 9.739612579345703
1432841346886 1 20.005565643310547 9.688969612121582 20.005565643310547
1432841347090 1 -3.3734874725341797 -0.03922659903764725 19.024900436401367
1432841347288 1 -20.005565643310547 -14.866881370544434 3.608847141265869
1432841346207 0 1.0342950820922852 0.7374141216278076 9.500192642211914
1432841346408 0 0.7469909191131592 1.1013327836990356 9.66299819946289
1432841346608 0 0.7948749661445618 1.5131354331970215 9.797073364257812
1432841346808 0 1.1683704853057861 1.1300631761550903 9.96945571899414
1432841347488 1 -1.5298373699188232 4.942551612854004 2.863541841506958
1432841347687 1 15.612186431884766 -3.961886405944824 19.770206451416016
1432841347888 1 -20.005565643310547 -19.338712692260742 -20.005565643310547
1432841347008 0 1.8962076902389526 0.8331822156906128 8.89685344696045
1432841347208 0 1.2641384601593018 0.8619126081466675 9.624691009521484
1432841347409 0 0.727837324142456 1.3311761617660522 9.931148529052734
1432841348090 1 20.005565643310547 -19.966339111328125 20.005565643310547
1432841348288 1 -20.005565643310547 -18.31882095336914 -20.005565643310547
1432841348490 1 14.239255905151367 -7.688413619995117 20.005565643310547
1432841348686 1 11.258033752441406 -20.005565643310547 1.4906107187271118
1432841347609 0 0.40222588181495667 1.7046716213226318 11.252747535705566
1432841348887 1 -12.160245895385742 0.4314925968647003 -5.687856674194336
1432841347809 0 0.8044517636299133 1.015141487121582 10.218452453613281
1432841349089 1 -3.9226598739624023 5.295590877532959 4.550285339355469
1432841348009 0 1.0534487962722778 0.5267243981361389 9.634267807006836
