1432904461201 1 548.0
1432904462313 0 576.0
1432904463976 0 674.0
1432904464184 0 759.0
1432904464755 0 801.0
1432904465586 0 520.0
1432904465743 0 28.0
1432904465900 0 2.0
1432904466366 0 5.0
1432904467302 0 5.0
1432904467637 1 548.0
1432904470887 0 5.0
1432904472346 1 632.0
1432904472556 1 702.0
1432904473225 0 5.0
1432904472869 1 773.0
1432904473537 0 5.0
1432904474369 0 5.0
1432904474178 1 815.0
1432904475512 0 5.0
1432904474858 1 927.0
1432904475172 1 984.0
1432904475980 0 5.0
1432904476552 0 3.0
1432904477905 0 5.0
1432904479981 0 3.0
1432904486108 1 885.0
1432904486371 1 787.0
1432904486632 1 688.0
1432904487621 0 5.0
1432904487260 1 773.0
1432904487521 1 857.0
1432904488254 1 759.0
1432904488621 1 674.0
1432904488829 1 576.0
1432904489039 1 449.0
1432904489510 1 533.0
1432904490272 0 3.0
1432904489719 1 674.0
1432904490427 0 4.0
1432904489928 1 801.0
1432904490138 1 871.0
1432904490946 0 6.0
1432904490452 1 941.0
1432904491027 1 829.0
1432904491289 1 688.0
1432904491760 1 829.0
1432904491969 1 942.0
1432904492922 0 5.0
1432904493234 0 3.0
1432904492702 1 815.0
