1432847003829 1 1.0
1432847004029 1 1.0
1432847004229 1 1.0
1432847005820 0 6.0
1432847004429 1 1.0
1432847004629 1 1.0
1432847004829 1 1.0
1432847005029 1 1.0
1432847005227 1 1.0
1432847005429 1 1.0
1432847005629 1 1.0
1432847005829 1 1.0
1432847006029 1 1.0
1432847006229 1 1.0
1432847006429 1 1.0
1432847006629 1 1.0
1432847006829 1 1.0
1432847007028 1 1.0
1432847007229 1 1.0
1432847007429 1 1.0
1432847007629 1 1.0
1432847007830 1 1.0
1432847008029 1 1.0
1432847008229 1 1.0
1432847008429 1 1.0
1432847008629 1 1.0
1432847008827 1 1.0
1432847009029 1 1.0
1432847009229 1 1.0
1432847009429 1 1.0
1432847009629 1 1.0
1432847009829 1 1.0
1432847010029 1 1.0
1432847010229 1 1.0
1432847010427 1 1.0
1432847011897 0 5.0
1432847010629 1 1.0
1432847010829 1 1.0
1432847012104 0 5.0
1432847012468 0 6.0
1432847011029 1 1.0
1432847011229 1 0.0
1432847011429 1 1.0
1432847013817 0 5.0
1432847014130 0 4.0
1432847014493 0 6.0
1432847011628 1 1.0
1432847011829 1 1.0
1432847012029 1 1.0
1432847012229 1 1.0
1432847012429 1 1.0
1432847012629 1 2.0
1432847012829 1 2.0
1432847013028 1 3.0
1432847013229 1 5.0
1432847013429 1 7.0
1432847013629 1 9.0
1432847013829 1 11.0
1432847014029 1 31.0
1432847014229 1 39.0
1432847014429 1 40.0
1432847014629 1 42.0
1432847014829 1 43.0
1432847015029 1 46.0
1432847015229 1 48.0
1432847015431 1 49.0
1432847015627 1 49.0
1432847015829 1 112.0
1432847016029 1 58.0
1432847016229 1 115.0
1432847016429 1 152.0
1432847016629 1 146.0
1432847016827 1 115.0
1432847017029 1 144.0
1432847017229 1 141.0
1432847017429 1 130.0
1432847017629 1 48.0
1432847017829 1 51.0
1432847018029 1 56.0
1432847018229 1 54.0
1432847018429 1 54.0
1432847018629 1 57.0
1432847018827 1 61.0
1432847019029 1 97.0
1432847019229 1 107.0
1432847019429 1 131.0
1432847019629 1 152.0
1432847019829 1 165.0
1432847020029 1 216.0
1432847020229 1 358.0
1432847020429 1 265.0
1432847020629 1 63.0
1432847020829 1 56.0
1432847021029 1 50.0
1432847021229 1 53.0
1432847021429 1 52.0
1432847021629 1 330.0
1432847021829 1 264.0
1432847022029 1 148.0
1432847022229 1 21.0
1432847022429 1 9.0
1432847022629 1 3.0
1432847022827 1 1.0
1432847024517 0 4.0
1432847023029 1 1.0
1432847023227 1 1.0
1432847023429 1 1.0
1432847025504 0 3.0
1432847023629 1 1.0
1432847023829 1 1.0
1432847024029 1 1.0
1432847024229 1 1.0
1432847024429 1 1.0
1432847024629 1 1.0
1432847025660 0 2.0
1432847025919 0 7.0
1432847024829 1 1.0
1432847026075 0 14.0
1432847025030 1 1.0
1432847025228 1 1.0
1432847026230 0 23.0
1432847026647 0 23.0
1432847025429 1 1.0
1432847025627 1 1.0
1432847026906 0 13.0
1432847027062 0 13.0
1432847025829 1 1.0
1432847026029 1 1.0
1432847026229 1 2.0
1432847027217 0 11.0
1432847027373 0 4.0
1432847026429 1 2.0
1432847026629 1 2.0
1432847026829 1 2.0
1432847027737 0 4.0
1432847027997 0 6.0
1432847028153 0 12.0
1432847028308 0 27.0
1432847027029 1 2.0
1432847027229 1 2.0
1432847027429 1 2.0
1432847028464 0 37.0
1432847028620 0 17.0
1432847028780 0 10.0
1432847027629 1 2.0
1432847027828 1 2.0
1432847028029 1 2.0
1432847029088 0 7.0
1432847029295 0 9.0
1432847028229 1 2.0
1432847028429 1 2.0
1432847028629 1 2.0
1432847030541 0 9.0
1432847028829 1 2.0
1432847029029 1 2.0
1432847029230 1 2.0
1432847030801 0 11.0
1432847029427 1 2.0
1432847029629 1 2.0
1432847029829 1 2.0
1432847030029 1 2.0
1432847030957 0 8.0
1432847031116 0 17.0
1432847030229 1 1.0
1432847030427 1 1.0
1432847030629 1 1.0
1432847031428 0 28.0
1432847031636 0 31.0
1432847030829 1 1.0
1432847031030 1 1.0
1432847031229 1 1.0
1432847032155 0 48.0
1432847032312 0 64.0
1432847032468 0 95.0
1432847031429 1 1.0
1432847031629 1 1.0
1432847031829 1 1.0
1432847032625 0 132.0
1432847032828 0 157.0
1432847033091 0 165.0
1432847033244 0 257.0
1432847032029 1 1.0
1432847032229 1 1.0
1432847032429 1 1.0
1432847033403 0 333.0
1432847033556 0 674.0
1432847033714 0 1115.0
1432847032629 1 1.0
1432847033870 0 1673.0
1432847034026 0 2137.0
1432847032829 1 1.0
1432847033029 1 1.0
1432847033229 1 1.0
1432847034233 0 2458.0
1432847034442 0 2729.0
1432847034649 0 2944.0
1432847033432 1 1.0
1432847033629 1 1.0
1432847033829 1 1.0
1432847034960 0 1349.0
1432847035117 0 546.0
1432847035272 0 358.0
1432847034029 1 1.0
1432847034229 1 1.0
1432847034429 1 1.0
1432847035480 0 421.0
1432847035636 0 269.0
1432847035789 0 55.0
1432847035948 0 30.0
