1433022800669 1 -0.15322890877723694 0.7374141216278076 9.653421401977539
1433022800769 1 -0.14365209639072418 0.7661445140838623 9.557653427124023
1433022800869 1 -0.08619125932455063 0.689530074596405 9.615114212036133
1433022800970 1 -0.12449848651885986 0.6991068720817566 9.548076629638672
1433022801069 1 -0.10534487664699554 0.727837324142456 9.720458984375
1433022801169 1 -0.13407529890537262 0.6991068720817566 9.806650161743164
1433022801269 1 -0.13407529890537262 0.7469909191131592 9.624691009521484
1433022801370 1 -0.17238251864910126 0.727837324142456 9.653421401977539
1433022801470 1 -0.17238251864910126 0.689530074596405 9.461885452270508
1433022801570 1 -0.14365209639072418 0.7086837291717529 9.825803756713867
1433022801671 1 -0.1628057211637497 0.7948749661445618 9.576807022094727
1433022801771 1 -0.2106897532939911 0.7565677165985107 9.710882186889648
1433022801872 1 -0.15322890877723694 0.7565677165985107 9.730035781860352
1433022801972 1 -0.12449848651885986 0.7757213711738586 9.586383819580078
1433022802072 1 -0.08619125932455063 0.7182605266571045 9.624691009521484
1433022802172 1 -0.17238251864910126 0.7374141216278076 9.653421401977539
1433022802272 1 -0.1149216815829277 0.7182605266571045 9.66299819946289
1433022802372 1 -0.12449848651885986 0.6991068720817566 9.624691009521484
1433022802472 1 -0.15322890877723694 0.7374141216278076 9.758766174316406
1433022802573 1 -0.08619125932455063 0.7086837291717529 9.691728591918945
1433022802673 1 -0.181959331035614 0.7565677165985107 9.691728591918945
1433022802773 1 -0.13407529890537262 0.7469909191131592 9.672574996948242
1433022802874 1 -0.13407529890537262 0.7757213711738586 9.643844604492188
1433022802974 1 -0.1628057211637497 0.7086837291717529 9.653421401977539
1433022803074 1 -0.13407529890537262 0.7374141216278076 9.653421401977539
1433022803175 1 -0.10534487664699554 0.7469909191131592 9.672574996948242
1433022803275 1 -0.12449848651885986 0.7374141216278076 9.634267807006836
1433022803375 1 -0.07661445438861847 0.7565677165985107 9.66299819946289
1433022803476 1 -0.15322890877723694 0.7565677165985107 9.605537414550781
1433022803576 1 -0.15322890877723694 0.7086837291717529 9.615114212036133
1433022803676 1 -0.14365209639072418 0.727837324142456 9.682151794433594
1433022803777 1 -0.12449848651885986 0.6991068720817566 9.672574996948242
1433022803877 1 -0.13407529890537262 0.7469909191131592 9.567230224609375
1433022803977 1 -0.15322890877723694 0.7565677165985107 9.643844604492188
1433022804077 1 -0.12449848651885986 0.727837324142456 9.643844604492188
1433022804178 1 -0.10534487664699554 0.727837324142456 9.615114212036133
1433022804278 1 -0.181959331035614 0.7086837291717529 9.672574996948242
1433022804378 1 -0.12449848651885986 0.7565677165985107 9.605537414550781
1433022804479 1 -0.15322890877723694 0.7469909191131592 9.59596061706543
1433022804579 1 -0.181959331035614 0.727837324142456 9.672574996948242
1433022804679 1 -0.10534487664699554 0.7086837291717529 9.653421401977539
1433022804779 1 -0.1149216815829277 0.6607996821403503 9.643844604492188
1433022804880 1 -0.17238251864910126 0.7469909191131592 9.66299819946289
1433022804980 1 -0.09576806426048279 0.7374141216278076 9.53849983215332
1433022805080 1 -0.06703764945268631 0.7948749661445618 9.643844604492188
1433022805181 1 -0.10534487664699554 0.7182605266571045 9.682151794433594
1433022805281 1 -0.09576806426048279 0.7374141216278076 9.634267807006836
1433022805381 1 -0.07661445438861847 0.6703764796257019 9.653421401977539
1433022805481 1 -0.14365209639072418 0.7374141216278076 9.643844604492188
1433022805581 1 -0.14365209639072418 0.689530074596405 9.691728591918945
1433022805681 1 -0.12449848651885986 0.7086837291717529 9.615114212036133
1433022805781 1 -0.1149216815829277 0.7182605266571045 9.605537414550781
1433022805882 1 -0.14365209639072418 0.7374141216278076 9.605537414550781
1433022805982 1 -0.08619125932455063 0.6991068720817566 9.59596061706543
1433022806082 1 -0.12449848651885986 0.6991068720817566 9.672574996948242
1433022806183 1 -0.14365209639072418 0.7182605266571045 9.672574996948242
1433022806283 1 -0.15322890877723694 0.7182605266571045 9.653421401977539
1433022806383 1 -0.1628057211637497 0.7086837291717529 9.653421401977539
1433022806483 1 -0.1149216815829277 0.7661445140838623 9.66299819946289
1433022806584 1 -0.14365209639072418 0.6991068720817566 9.672574996948242
1433022806684 1 -0.13407529890537262 0.7565677165985107 9.653421401977539
1433022806784 1 -0.13407529890537262 0.7374141216278076 9.624691009521484
1433022806884 1 -0.12449848651885986 0.7086837291717529 9.643844604492188
1433022806987 1 -0.12449848651885986 0.6607996821403503 9.66299819946289
1433022807088 1 -0.09576806426048279 0.689530074596405 9.634267807006836
1433022807188 1 -0.12449848651885986 0.689530074596405 9.787496566772461
1433022807288 1 -0.12449848651885986 0.7182605266571045 9.66299819946289
1433022807388 1 -0.14365209639072418 0.7182605266571045 9.634267807006836
1433022807488 1 -0.07661445438861847 0.6799532771110535 9.634267807006836
1433022807588 1 -0.14365209639072418 0.727837324142456 9.66299819946289
1433022807689 1 -0.1149216815829277 0.7565677165985107 9.634267807006836
1433022807790 1 -0.1149216815829277 0.7086837291717529 9.682151794433594
1433022807889 1 -0.1149216815829277 0.6799532771110535 9.653421401977539
1433022807989 1 -0.14365209639072418 0.727837324142456 9.653421401977539
1433022808089 1 -0.10534487664699554 0.7086837291717529 9.691728591918945
1433022808189 1 -0.13407529890537262 0.727837324142456 9.605537414550781
1433022808289 1 -0.10534487664699554 0.6512228846549988 9.605537414550781
1433022808389 1 -0.15322890877723694 0.689530074596405 9.576807022094727
1433022808489 1 -0.13407529890537262 0.6991068720817566 9.672574996948242
1433022808589 1 -0.1149216815829277 0.727837324142456 9.672574996948242
1433022808690 1 -0.13407529890537262 0.7182605266571045 9.634267807006836
1433022808790 1 -0.17238251864910126 0.7182605266571045 9.701305389404297
1433022808890 1 -0.15322890877723694 0.7086837291717529 9.576807022094727
1433022808991 1 -0.1149216815829277 0.727837324142456 9.615114212036133
1433022809091 1 -0.1149216815829277 0.6991068720817566 9.643844604492188
1433022809191 1 -0.13407529890537262 0.7469909191131592 9.634267807006836
1433022809291 1 -0.13407529890537262 0.6991068720817566 9.672574996948242
1433022809391 1 -0.15322890877723694 0.7469909191131592 9.653421401977539
1433022809491 1 -0.14365209639072418 0.689530074596405 9.691728591918945
1433022809591 1 -0.13407529890537262 0.689530074596405 9.701305389404297
1433022809691 1 -0.15322890877723694 0.6703764796257019 9.634267807006836
1433022809792 1 -0.08619125932455063 0.689530074596405 9.672574996948242
1433022809891 1 -0.1149216815829277 0.6991068720817566 9.66299819946289
1433022809991 1 -0.10534487664699554 0.689530074596405 9.567230224609375
1433022810091 1 -0.10534487664699554 0.7086837291717529 9.66299819946289
1433022810191 1 -0.1149216815829277 0.6703764796257019 9.682151794433594
1433022810291 1 -0.10534487664699554 0.7374141216278076 9.605537414550781
1433022810391 1 -0.10534487664699554 0.7469909191131592 9.66299819946289
1433022810492 1 -0.1149216815829277 0.6991068720817566 9.624691009521484
1433022810592 1 -0.17238251864910126 0.6416460275650024 9.634267807006836
1433022810692 1 -0.10534487664699554 0.7469909191131592 9.643844604492188
1433022810793 1 -0.15322890877723694 0.7182605266571045 9.605537414550781
1433022810893 1 -0.14365209639072418 0.7182605266571045 9.643844604492188
1433022810993 1 -0.14365209639072418 0.7086837291717529 9.615114212036133
1433022811094 1 -0.14365209639072418 0.727837324142456 9.615114212036133
1433022811195 1 -0.10534487664699554 0.7757213711738586 9.634267807006836
1433022811295 1 -0.12449848651885986 0.7086837291717529 9.624691009521484
1433022811395 1 -0.14365209639072418 0.727837324142456 9.624691009521484
1433022811495 1 -0.1149216815829277 0.7182605266571045 9.576807022094727
1433022811595 1 -0.17238251864910126 0.6512228846549988 9.615114212036133
1433022811696 1 -0.09576806426048279 0.7086837291717529 9.701305389404297
1433022811796 1 -0.12449848651885986 0.7086837291717529 9.672574996948242
1433022811896 1 -0.14365209639072418 0.6991068720817566 9.66299819946289
1433022811997 1 -0.14365209639072418 0.7469909191131592 9.605537414550781
1433022812097 1 -0.09576806426048279 0.7374141216278076 9.634267807006836
1433022812197 1 -0.1149216815829277 0.7086837291717529 9.615114212036133
1433022812298 1 -0.1628057211637497 0.6607996821403503 9.624691009521484
1433022812398 1 -0.1149216815829277 0.6991068720817566 9.691728591918945
1433022812498 1 -0.10534487664699554 0.6991068720817566 9.576807022094727
1433022812598 1 -0.1149216815829277 0.6607996821403503 9.624691009521484
1433022812698 1 -0.14365209639072418 0.7182605266571045 9.66299819946289
1433022812798 1 -0.14365209639072418 0.689530074596405 9.691728591918945
1433022812898 1 -0.09576806426048279 0.7086837291717529 9.66299819946289
1433022812998 1 -0.1149216815829277 0.6703764796257019 9.586383819580078
1433022813099 1 -0.181959331035614 0.689530074596405 9.643844604492188
1433022813200 1 -0.13407529890537262 0.6799532771110535 9.691728591918945
1433022813300 1 -0.13407529890537262 0.6703764796257019 9.634267807006836
1433022813400 1 -0.13407529890537262 0.689530074596405 9.691728591918945
1433022813501 1 -0.1149216815829277 0.727837324142456 9.624691009521484
1433022813601 1 -0.047884032130241394 0.689530074596405 9.605537414550781
1433022813701 1 -0.15322890877723694 0.7086837291717529 9.643844604492188
1433022813801 1 -0.1628057211637497 0.7374141216278076 9.672574996948242
1433022813902 1 -0.1628057211637497 0.6512228846549988 9.672574996948242
1433022814002 1 -0.10534487664699554 0.7469909191131592 9.624691009521484
1433022814102 1 -0.07661445438861847 0.6512228846549988 9.66299819946289
1433022814205 1 -0.1149216815829277 0.727837324142456 9.615114212036133
1433022814305 1 -0.15322890877723694 0.6991068720817566 9.576807022094727
1433022814405 1 -0.14365209639072418 0.6703764796257019 9.586383819580078
1433022814505 1 -0.1628057211637497 0.6703764796257019 9.691728591918945
1433022814605 1 -0.15322890877723694 0.7182605266571045 9.59596061706543
1433022814705 1 -0.1149216815829277 0.6991068720817566 9.605537414550781
1433022814805 1 -0.10534487664699554 0.6991068720817566 9.548076629638672
1433022814906 1 -0.1149216815829277 0.7374141216278076 9.710882186889648
1433022815006 1 -0.12449848651885986 0.7374141216278076 9.59596061706543
1433022815106 1 -0.10534487664699554 0.6991068720817566 9.500192642211914
1433022815207 1 -0.15322890877723694 0.6991068720817566 9.615114212036133
1433022815307 1 -0.09576806426048279 0.6703764796257019 9.672574996948242
1433022815407 1 -0.13407529890537262 0.7469909191131592 9.634267807006836
1433022815508 1 -0.12449848651885986 0.6799532771110535 9.634267807006836
1433022815608 1 -0.1149216815829277 0.7182605266571045 9.682151794433594
1433022815708 1 -0.1149216815829277 0.7469909191131592 9.653421401977539
1433022815809 1 -0.1628057211637497 0.7086837291717529 9.643844604492188
1433022815909 1 -0.09576806426048279 0.6703764796257019 9.66299819946289
1433022816009 1 -0.10534487664699554 0.6703764796257019 9.77791976928711
1433022816109 1 -0.08619125932455063 0.7086837291717529 9.576807022094727
1433022816209 1 -0.1149216815829277 0.6991068720817566 9.66299819946289
1433022816310 1 -0.17238251864910126 0.727837324142456 9.615114212036133
1433022816410 1 -0.10534487664699554 0.7086837291717529 9.66299819946289
1433022816510 1 -0.15322890877723694 0.7661445140838623 9.643844604492188
1433022816611 1 -0.1628057211637497 0.9289502501487732 9.691728591918945
1433022816711 1 -0.12449848651885986 0.9193734526634216 9.576807022094727
1433022816811 1 0.0 0.9193734526634216 9.710882186889648
1433022816911 1 0.047884032130241394 0.8619126081466675 9.682151794433594
1433022817011 1 0.019153613597154617 0.7661445140838623 9.816226959228516
1433022817111 1 0.047884032130241394 0.6799532771110535 9.806650161743164
1433022817211 1 -0.14365209639072418 0.545877993106842 9.519346237182617
1433022817312 1 -0.047884032130241394 0.31603461503982544 9.528923034667969
1433022817411 1 0.019153613597154617 0.363918662071228 9.615114212036133
1433022817511 1 -0.047884032130241394 0.4405331015586853 9.701305389404297
1433022817612 1 -0.06703764945268631 0.3926490843296051 9.66299819946289
1433022817712 1 -0.05746084079146385 0.3447650372982025 9.682151794433594
1433022817812 1 -0.009576806798577309 0.3734954595565796 9.691728591918945
1433022817912 1 0.0 0.3926490843296051 9.701305389404297
1433022818012 1 -0.10534487664699554 0.4118026793003082 9.586383819580078
1433022818112 1 0.07661445438861847 0.31603461503982544 9.653421401977539
1433022818212 1 0.047884032130241394 0.4405331015586853 9.739612579345703
1433022818313 1 -0.019153613597154617 0.4405331015586853 9.749189376831055
1433022818412 1 0.1628057211637497 0.23942017555236816 9.548076629638672
1433022818512 1 0.13407529890537262 0.4118026793003082 9.710882186889648
1433022818613 1 0.028730420395731926 0.4596867263317108 9.567230224609375
1433022818713 1 -0.05746084079146385 0.47884035110473633 9.586383819580078
1433022818813 1 0.05746084079146385 0.40222588181495667 9.66299819946289
1433022818914 1 -0.038307227194309235 0.45010992884635925 9.634267807006836
1433022819015 1 0.009576806798577309 0.4213795065879822 9.605537414550781
1433022819115 1 0.06703764945268631 0.43095630407333374 9.710882186889648
1433022819215 1 0.009576806798577309 0.4405331015586853 9.682151794433594
1433022819315 1 -0.047884032130241394 0.43095630407333374 9.720458984375
1433022819415 1 0.047884032130241394 0.4213795065879822 9.739612579345703
1433022819516 1 0.009576806798577309 0.4692635238170624 9.548076629638672
1433022819616 1 -0.038307227194309235 0.4692635238170624 9.548076629638672
1433022819716 1 0.009576806798577309 0.4692635238170624 9.672574996948242
1433022819817 1 0.05746084079146385 0.4118026793003082 9.672574996948242
1433022819917 1 0.019153613597154617 0.4596867263317108 9.634267807006836
1433022820017 1 -0.009576806798577309 0.45010992884635925 9.710882186889648
1433022820118 1 -0.009576806798577309 0.45010992884635925 9.59596061706543
1433022820219 1 0.019153613597154617 0.4884171485900879 9.643844604492188
1433022820319 1 0.009576806798577309 0.5171475410461426 9.624691009521484
1433022820419 1 -0.009576806798577309 0.43095630407333374 9.710882186889648
1433022820519 1 0.0 0.4118026793003082 9.691728591918945
1433022820619 1 0.038307227194309235 0.4405331015586853 9.691728591918945
1433022820720 1 0.028730420395731926 0.38307225704193115 9.701305389404297
1433022820820 1 0.0 0.4596867263317108 9.653421401977539
1433022820920 1 0.009576806798577309 0.43095630407333374 9.605537414550781
1433022821021 1 0.009576806798577309 0.4596867263317108 9.672574996948242
1433022821120 1 -0.019153613597154617 0.4213795065879822 9.643844604492188
1433022821220 1 0.019153613597154617 0.45010992884635925 9.710882186889648
1433022821321 1 -0.019153613597154617 0.5171475410461426 9.710882186889648
1433022821421 1 -0.019153613597154617 0.4596867263317108 9.653421401977539
1433022821521 1 0.019153613597154617 0.40222588181495667 9.691728591918945
1433022821622 1 0.028730420395731926 0.38307225704193115 9.682151794433594
1433022821723 1 -0.019153613597154617 0.4884171485900879 9.634267807006836
1433022821822 1 -0.009576806798577309 0.4405331015586853 9.682151794433594
1433022821922 1 0.009576806798577309 0.43095630407333374 9.66299819946289
1433022822022 1 -0.009576806798577309 0.4884171485900879 9.701305389404297
1433022822122 1 -0.038307227194309235 0.45010992884635925 9.615114212036133
1433022822222 1 0.019153613597154617 0.4213795065879822 9.66299819946289
1433022822323 1 -0.009576806798577309 0.43095630407333374 9.605537414550781
1433022822423 1 0.0 0.4884171485900879 9.643844604492188
1433022822523 1 0.05746084079146385 0.4692635238170624 9.691728591918945
1433022822624 1 -0.028730420395731926 0.45010992884635925 9.586383819580078
1433022822724 1 0.009576806798577309 0.45010992884635925 9.730035781860352
1433022822824 1 -0.009576806798577309 0.4692635238170624 9.730035781860352
1433022822924 1 0.009576806798577309 0.4596867263317108 9.634267807006836
1433022823024 1 0.019153613597154617 0.49799394607543945 9.66299819946289
1433022823124 1 0.028730420395731926 0.47884035110473633 9.653421401977539
1433022823224 1 0.009576806798577309 0.4596867263317108 9.653421401977539
1433022823324 1 0.038307227194309235 0.4213795065879822 9.672574996948242
1433022823425 1 0.038307227194309235 0.4118026793003082 9.66299819946289
1433022823525 1 0.07661445438861847 0.47884035110473633 9.672574996948242
1433022823625 1 -0.028730420395731926 0.3926490843296051 9.710882186889648
1433022823726 1 0.009576806798577309 0.4213795065879822 9.797073364257812
1433022823826 1 0.028730420395731926 0.4118026793003082 9.66299819946289
1433022823926 1 0.028730420395731926 0.43095630407333374 9.730035781860352
1433022824026 1 -0.038307227194309235 0.4884171485900879 9.682151794433594
1433022824127 1 0.019153613597154617 0.4213795065879822 9.586383819580078
1433022824226 1 0.0 0.47884035110473633 9.653421401977539
1433022824326 1 0.0 0.4405331015586853 9.643844604492188
1433022824427 1 0.028730420395731926 0.4118026793003082 9.730035781860352
1433022824526 1 0.047884032130241394 0.4692635238170624 9.653421401977539
1433022824626 1 0.028730420395731926 0.43095630407333374 9.528923034667969
1433022824726 1 0.019153613597154617 0.4118026793003082 9.710882186889648
1433022824826 1 -0.009576806798577309 0.49799394607543945 9.653421401977539
1433022824926 1 0.06703764945268631 0.4596867263317108 9.66299819946289
1433022825026 1 0.028730420395731926 0.4405331015586853 9.701305389404297
1433022825126 1 0.047884032130241394 0.4596867263317108 9.615114212036133
1433022825226 1 0.009576806798577309 0.4596867263317108 9.730035781860352
1433022825327 1 0.009576806798577309 0.4596867263317108 9.653421401977539
1433022825427 1 0.028730420395731926 0.4884171485900879 9.605537414550781
1433022825527 1 -0.009576806798577309 0.4596867263317108 9.643844604492188
1433022825628 1 -0.028730420395731926 0.4118026793003082 9.643844604492188
1433022825728 1 0.028730420395731926 0.47884035110473633 9.643844604492188
1433022825828 1 0.0 0.47884035110473633 9.634267807006836
1433022825929 1 -0.05746084079146385 0.4596867263317108 9.643844604492188
1433022826029 1 0.05746084079146385 0.40222588181495667 9.66299819946289
1433022826129 1 -0.019153613597154617 0.507570743560791 9.682151794433594
1433022826229 1 0.028730420395731926 0.38307225704193115 9.672574996948242
1433022826330 1 0.0 0.4692635238170624 9.643844604492188
1433022826430 1 0.009576806798577309 0.4405331015586853 9.624691009521484
1433022826530 1 -0.038307227194309235 0.4596867263317108 9.653421401977539
1433022826630 1 -0.028730420395731926 0.4596867263317108 9.672574996948242
1433022826731 1 0.019153613597154617 0.4213795065879822 9.710882186889648
1433022826831 1 -0.047884032130241394 0.4118026793003082 9.739612579345703
1433022826931 1 0.019153613597154617 0.507570743560791 9.653421401977539
1433022827032 1 0.08619125932455063 0.47884035110473633 9.701305389404297
1433022827132 1 -0.009576806798577309 0.43095630407333374 9.682151794433594
1433022827232 1 0.038307227194309235 0.4213795065879822 9.634267807006836
1433022827333 1 0.009576806798577309 0.43095630407333374 9.672574996948242
1433022827433 1 0.009576806798577309 0.4118026793003082 9.672574996948242
1433022827533 1 0.0 0.4405331015586853 9.634267807006836
1433022827633 1 0.019153613597154617 0.45010992884635925 9.653421401977539
1433022827733 1 0.05746084079146385 0.4213795065879822 9.672574996948242
1433022827833 1 0.009576806798577309 0.40222588181495667 9.624691009521484
1433022827933 1 -0.009576806798577309 0.40222588181495667 9.653421401977539
1433022828033 1 0.009576806798577309 0.43095630407333374 9.701305389404297
1433022828133 1 0.009576806798577309 0.4596867263317108 9.720458984375
1433022828233 1 -0.028730420395731926 0.4118026793003082 9.605537414550781
1433022828335 1 -0.009576806798577309 0.45010992884635925 9.691728591918945
1433022828434 1 0.028730420395731926 0.45010992884635925 9.701305389404297
1433022828534 1 -0.019153613597154617 0.43095630407333374 9.634267807006836
1433022828634 1 0.009576806798577309 0.43095630407333374 9.653421401977539
1433022828734 1 -0.038307227194309235 0.4692635238170624 9.710882186889648
1433022828834 1 0.06703764945268631 0.43095630407333374 9.682151794433594
1433022828934 1 0.05746084079146385 0.43095630407333374 9.653421401977539
1433022829034 1 0.0 0.45010992884635925 9.701305389404297
1433022829134 1 0.0 0.4692635238170624 9.682151794433594
1433022829235 1 0.009576806798577309 0.40222588181495667 9.682151794433594
1433022829334 1 0.009576806798577309 0.43095630407333374 9.557653427124023
1433022829434 1 0.047884032130241394 0.4596867263317108 9.586383819580078
1433022829534 1 0.009576806798577309 0.4596867263317108 9.634267807006836
1433022829634 1 0.009576806798577309 0.45010992884635925 9.605537414550781
1433022829734 1 0.0 0.4596867263317108 9.66299819946289
1433022829835 1 0.019153613597154617 0.4213795065879822 9.682151794433594
1433022829935 1 0.028730420395731926 0.4596867263317108 9.691728591918945
1433022830035 1 0.028730420395731926 0.43095630407333374 9.672574996948242
1433022830135 1 0.028730420395731926 0.4692635238170624 9.624691009521484
1433022830235 1 0.047884032130241394 0.4692635238170624 9.66299819946289
1433022830336 1 0.05746084079146385 0.4884171485900879 9.634267807006836
1433022830436 1 0.009576806798577309 0.4405331015586853 9.66299819946289
1433022830536 1 0.019153613597154617 0.47884035110473633 9.59596061706543
1433022830636 1 0.05746084079146385 0.4213795065879822 9.691728591918945
1433022830736 1 0.009576806798577309 0.45010992884635925 9.643844604492188
1433022830836 1 0.019153613597154617 0.4405331015586853 9.615114212036133
1433022830937 1 0.019153613597154617 0.4405331015586853 9.653421401977539
1433022831038 1 0.0 0.4596867263317108 9.615114212036133
1433022831138 1 0.019153613597154617 0.4596867263317108 9.691728591918945
1433022831238 1 -0.009576806798577309 0.4692635238170624 9.730035781860352
1433022831339 1 -0.019153613597154617 0.4884171485900879 9.701305389404297
1433022831440 1 0.05746084079146385 0.4692635238170624 9.624691009521484
1433022831539 1 0.028730420395731926 0.4118026793003082 9.691728591918945
1433022831639 1 0.31603461503982544 0.06703764945268631 10.113107681274414
1433022831739 1 0.3064578175544739 0.5650315880775452 9.548076629638672
1433022831839 1 0.3064578175544739 0.15322890877723694 9.825803756713867
1433022831939 1 0.23942017555236816 0.07661445438861847 9.375694274902344
1433022832039 1 0.727837324142456 0.19153612852096558 9.998186111450195
1433022832139 1 0.7182605266571045 0.181959331035614 10.055646896362305
1433022832240 1 0.2777273952960968 0.1149216815829277 9.720458984375
1433022832340 1 0.40222588181495667 0.15322890877723694 9.730035781860352
1433022832440 1 0.40222588181495667 0.3064578175544739 9.615114212036133
1433022832541 1 0.8044517636299133 1.0247182846069336 9.548076629638672
1433022832641 1 0.31603461503982544 0.038307227194309235 9.47146224975586
1433022832741 1 0.08619125932455063 0.45010992884635925 9.720458984375
1433022832841 1 -0.08619125932455063 0.31603461503982544 10.285490036010742
1433022832942 1 -0.07661445438861847 0.20111294090747833 9.749189376831055
1433022833042 1 -0.7565677165985107 1.8387469053268433 8.925583839416504
1433022833142 1 -0.35434186458587646 1.1300631761550903 9.21288776397705
1433022833242 1 -0.20111294090747833 0.6129156351089478 9.701305389404297
1433022833342 1 -0.13407529890537262 0.26815059781074524 9.758766174316406
1433022833442 1 0.1628057211637497 -0.2106897532939911 10.687716484069824
1433022833542 1 1.3982137441635132 -1.0438719987869263 9.423578262329102
1433022833642 1 2.806004285812378 -1.5131354331970215 8.073247909545898
1433022833742 1 2.38462495803833 -1.7142484188079834 8.111555099487305
1433022833843 1 1.9057846069335938 -2.4803929328918457 9.097966194152832
1433022833944 1 1.4460978507995605 -3.179499864578247 9.27034854888916
1433022834043 1 0.8523358106613159 -3.5242648124694824 9.308655738830566
1433022834144 1 0.8523358106613159 -4.443638324737549 9.251194953918457
1433022834244 1 1.292868971824646 -4.654327869415283 8.9064302444458
1433022834344 1 1.9823989868164062 -5.535394191741943 8.992621421813965
1433022834445 1 2.1068975925445557 -3.7253777980804443 8.034940719604492
1433022834546 1 1.455674648284912 -2.3367409706115723 8.47547435760498
1433022834646 1 2.2218191623687744 -1.7908629179000854 8.169015884399414
1433022834746 1 1.292868971824646 -2.1739351749420166 9.586383819580078
1433022834847 1 0.09576806426048279 -1.139639973640442 8.619126319885254
1433022834947 1 0.545877993106842 -1.3120225667953491 9.35654067993164
1433022835047 1 1.742978811264038 -1.436521053314209 9.47146224975586
1433022835148 1 1.599326729774475 -1.7908629179000854 9.940725326538086
1433022835248 1 0.8044517636299133 -1.9249382019042969 10.122684478759766
1433022835348 1 0.7469909191131592 -0.6607996821403503 8.418013572692871
1433022835448 1 -0.6991068720817566 -0.3256114423274994 9.710882186889648
1433022835549 1 -0.38307225704193115 1.6663644313812256 9.279925346374512
1433022835649 1 -1.8291701078414917 1.800439715385437 9.346963882446289
1433022835749 1 -1.5897499322891235 3.1028854846954346 8.216899871826172
1433022835849 1 -3.5434184074401855 5.123591423034668 8.044517517089844
1433022835949 1 -3.552995204925537 4.175487995147705 7.383718013763428
1433022836049 1 -4.548983097076416 3.0358476638793945 7.843404769897461
1433022836149 1 -4.548983097076416 3.0358476638793945 7.843404769897461
1433022836249 1 -4.548983097076416 3.0358476638793945 7.843404769897461
1433022836349 1 -4.548983097076416 3.0358476638793945 7.843404769897461
1433022836449 1 -4.548983097076416 3.0358476638793945 7.843404769897461
1433022836550 1 -2.4420857429504395 2.499546527862549 9.02135181427002
1433022836650 1 -3.064578056335449 2.691082715988159 8.20732307434082
1433022836751 1 -2.4612393379211426 3.141192674636841 8.341399192810059
1433022836851 1 -1.7717092037200928 2.873042106628418 9.299078941345215
1433022836951 1 -1.5897499322891235 2.892195701599121 9.107542991638184
1433022837051 1 -0.8140285611152649 3.19865345954895 9.241618156433105
1433022837151 1 -0.7374141216278076 3.141192674636841 9.528923034667969
1433022837252 1 -1.0055646896362305 3.093308687210083 9.069235801696777
1433022837352 1 -1.0342950820922852 3.0837318897247314 8.868123054504395
1433022837452 1 -1.0821791887283325 3.0358476638793945 9.2033109664917
1433022837552 1 -0.9097966551780701 2.9017724990844727 9.308655738830566
1433022837653 1 -0.5937620401382446 2.6144683361053467 9.193734169006348
1433022837754 1 -0.2777273952960968 2.5474305152893066 9.47146224975586
1433022837854 1 -0.2298433631658554 2.691082715988159 9.375694274902344
1433022837954 1 -0.2298433631658554 2.738966703414917 9.059659004211426
1433022838054 1 -0.7086837291717529 2.4899697303771973 9.404424667358398
1433022838154 1 -0.8140285611152649 2.5761611461639404 9.327810287475586
1433022838254 1 -0.4596867263317108 2.5282769203186035 9.289502143859863
1433022838354 1 -0.5171475410461426 2.3750481605529785 9.289502143859863
1433022838455 1 -0.5267243981361389 2.4420857429504395 9.394847869873047
1433022838556 1 -0.2585737705230713 2.719813108444214 9.241618156433105
1433022838656 1 -0.24899697303771973 2.3942017555236816 9.366117477416992
