1432847113326 0 -0.35303938388824463 0.11767979711294174 10.473502159118652
1432847112173 1 -0.17238251864910126 0.1628057211637497 9.567230224609375
1432847113528 0 -0.313812792301178 0.11767979711294174 10.591181755065918
1432847112373 1 -0.19153612852096558 0.17238251864910126 9.672574996948242
1432847113728 0 -0.35303938388824463 0.11767979711294174 10.512728691101074
1432847113926 0 -0.35303938388824463 0.156906396150589 10.512728691101074
1432847112574 1 -0.2106897532939911 0.1628057211637497 9.701305389404297
1432847112773 1 -0.2106897532939911 0.181959331035614 9.634267807006836
1432847114127 0 -0.3922659754753113 0.11767979711294174 10.43427562713623
1432847112973 1 -0.1628057211637497 0.17238251864910126 9.634267807006836
1432847114327 0 -0.47071918845176697 0.11767979711294174 10.473502159118652
1432847114526 0 -0.35303938388824463 0.11767979711294174 10.355822563171387
1432847113176 1 -0.181959331035614 0.181959331035614 9.653421401977539
1432847113374 1 -0.12449848651885986 0.13407529890537262 9.643844604492188
1432847114727 0 -0.4314925968647003 0.156906396150589 10.43427562713623
1432847113574 1 -0.17238251864910126 0.15322890877723694 9.672574996948242
1432847114927 0 -0.35303938388824463 0.11767979711294174 10.473502159118652
1432847115127 0 -0.3922659754753113 0.11767979711294174 10.395049095153809
1432847113774 1 -0.1628057211637497 0.14365209639072418 9.653421401977539
1432847113975 1 -0.15322890877723694 0.15322890877723694 9.701305389404297
1432847115325 0 -0.3922659754753113 0.0784531980752945 10.473502159118652
1432847114175 1 -0.19153612852096558 0.13407529890537262 9.672574996948242
1432847114375 1 -0.1628057211637497 0.1149216815829277 9.605537414550781
1432847115529 0 -0.4314925968647003 0.11767979711294174 10.355822563171387
1432847115727 0 -0.3922659754753113 0.11767979711294174 10.43427562713623
1432847114575 1 -0.17238251864910126 0.1149216815829277 9.653421401977539
1432847114776 1 -0.17238251864910126 0.15322890877723694 9.672574996948242
1432847114976 1 -0.15322890877723694 0.17238251864910126 9.634267807006836
1432847115177 1 -0.15322890877723694 0.181959331035614 9.682151794433594
1432847115927 0 -0.4314925968647003 0.11767979711294174 10.512728691101074
1432847116128 0 -0.3922659754753113 0.11767979711294174 10.43427562713623
1432847116328 0 -0.3922659754753113 0.11767979711294174 10.473502159118652
1432847116527 0 -0.4314925968647003 0.156906396150589 10.43427562713623
1432847115376 1 -0.14365209639072418 0.14365209639072418 9.66299819946289
1432847115575 1 -0.1628057211637497 0.20111294090747833 9.66299819946289
1432847116727 0 -0.3922659754753113 0.0784531980752945 10.512728691101074
1432847115776 1 -0.1628057211637497 0.181959331035614 9.59596061706543
1432847116927 0 -0.4314925968647003 0.11767979711294174 10.355822563171387
1432847117127 0 -0.3922659754753113 0.11767979711294174 10.355822563171387
1432847115976 1 -0.19153612852096558 0.1628057211637497 9.634267807006836
1432847116178 1 -0.15322890877723694 0.19153612852096558 9.672574996948242
1432847117327 0 -0.4314925968647003 0.11767979711294174 10.473502159118652
1432847117527 0 -0.35303938388824463 0.0784531980752945 10.395049095153809
1432847116377 1 -0.2106897532939911 0.19153612852096558 9.730035781860352
1432847116577 1 -0.2106897532939911 0.20111294090747833 9.643844604492188
1432847116777 1 -0.06703764945268631 0.22026655077934265 9.682151794433594
1432847116978 1 0.8523358106613159 -0.4118026793003082 9.940725326538086
1432847117729 0 -0.3922659754753113 0.11767979711294174 10.473502159118652
1432847117928 0 -0.313812792301178 0.156906396150589 10.473502159118652
1432847118128 0 -0.35303938388824463 0.11767979711294174 10.473502159118652
1432847118326 0 -0.3922659754753113 0.19613298773765564 10.395049095153809
1432847118535 0 -0.35303938388824463 0.156906396150589 10.473502159118652
1432847117178 1 2.183511972427368 1.359906554222107 10.199298858642578
1432847118727 0 -0.3922659754753113 0.11767979711294174 10.473502159118652
1432847117378 1 2.5665841102600098 2.4803929328918457 8.820239067077637
1432847117578 1 3.754108190536499 4.491522312164307 7.95832633972168
1432847118927 0 -0.313812792301178 0.0784531980752945 10.395049095153809
1432847117779 1 4.5394062995910645 5.219359874725342 6.502651691436768
1432847117979 1 5.363011837005615 6.3973069190979 3.361459255218506
1432847119129 0 -0.35303938388824463 0.11767979711294174 10.43427562713623
1432847119327 0 -0.313812792301178 0.156906396150589 10.43427562713623
1432847118179 1 5.65031623840332 6.186617374420166 3.00711727142334
1432847118378 1 8.216899871826172 3.3518824577331543 1.2066776752471924
1432847119529 0 -0.35303938388824463 0.19613298773765564 10.512728691101074
1432847119727 0 -0.313812792301178 0.0784531980752945 10.43427562713623
1432847118579 1 12.4785795211792 2.1739351749420166 -0.8236053586006165
1432847119927 0 -0.35303938388824463 0.11767979711294174 10.395049095153809
1432847120128 0 -0.3922659754753113 0.11767979711294174 10.395049095153809
1432847118780 1 7.105990409851074 5.152322292327881 0.2585737705230713
1432847118980 1 -5.343858242034912 6.655880928039551 -0.3256114423274994
1432847120531 0 -0.3922659754753113 0.0784531980752945 10.473502159118652
1432847119180 1 -3.026270866394043 3.045424461364746 2.31758713722229
1432847120733 0 -0.35303938388824463 0.0784531980752945 10.43427562713623
1432847119380 1 13.30218505859375 5.363011837005615 6.186617374420166
1432847119581 1 5.382165431976318 2.1547815799713135 5.2672438621521
1432847120927 0 -0.313812792301178 0.03922659903764725 10.473502159118652
1432847119781 1 -10.400412559509277 -1.4173674583435059 -3.8115692138671875
1432847121128 0 -0.313812792301178 0.11767979711294174 10.43427562713623
1432847121327 0 -0.3922659754753113 0.19613298773765564 10.551955223083496
1432847119979 1 6.435614109039307 -2.346317768096924 9.739612579345703
1432847120181 1 6.186617374420166 6.426037311553955 16.82645034790039
1432847121527 0 -0.47071918845176697 0.23535959422588348 10.473502159118652
1432847120381 1 -1.292868971824646 0.13407529890537262 3.4380736351013184
1432847121728 0 -0.313812792301178 0.11767979711294174 10.473502159118652
1432847121927 0 -0.4314925968647003 0.156906396150589 10.43427562713623
1432847120581 1 -7.1921820640563965 -1.4844050407409668 -0.31603461503982544
1432847122127 0 -0.23535959422588348 0.156906396150589 10.551955223083496
1432847120966 1 11.817779541015625 0.22026655077934265 9.078812599182129
1432847120981 1 4.9799394607543945 -7.422025203704834 3.6104562282562256
1432847122326 0 -0.313812792301178 0.0784531980752945 10.395049095153809
1432847122527 0 -0.4314925968647003 -0.0 10.395049095153809
1432847121180 1 -10.639832496643066 -9.586383819580078 -1.8579005002975464
1432847121380 1 11.453861236572266 -8.5903959274292 7.144298076629639
1432847122726 0 -0.313812792301178 0.0784531980752945 10.355822563171387
1432847122928 0 -0.23535959422588348 0.11767979711294174 10.43427562713623
1432847121581 1 8.20732307434082 -12.622231483459473 6.9910688400268555
1432847121781 1 -12.593501091003418 -12.287043571472168 -1.4748282432556152
1432847123128 0 -0.47071918845176697 0.0784531980752945 10.355822563171387
1432847123327 0 -0.19613298773765564 0.156906396150589 10.512728691101074
1432847123527 0 -0.35303938388824463 0.19613298773765564 10.473502159118652
1432847123728 0 -0.27458620071411133 -0.0784531980752945 10.473502159118652
1432847123927 0 -0.23535959422588348 0.0784531980752945 10.473502159118652
1432847124127 0 -0.3922659754753113 0.0784531980752945 10.316595077514648
1432847124327 0 -0.5491724014282227 0.156906396150589 10.43427562713623
1432847124527 0 -0.27458620071411133 0.11767979711294174 10.512728691101074
1432847124727 0 -0.27458620071411133 0.11767979711294174 10.473502159118652
1432847124927 0 -0.313812792301178 0.0784531980752945 10.551955223083496
1432847125127 0 -0.27458620071411133 0.0784531980752945 10.473502159118652
1432847125327 0 -0.35303938388824463 0.0784531980752945 10.43427562713623
1432847125526 0 -0.35303938388824463 0.11767979711294174 10.43427562713623
1432847125726 0 -0.313812792301178 0.156906396150589 10.43427562713623
1432847125927 0 -0.35303938388824463 0.03922659903764725 10.43427562713623
1432847126127 0 -0.3922659754753113 0.11767979711294174 10.395049095153809
1432847126326 0 -0.27458620071411133 0.0784531980752945 10.473502159118652
1432847126527 0 -0.3922659754753113 0.11767979711294174 10.473502159118652
1432847126729 0 -0.313812792301178 0.11767979711294174 10.473502159118652
1432847126927 0 -0.4314925968647003 -0.0 10.512728691101074
1432847127126 0 -0.19613298773765564 0.27458620071411133 10.395049095153809
1432847127327 0 -0.156906396150589 -0.0784531980752945 10.512728691101074
1432847127529 0 -0.0784531980752945 0.156906396150589 10.43427562713623
1432847127728 0 -0.3922659754753113 0.03922659903764725 10.63040828704834
1432847127927 0 -0.27458620071411133 0.0784531980752945 10.473502159118652
1432847128127 0 -0.11767979711294174 0.0784531980752945 10.473502159118652
1432847128328 0 -0.156906396150589 -0.0 10.473502159118652
1432847126393 1 1.1013327836990356 5.123591423034668 8.255207061767578
1432847126585 1 0.689530074596405 5.190629482269287 8.02536392211914
1432847126785 1 0.26815059781074524 5.2480902671813965 7.843404769897461
1432847126987 1 1.2545616626739502 5.123591423034668 7.690176010131836
1432847128527 0 -0.19613298773765564 0.0784531980752945 10.63040828704834
1432847127187 1 1.7717092037200928 5.363011837005615 7.450755596160889
1432847127386 1 2.011129379272461 5.276820659637451 7.891288757324219
1432847128727 0 -0.03922659903764725 -0.03922659903764725 10.473502159118652
1432847128928 0 -0.19613298773765564 0.03922659903764725 10.591181755065918
1432847127593 1 2.2601263523101807 4.989516258239746 7.910442352294922
1432847129127 0 -0.11767979711294174 -0.0 10.43427562713623
1432847127791 1 2.4899697303771973 3.8307228088378906 8.89685344696045
1432847127992 1 2.250549554824829 3.7636849880218506 8.370129585266113
1432847129328 0 -0.0784531980752945 0.0784531980752945 10.43427562713623
1432847129528 0 -0.11767979711294174 0.03922659903764725 10.395049095153809
1432847128192 1 2.518700122833252 2.7964274883270264 8.561665534973145
1432847129728 0 -0.11767979711294174 0.03922659903764725 10.473502159118652
1432847128391 1 1.3982137441635132 2.8826189041137695 9.126696586608887
1432847128592 1 0.3064578175544739 2.911349296569824 9.816226959228516
1432847129928 0 -0.156906396150589 -0.0 10.473502159118652
1432847130129 0 -0.156906396150589 0.03922659903764725 10.473502159118652
1432847128792 1 0.08619125932455063 3.5434184074401855 7.805097579956055
1432847130327 0 -0.156906396150589 0.03922659903764725 10.551955223083496
1432847128992 1 -0.7948749661445618 2.0685901641845703 8.734047889709473
1432847129193 1 0.7757213711738586 0.8619126081466675 10.486603736877441
1432847130529 0 -0.156906396150589 -0.0 10.512728691101074
1432847130727 0 -0.156906396150589 0.03922659903764725 10.473502159118652
1432847129393 1 5.410895824432373 -2.011129379272461 11.626243591308594
1432847130926 0 -0.11767979711294174 -0.0 10.473502159118652
1432847129593 1 -2.853888511657715 -3.093308687210083 5.094861030578613
1432847129793 1 -7.718906402587891 5.612008571624756 -2.164358377456665
1432847131128 0 -0.0784531980752945 -0.0 10.512728691101074
1432847131326 0 -0.0 -0.0 10.43427562713623
1432847129993 1 -2.2888567447662354 -2.873042106628418 3.734954595565796
1432847131528 0 -0.19613298773765564 -0.0 10.473502159118652
1432847131727 0 -0.19613298773765564 -0.03922659903764725 10.395049095153809
1432847130194 1 -5.995080947875977 2.1356279850006104 -2.9305028915405273
1432847130394 1 -6.378153324127197 1.886630892753601 -3.5721490383148193
1432847131927 0 -0.156906396150589 -0.0 10.43427562713623
1432847130593 1 -6.473921298980713 1.7908629179000854 -2.691082715988159
1432847132127 0 -0.27458620071411133 -0.0 10.316595077514648
1432847132329 0 -0.0784531980752945 0.03922659903764725 10.591181755065918
1432847130793 1 -1.9057846069335938 -4.8267107009887695 4.501099109649658
1432847130993 1 4.414907932281494 -8.015787124633789 6.0621185302734375
1432847132527 0 -0.03922659903764725 0.11767979711294174 10.43427562713623
1432847131193 1 -11.27190113067627 -1.1683704853057861 -7.1251444816589355
1432847131393 1 -7.6997528076171875 -4.290409564971924 -6.2632317543029785
1432847132727 0 -0.23535959422588348 -0.03922659903764725 10.512728691101074
1432847132928 0 -0.19613298773765564 -0.03922659903764725 10.316595077514648
1432847131593 1 12.72757625579834 -7.824251174926758 8.015787124633789
1432847133128 0 -0.11767979711294174 -0.0784531980752945 10.473502159118652
1432847131793 1 -9.030928611755371 -15.820884704589844 -2.7102363109588623
1432847131993 1 9.90241813659668 -17.62132453918457 1.599326729774475
1432847133328 0 -0.4314925968647003 0.156906396150589 10.43427562713623
1432847133527 0 -0.0 -0.0 10.43427562713623
1432847132193 1 7.364564418792725 -19.057846069335938 5.679046630859375
1432847133727 0 -0.0784531980752945 -0.03922659903764725 10.395049095153809
1432847133927 0 -0.156906396150589 0.0784531980752945 10.512728691101074
1432847132394 1 2.030282974243164 -13.934253692626953 -0.6320692300796509
1432847132594 1 5.39174222946167 -12.861651420593262 4.4532151222229
1432847134127 0 0.0784531980752945 -0.03922659903764725 10.473502159118652
1432847132794 1 -3.533841609954834 -17.86074447631836 -2.3080103397369385
1432847134327 0 -0.156906396150589 -0.0 10.512728691101074
1432847134529 0 -0.03922659903764725 -0.0 10.591181755065918
1432847132994 1 4.022258758544922 -19.115306854248047 3.8786067962646484
1432847133194 1 15.658079147338867 -15.121777534484863 6.081272125244141
1432847134727 0 -0.156906396150589 -0.0 10.43427562713623
1432847133394 1 -8.236053466796875 -18.4257755279541 -1.9632453918457031
1432847134928 0 -0.0784531980752945 0.03922659903764725 10.512728691101074
1432847135127 0 0.03922659903764725 -0.0 10.591181755065918
1432847133594 1 12.593501091003418 -9.576807022094727 3.840299606323242
1432847133794 1 4.137180328369141 -0.5841852426528931 4.529829502105713
1432847135328 0 -0.156906396150589 0.03922659903764725 10.473502159118652
1432847133994 1 4.8267107009887695 4.434061527252197 5.200206279754639
1432847135529 0 -0.19613298773765564 -0.03922659903764725 10.512728691101074
1432847135727 0 -0.156906396150589 0.0784531980752945 10.43427562713623
1432847134195 1 -0.6991068720817566 0.019153613597154617 3.9456443786621094
1432847134395 1 14.480132102966309 -12.54561710357666 8.504204750061035
1432847135927 0 -0.11767979711294174 -0.03922659903764725 10.395049095153809
1432847136127 0 -0.11767979711294174 -0.03922659903764725 10.43427562713623
1432847136329 0 -0.11767979711294174 0.03922659903764725 10.551955223083496
1432847136529 0 -0.0784531980752945 -0.0 10.355822563171387
1432847134596 1 -5.621585369110107 -17.784130096435547 5.937620162963867
1432847134795 1 10.20887565612793 -19.096153259277344 7.3454108238220215
1432847134995 1 13.809755325317383 -19.421764373779297 4.031835556030273
1432847135195 1 -3.2561142444610596 -19.50795555114746 -2.7676970958709717
1432847136727 0 -0.156906396150589 0.0784531980752945 10.473502159118652
1432847135395 1 13.838485717773438 -14.049175262451172 3.0550012588500977
1432847135595 1 4.702212333679199 -18.157625198364258 -0.1149216815829277
1432847135795 1 1.2832920551300049 -19.19192123413086 1.1109095811843872
1432847136927 0 -0.11767979711294174 -0.0 10.473502159118652
1432847137128 0 -0.11767979711294174 -0.0 10.512728691101074
1432847135995 1 14.97812557220459 -19.45049476623535 3.514688014984131
1432847136196 1 -4.405331134796143 -19.50795555114746 -8.695740699768066
1432847137328 0 -0.23535959422588348 0.03922659903764725 10.512728691101074
1432847137528 0 -0.19613298773765564 0.03922659903764725 10.473502159118652
1432847137727 0 -0.156906396150589 -0.03922659903764725 10.551955223083496
1432847136396 1 6.665457725524902 -19.527109146118164 1.647210717201233
1432847136596 1 15.840038299560547 -18.8280029296875 2.7772738933563232
1432847136796 1 -8.944737434387207 -19.354726791381836 -9.002198219299316
1432847137927 0 -0.0 -0.03922659903764725 10.43427562713623
1432847138127 0 -0.0784531980752945 -0.03922659903764725 10.316595077514648
1432847136996 1 10.228029251098633 -19.488801956176758 2.164358377456665
1432847138328 0 -0.156906396150589 0.11767979711294174 10.43427562713623
1432847137196 1 14.815320014953613 -18.54069709777832 3.466804027557373
1432847137396 1 -10.946290016174316 -19.287689208984375 -4.711789131164551
1432847138527 0 -0.156906396150589 0.0784531980752945 10.473502159118652
1432847138727 0 -0.0784531980752945 -0.0 10.512728691101074
1432847138926 0 -0.0784531980752945 -0.0784531980752945 10.473502159118652
1432847137596 1 10.936713218688965 -14.537592887878418 3.2082302570343018
1432847139127 0 -0.0784531980752945 -0.0 10.473502159118652
1432847137796 1 4.999093055725098 -17.286136627197266 1.599326729774475
1432847137996 1 -6.464344501495361 -0.4884171485900879 -0.8044517636299133
1432847138198 1 -0.5841852426528931 6.962338447570801 3.840299606323242
1432847138400 1 0.019153613597154617 8.494627952575684 5.066130638122559
1432847139327 0 -0.23535959422588348 0.0784531980752945 10.473502159118652
1432847139527 0 -0.11767979711294174 -0.03922659903764725 10.473502159118652
1432847139727 0 -0.23535959422588348 0.11767979711294174 10.473502159118652
1432847138598 1 -0.31603461503982544 8.676587104797363 4.721365928649902
1432847138798 1 -0.2585737705230713 7.929595947265625 6.45476770401001
1432847138999 1 -0.10534487664699554 7.623138427734375 6.224924564361572
1432847139926 0 -0.313812792301178 0.0784531980752945 10.395049095153809
1432847140126 0 -0.19613298773765564 0.11767979711294174 10.238142013549805
1432847140327 0 -0.313812792301178 0.03922659903764725 10.43427562713623
1432847139200 1 0.2298433631658554 7.422025203704834 6.4164605140686035
1432847139400 1 0.4596867263317108 7.316680431365967 6.464344501495361
1432847139599 1 0.2777273952960968 7.173028469085693 6.435614109039307
1432847140528 0 -0.4314925968647003 0.11767979711294174 10.277368545532227
1432847140727 0 0.19613298773765564 -0.19613298773765564 10.473502159118652
1432847140927 0 0.27458620071411133 -0.47071918845176697 10.551955223083496
1432847139800 1 0.2106897532939911 7.15387487411499 6.406883716583252
1432847140000 1 0.6224924325942993 7.115567684173584 6.387730121612549
1432847140200 1 0.7852981686592102 6.933608055114746 6.89530086517334
1432847141128 0 2.5889556407928467 -1.1767979860305786 10.90499496459961
1432847141328 0 6.080122947692871 -1.1767979860305786 9.414383888244629
1432847141529 0 9.610516548156738 -1.2160245180130005 4.82487154006958
1432847140400 1 -0.22026655077934265 6.703764915466309 7.029376029968262
1432847140600 1 2.164358377456665 6.789956092834473 6.493074893951416
1432847140801 1 2.0207061767578125 6.828263282775879 6.464344501495361
1432847141001 1 1.1492167711257935 6.282385349273682 8.762778282165527
1432847141726 0 9.45361042022705 -0.509945809841156 -0.03922659903764725
1432847141928 0 8.786758422851562 1.0591181516647339 -1.4906107187271118
1432847142130 0 9.45361042022705 2.3535959720611572 3.5696206092834473
1432847141200 1 2.1739351749420166 4.271255970001221 5.985504150390625
1432847141401 1 4.338293552398682 -1.6759412288665771 8.542511940002441
1432847141601 1 3.8307228088378906 -0.9289502501487732 6.876147270202637
1432847142329 0 5.687856674194336 3.334260940551758 5.648630142211914
1432847142529 0 6.3154826164245605 2.1574628353118896 10.316595077514648
1432847142730 0 3.687300205230713 2.510502338409424 10.238142013549805
1432847141801 1 2.451662540435791 0.2968810200691223 9.385271072387695
1432847142002 1 1.9153614044189453 0.363918662071228 9.442731857299805
1432847142201 1 1.723825216293335 0.31603461503982544 9.548076629638672
1432847142927 0 3.0596747398376465 2.079009771347046 9.45361042022705
1432847143129 0 0.35303938388824463 6.433162212371826 9.963556289672852
1432847143329 0 -8.512171745300293 9.532063484191895 17.8873291015625
1432847142402 1 1.6950948238372803 0.3256114423274994 9.500192642211914
1432847142602 1 1.6663644313812256 0.31603461503982544 9.509769439697266
1432847142803 1 1.656787633895874 0.33518823981285095 9.509769439697266
1432847143526 0 3.0989012718200684 -2.9419949054718018 2.1182363033294678
1432847143729 0 7.727640151977539 -13.062457084655762 -1.4121575355529785
1432847143927 0 -20.005565643310547 -6.197802543640137 20.005565643310547
