1432914837121 0 506.0
1432914837221 0 506.0
1432914837321 0 506.0
1432914837421 0 506.0
1432914837522 0 506.0
1432914837622 0 506.0
1432914837722 0 506.0
1432914837822 0 506.0
1432914837922 0 506.0
1432914838023 0 534.0
1432914838123 0 449.0
1432914838223 0 266.0
1432914838323 0 266.0
1432914838423 0 393.0
1432914838523 0 548.0
1432914838623 0 632.0
1432914838724 0 604.0
1432914838824 0 534.0
1432914838924 0 534.0
1432914839024 0 534.0
1432914839124 0 562.0
1432914839225 0 590.0
1432914839325 0 675.0
1432914839425 0 675.0
1432914839525 0 675.0
1432914839626 0 675.0
1432914839726 0 646.0
1432914839826 0 646.0
1432914839926 0 646.0
1432914840026 0 646.0
1432914840127 0 646.0
1432914840228 0 646.0
1432914840327 0 646.0
1432914840428 0 646.0
1432914840528 0 646.0
1432914840628 0 646.0
1432914840728 0 646.0
1432914840828 0 646.0
1432914840929 0 646.0
1432914841028 0 646.0
1432914841129 0 646.0
1432914841229 0 646.0
1432914841329 0 646.0
1432914841429 0 646.0
1432914841530 0 646.0
1432914841630 0 646.0
1432914841731 0 646.0
1432914841831 0 646.0
1432914841931 0 646.0
1432914842031 0 646.0
1432914842131 0 646.0
1432914842231 0 646.0
1432914842331 0 646.0
1432914842431 0 646.0
1432914842532 0 646.0
1432914842632 0 646.0
1432914842732 0 646.0
1432914842832 0 646.0
1432914842932 0 646.0
1432914843033 0 646.0
1432914843133 0 646.0
1432914843233 0 646.0
1432914843333 0 646.0
1432914843434 0 646.0
1432914843534 0 646.0
1432914843635 0 646.0
1432914843735 0 646.0
1432914843835 0 646.0
1432914843935 0 646.0
1432914844035 0 646.0
1432914844136 0 646.0
1432914844236 0 646.0
1432914844337 0 646.0
1432914844437 0 646.0
1432914844537 0 646.0
1432914844637 0 646.0
1432914844737 0 646.0
1432914844838 0 646.0
1432914844938 0 646.0
1432914845039 0 646.0
1432914845139 0 646.0
1432914845240 0 590.0
1432914845340 0 464.0
1432914845441 0 253.0
1432914845540 0 70.0
1432914845641 0 5.0
1432914845741 0 10.0
1432914845842 0 548.0
1432914845941 0 618.0
1432914846041 0 618.0
1432914846143 0 618.0
1432914846242 0 618.0
1432914846342 0 618.0
1432914846443 0 562.0
1432914846544 0 98.0
1432914846644 0 5.0
1432914846751 0 200.0
1432914846851 0 632.0
1432914846951 0 632.0
1432914847053 0 632.0
1432914847153 0 632.0
1432914847254 0 632.0
1432914847355 0 632.0
1432914847455 0 632.0
1432914847555 0 351.0
1432914847655 0 70.0
1432914847755 0 5.0
1432914847855 0 6.0
1432914847955 0 504.0
1432914848055 0 632.0
1432914848155 0 632.0
1432914848256 0 632.0
1432914848356 0 632.0
1432914848457 0 632.0
1432914848557 0 576.0
1432914848657 0 140.0
1432914848758 0 2.0
1432914848858 0 3.0
1432914848958 0 221.0
1432914849058 0 632.0
1432914849158 0 632.0
1432914849258 0 632.0
1432914849359 0 632.0
1432914849460 0 548.0
1432914849560 0 196.0
1432914849661 0 2.0
1432914849761 0 82.0
1432914849862 0 272.0
1432914849962 0 450.0
1432914850062 0 450.0
1432914850163 0 337.0
1432914850264 0 70.0
1432914850364 0 8.0
1432914850465 0 8.0
1432914850564 0 5.0
1432914850665 0 5.0
1432914850765 0 5.0
1432914850865 0 5.0
1432914850965 0 5.0
1432914851065 0 5.0
1432914851166 0 5.0
1432914851267 0 5.0
1432914851368 0 5.0
1432914851468 0 5.0
1432914851568 0 5.0
1432914851668 0 5.0
1432914851768 0 5.0
1432914851868 0 5.0
1432914851969 0 5.0
1432914852069 0 5.0
1432914852170 0 5.0
1432914852270 0 5.0
1432914852370 0 5.0
1432914852470 0 5.0
1432914852570 0 5.0
1432914852670 0 5.0
1432914852770 0 5.0
1432914852870 0 5.0
1432914852971 0 5.0
1432914853072 0 5.0
1432914853172 0 5.0
1432914853273 0 5.0
1432914853374 0 5.0
1432914853474 0 5.0
1432914853574 0 5.0
1432914853674 0 5.0
1432914853774 0 5.0
1432914853874 0 5.0
1432914853974 0 5.0
1432914854074 0 5.0
1432914854174 0 21.0
1432914854274 0 618.0
1432914854374 0 618.0
1432914854475 0 618.0
1432914854575 0 618.0
1432914854675 0 618.0
1432914854775 0 618.0
1432914854875 0 618.0
1432914854976 0 337.0
1432914855076 0 17.0
1432914855176 0 6.0
1432914855276 0 6.0
1432914855377 0 6.0
1432914855477 0 6.0
1432914855577 0 6.0
1432914855677 0 6.0
1432914855777 0 6.0
1432914855877 0 15.0
1432914855977 0 646.0
1432914856078 0 646.0
1432914856178 0 646.0
1432914856278 0 646.0
1432914856378 0 646.0
1432914856478 0 295.0
1432914856578 0 15.0
1432914856678 0 5.0
1432914856779 0 5.0
1432914856878 0 5.0
1432914856978 0 5.0
1432914857078 0 5.0
1432914857178 0 5.0
1432914857278 0 5.0
1432914857378 0 5.0
1432914857478 0 5.0
1432914857578 0 13.0
1432914857678 0 632.0
1432914857778 0 632.0
1432914857878 0 632.0
1432914857978 0 632.0
1432914858078 0 224.0
1432914858178 0 19.0
1432914858278 0 8.0
1432914858378 0 8.0
1432914858478 0 8.0
1432914858578 0 8.0
1432914858678 0 8.0
1432914858779 0 8.0
1432914858879 0 8.0
1432914858980 0 8.0
1432914859079 0 10.0
1432914859179 0 105.0
1432914859279 0 632.0
1432914859379 0 632.0
1432914859480 0 632.0
1432914859581 0 632.0
1432914859682 0 281.0
1432914859782 0 42.0
1432914859882 0 12.0
1432914859983 0 12.0
1432914860084 0 12.0
1432914860184 0 5.0
1432914860284 0 5.0
1432914860384 0 5.0
1432914860484 0 5.0
1432914860584 0 5.0
1432914860684 0 5.0
1432914860784 0 610.0
1432914860884 0 632.0
1432914860986 0 632.0
1432914861086 0 632.0
1432914861187 0 632.0
1432914861287 0 506.0
1432914861388 0 70.0
1432914861487 0 5.0
1432914861587 0 5.0
1432914861687 0 5.0
1432914861787 0 5.0
1432914861888 0 5.0
1432914861988 0 5.0
1432914862088 0 5.0
1432914862188 0 43.0
1432914862288 0 632.0
1432914862389 0 632.0
1432914862489 0 632.0
1432914862589 0 548.0
1432914862694 0 70.0
1432914862794 0 5.0
1432914862895 0 5.0
1432914862995 0 5.0
1432914863095 0 5.0
1432914863196 0 5.0
1432914863300 0 5.0
1432914863399 0 5.0
1432914863499 0 469.0
1432914863599 0 632.0
1432914863699 0 632.0
1432914863801 0 632.0
1432914863901 0 632.0
1432914864002 0 632.0
1432914864102 0 154.0
1432914864203 0 14.0
1432914864304 0 5.0
1432914864404 0 5.0
1432914864504 0 5.0
1432914864604 0 5.0
1432914864704 0 5.0
1432914864804 0 246.0
1432914864904 0 632.0
1432914865005 0 632.0
1432914865105 0 632.0
1432914865205 0 632.0
1432914865305 0 632.0
1432914865405 0 84.0
1432914865505 0 7.0
1432914865605 0 7.0
1432914865705 0 7.0
1432914865805 0 7.0
1432914865905 0 7.0
1432914866005 0 5.0
1432914866106 0 449.0
1432914866206 0 618.0
1432914866306 0 618.0
1432914866406 0 618.0
1432914866506 0 618.0
1432914866607 0 562.0
1432914866707 0 534.0
1432914866808 0 534.0
1432914866909 0 464.0
1432914867009 0 464.0
1432914867109 0 421.0
1432914867210 0 492.0
1432914867310 0 506.0
1432914867411 0 506.0
