1433154928020 1 589.0
1433154927833 1 561.0
1433154928145 0 645.0
1433154929853 0 533.0
1433154928120 1 589.0
1433154927935 1 561.0
1433154928246 0 645.0
1433154929955 0 533.0
1433154928220 1 589.0
1433154928037 1 561.0
1433154928347 0 645.0
1433154930056 0 533.0
1433154928320 1 589.0
1433154928139 1 561.0
1433154928447 0 645.0
1433154930158 0 533.0
1433154928420 1 589.0
1433154928240 1 561.0
1433154928549 0 645.0
1433154930259 0 533.0
1433154928520 1 589.0
1433154928341 1 561.0
1433154928651 0 645.0
1433154930360 0 533.0
1433154928620 1 589.0
1433154928442 1 561.0
1433154928753 0 645.0
1433154930461 0 533.0
1433154928720 1 589.0
1433154928543 1 561.0
1433154930563 0 533.0
1433154928821 1 589.0
1433154928645 1 561.0
1433154928853 0 645.0
1433154930664 0 533.0
1433154928921 1 589.0
1433154928746 1 561.0
1433154928955 0 645.0
1433154930766 0 533.0
1433154929022 1 589.0
1433154928848 1 561.0
1433154929055 0 645.0
1433154930867 0 533.0
1433154929122 1 589.0
1433154928950 1 561.0
1433154929156 0 645.0
1433154930969 0 533.0
1433154929222 1 589.0
1433154929052 1 561.0
1433154929257 0 645.0
1433154931070 0 533.0
1433154929322 1 589.0
1433154929154 1 561.0
1433154929357 0 645.0
1433154931171 0 533.0
1433154929422 1 589.0
1433154929255 1 561.0
1433154929457 0 645.0
1433154929558 0 645.0
1433154931273 0 533.0
1433154929522 1 589.0
1433154929356 1 561.0
1433154929659 0 645.0
1433154931374 0 533.0
1433154929623 1 589.0
1433154929458 1 561.0
1433154929761 0 645.0
1433154931476 0 533.0
1433154929723 1 589.0
1433154929560 1 561.0
1433154929862 0 645.0
1433154931577 0 533.0
1433154929824 1 589.0
1433154929661 1 561.0
1433154929961 0 645.0
1433154931678 0 533.0
1433154929924 1 589.0
1433154929762 1 561.0
1433154930062 0 645.0
1433154931780 0 533.0
1433154930024 1 589.0
1433154929864 1 561.0
1433154930164 0 645.0
1433154930124 1 589.0
1433154929966 1 561.0
1433154930266 0 645.0
1433154931880 0 533.0
1433154931981 0 533.0
1433154930224 1 589.0
1433154930067 1 561.0
1433154930367 0 645.0
1433154932082 0 533.0
1433154930324 1 589.0
1433154930168 1 561.0
1433154930469 0 645.0
1433154932183 0 533.0
1433154930424 1 589.0
1433154930268 1 561.0
1433154930570 0 645.0
1433154932285 0 533.0
1433154930524 1 589.0
1433154930369 1 561.0
1433154930670 0 645.0
1433154932387 0 533.0
1433154930624 1 589.0
1433154930470 1 561.0
1433154930772 0 645.0
1433154932489 0 533.0
1433154930724 1 589.0
1433154930571 1 561.0
1433154930872 0 645.0
1433154932590 0 533.0
1433154930824 1 589.0
1433154930671 1 561.0
1433154930972 0 645.0
1433154932692 0 533.0
1433154930924 1 589.0
1433154930772 1 561.0
1433154931072 0 645.0
1433154932793 0 533.0
1433154931024 1 589.0
1433154930873 1 561.0
1433154931175 0 645.0
1433154932894 0 533.0
1433154931124 1 589.0
1433154930974 1 561.0
1433154931275 0 645.0
1433154932996 0 533.0
1433154931225 1 589.0
1433154931075 1 561.0
1433154931377 0 645.0
1433154933098 0 533.0
1433154931325 1 589.0
1433154931176 1 561.0
1433154931479 0 645.0
1433154933200 0 533.0
1433154931425 1 589.0
1433154931277 1 561.0
1433154931580 0 645.0
1433154933302 0 533.0
1433154931525 1 589.0
1433154931377 1 561.0
1433154931682 0 645.0
1433154933404 0 533.0
1433154931625 1 589.0
1433154931478 1 561.0
1433154931783 0 645.0
1433154933506 0 533.0
1433154931725 1 589.0
1433154931580 1 561.0
1433154931885 0 645.0
1433154933608 0 533.0
1433154931825 1 589.0
1433154931681 1 561.0
1433154931986 0 645.0
1433154933709 0 533.0
1433154931926 1 589.0
1433154931782 1 561.0
1433154932087 0 645.0
1433154933811 0 533.0
1433154932026 1 589.0
1433154931883 1 561.0
1433154932189 0 645.0
1433154933913 0 533.0
1433154932126 1 589.0
1433154931986 1 561.0
1433154932290 0 645.0
1433154934015 0 533.0
1433154932226 1 589.0
1433154932087 1 561.0
1433154932391 0 645.0
1433154934117 0 533.0
1433154932327 1 589.0
1433154932189 1 561.0
1433154932493 0 645.0
1433154934218 0 533.0
1433154932427 1 589.0
1433154932290 1 561.0
1433154932595 0 645.0
1433154934320 0 533.0
1433154932528 1 589.0
1433154932392 1 561.0
1433154932697 0 645.0
1433154934422 0 533.0
1433154932628 1 589.0
1433154932492 1 561.0
1433154932799 0 645.0
1433154934524 0 533.0
1433154932729 1 589.0
1433154932594 1 561.0
1433154932900 0 645.0
1433154934626 0 533.0
1433154932829 1 589.0
1433154932696 1 561.0
1433154933000 0 645.0
1433154932929 1 589.0
1433154934728 0 533.0
1433154932798 1 561.0
1433154933101 0 645.0
1433154933029 1 589.0
1433154934830 0 533.0
1433154932899 1 561.0
1433154933203 0 645.0
1433154933130 1 589.0
1433154934932 0 533.0
1433154933000 1 561.0
1433154933305 0 645.0
1433154933230 1 589.0
1433154935032 0 533.0
1433154933101 1 561.0
1433154933407 0 645.0
1433154933330 1 589.0
1433154935133 0 533.0
1433154933202 1 561.0
1433154933508 0 645.0
1433154933430 1 589.0
1433154935235 0 533.0
1433154933303 1 561.0
1433154933610 0 645.0
1433154933530 1 589.0
1433154935336 0 533.0
1433154933404 1 561.0
1433154933712 0 645.0
1433154933630 1 589.0
1433154935438 0 533.0
1433154933506 1 561.0
1433154933813 0 645.0
1433154933730 1 589.0
1433154935539 0 533.0
1433154933608 1 561.0
1433154933915 0 645.0
1433154933830 1 589.0
1433154935640 0 533.0
1433154933709 1 561.0
1433154934016 0 645.0
1433154933930 1 589.0
1433154935742 0 533.0
1433154933811 1 561.0
1433154934116 0 645.0
1433154934030 1 589.0
1433154935842 0 533.0
1433154933913 1 561.0
1433154934218 0 645.0
1433154934131 1 589.0
1433154935943 0 533.0
1433154934015 1 561.0
1433154934320 0 645.0
1433154934231 1 589.0
1433154936043 0 533.0
1433154934116 1 561.0
1433154934332 1 589.0
1433154936145 0 533.0
1433154934218 1 561.0
1433154934420 0 645.0
1433154934521 0 645.0
1433154934432 1 589.0
1433154936246 0 533.0
1433154934319 1 561.0
1433154934623 0 645.0
1433154934533 1 589.0
1433154936347 0 533.0
1433154934421 1 561.0
1433154934725 0 645.0
1433154934633 1 589.0
1433154934523 1 561.0
1433154934826 0 645.0
1433154934734 1 589.0
1433154936448 0 533.0
1433154934623 1 561.0
1433154934927 0 645.0
1433154934834 1 589.0
1433154934725 1 561.0
1433154935028 0 645.0
1433154934935 1 589.0
1433154936548 0 533.0
1433154936649 0 533.0
1433154936749 0 533.0
1433154934827 1 561.0
1433154935130 0 645.0
1433154935035 1 589.0
1433154936850 0 533.0
1433154934929 1 561.0
1433154935232 0 645.0
1433154935135 1 589.0
1433154936952 0 533.0
1433154935030 1 561.0
1433154935334 0 645.0
1433154935235 1 589.0
1433154937053 0 533.0
1433154935132 1 561.0
1433154935335 1 589.0
1433154937154 0 533.0
1433154935234 1 561.0
1433154935435 1 589.0
1433154935436 0 645.0
1433154937255 0 533.0
1433154935335 1 561.0
1433154935536 0 645.0
1433154935637 0 645.0
1433154935536 1 589.0
1433154937357 0 533.0
1433154935437 1 561.0
1433154935635 1 589.0
1433154935739 0 645.0
1433154937457 0 533.0
1433154935538 1 561.0
1433154935840 0 645.0
1433154935736 1 589.0
1433154937558 0 533.0
1433154935640 1 561.0
1433154935836 1 589.0
1433154935942 0 645.0
1433154937659 0 533.0
1433154935740 1 561.0
1433154935937 1 589.0
1433154936042 0 645.0
1433154937760 0 533.0
1433154935842 1 561.0
1433154936037 1 589.0
1433154936144 0 645.0
1433154937861 0 533.0
1433154935944 1 561.0
1433154936137 1 589.0
1433154936245 0 645.0
1433154937963 0 533.0
1433154936046 1 561.0
1433154936237 1 589.0
1433154936346 0 645.0
1433154938064 0 533.0
1433154936337 1 589.0
1433154936148 1 561.0
1433154936446 0 645.0
1433154938165 0 533.0
1433154936437 1 589.0
1433154936250 1 561.0
1433154936548 0 645.0
1433154938267 0 533.0
1433154936538 1 589.0
1433154936351 1 561.0
1433154936649 0 645.0
1433154938369 0 533.0
1433154936638 1 589.0
1433154936452 1 561.0
1433154936751 0 645.0
1433154938470 0 533.0
1433154936738 1 589.0
1433154936554 1 561.0
1433154938572 0 533.0
1433154936838 1 589.0
1433154936656 1 561.0
1433154936851 0 645.0
1433154936952 0 645.0
1433154938674 0 533.0
1433154936938 1 589.0
1433154936757 1 561.0
1433154937053 0 645.0
1433154938774 0 533.0
1433154937038 1 589.0
1433154937153 0 645.0
1433154936859 1 561.0
1433154938876 0 533.0
1433154937139 1 589.0
1433154937253 0 645.0
1433154936961 1 561.0
1433154938976 0 533.0
1433154937239 1 589.0
1433154937354 0 645.0
1433154937063 1 561.0
1433154939077 0 533.0
1433154937340 1 589.0
1433154937165 1 561.0
1433154937455 0 645.0
1433154939178 0 533.0
1433154937440 1 589.0
1433154937557 0 645.0
1433154937267 1 561.0
1433154939279 0 533.0
1433154937541 1 589.0
1433154937658 0 645.0
1433154937369 1 561.0
1433154939381 0 533.0
1433154937641 1 589.0
1433154937759 0 645.0
1433154939482 0 533.0
1433154937742 1 589.0
1433154937859 0 645.0
1433154937470 1 561.0
1433154937571 1 561.0
1433154939583 0 533.0
1433154937842 1 589.0
1433154937960 0 645.0
1433154937672 1 561.0
1433154939684 0 533.0
1433154937943 1 589.0
1433154938060 0 645.0
1433154937773 1 561.0
1433154939785 0 533.0
1433154938043 1 589.0
1433154938161 0 645.0
1433154937874 1 561.0
1433154939886 0 533.0
1433154938143 1 589.0
1433154938261 0 645.0
1433154937976 1 561.0
1433154939987 0 533.0
1433154938244 1 589.0
1433154938363 0 645.0
1433154938077 1 561.0
1433154940088 0 533.0
1433154938344 1 589.0
1433154938464 0 645.0
1433154938177 1 561.0
1433154940188 0 533.0
1433154938445 1 589.0
1433154938565 0 645.0
1433154938278 1 561.0
1433154940289 0 533.0
1433154938545 1 589.0
1433154938666 0 645.0
1433154938378 1 561.0
1433154940392 0 533.0
1433154938645 1 589.0
1433154938768 0 645.0
1433154940493 0 533.0
1433154938745 1 589.0
1433154938869 0 645.0
1433154938478 1 561.0
1433154938845 1 589.0
1433154938970 0 645.0
1433154938580 1 561.0
1433154940593 0 533.0
1433154938945 1 589.0
1433154939071 0 645.0
1433154938681 1 561.0
1433154940696 0 533.0
1433154940797 0 533.0
1433154939045 1 589.0
1433154939173 0 645.0
1433154938781 1 561.0
1433154940899 0 533.0
1433154939145 1 589.0
1433154939274 0 645.0
1433154938881 1 561.0
1433154938982 1 561.0
1433154940999 0 533.0
1433154939246 1 589.0
1433154939375 0 645.0
1433154939084 1 561.0
1433154941101 0 533.0
1433154939346 1 589.0
1433154939476 0 645.0
1433154939185 1 561.0
1433154941203 0 533.0
1433154939446 1 589.0
1433154939578 0 645.0
1433154939286 1 561.0
1433154941305 0 533.0
1433154939546 1 589.0
1433154939680 0 645.0
1433154939388 1 561.0
1433154941406 0 533.0
1433154939646 1 589.0
1433154939782 0 645.0
1433154939489 1 561.0
1433154941506 0 533.0
1433154939747 1 589.0
1433154939883 0 645.0
1433154939590 1 561.0
1433154941608 0 533.0
1433154939847 1 589.0
1433154939984 0 645.0
1433154939691 1 561.0
1433154941710 0 533.0
1433154939948 1 589.0
1433154940086 0 645.0
1433154939792 1 561.0
1433154941812 0 533.0
1433154940048 1 589.0
1433154940188 0 645.0
1433154941912 0 533.0
1433154940148 1 589.0
1433154939893 1 561.0
1433154940290 0 645.0
1433154942013 0 533.0
1433154940248 1 589.0
1433154939993 1 561.0
1433154940094 1 561.0
1433154940391 0 645.0
1433154942113 0 533.0
1433154940348 1 589.0
1433154940195 1 561.0
1433154940492 0 645.0
1433154942214 0 533.0
1433154940449 1 589.0
1433154940296 1 561.0
1433154940593 0 645.0
1433154942315 0 533.0
1433154940549 1 589.0
1433154940399 1 561.0
1433154940695 0 645.0
1433154942416 0 533.0
1433154940650 1 589.0
1433154940500 1 561.0
1433154940796 0 645.0
1433154942518 0 533.0
1433154940750 1 589.0
1433154940601 1 561.0
1433154940898 0 645.0
1433154942619 0 533.0
1433154940850 1 589.0
1433154940701 1 561.0
1433154940999 0 645.0
1433154940950 1 589.0
1433154940802 1 561.0
1433154941101 0 645.0
1433154942720 0 533.0
1433154941050 1 589.0
1433154940905 1 561.0
1433154941203 0 645.0
1433154942820 0 533.0
1433154942921 0 533.0
1433154941150 1 589.0
1433154941006 1 561.0
1433154941305 0 645.0
1433154943023 0 533.0
1433154941250 1 589.0
1433154941107 1 561.0
1433154941408 0 645.0
1433154943125 0 533.0
1433154941350 1 589.0
1433154941209 1 561.0
1433154941508 0 645.0
1433154943226 0 533.0
1433154941450 1 589.0
1433154941309 1 561.0
1433154941610 0 645.0
1433154943326 0 533.0
1433154941550 1 589.0
1433154941410 1 561.0
1433154941712 0 645.0
1433154943428 0 533.0
1433154941650 1 589.0
1433154941510 1 561.0
1433154941814 0 645.0
1433154943530 0 533.0
1433154941750 1 589.0
1433154941612 1 561.0
1433154941916 0 645.0
1433154943632 0 533.0
1433154941851 1 589.0
1433154941712 1 561.0
1433154942016 0 645.0
1433154943734 0 533.0
1433154941951 1 589.0
1433154941814 1 561.0
1433154942116 0 645.0
1433154943836 0 533.0
1433154942051 1 589.0
1433154941913 1 561.0
1433154942218 0 645.0
1433154943936 0 533.0
1433154942152 1 589.0
1433154942013 1 561.0
1433154942319 0 645.0
1433154944038 0 533.0
1433154942251 1 589.0
1433154942114 1 561.0
1433154942420 0 645.0
1433154944139 0 533.0
1433154942352 1 589.0
1433154942215 1 561.0
1433154942522 0 645.0
1433154944239 0 533.0
1433154942452 1 589.0
1433154942315 1 561.0
1433154942623 0 645.0
1433154944339 0 533.0
1433154942553 1 589.0
1433154942417 1 561.0
1433154942725 0 645.0
1433154944440 0 533.0
1433154942653 1 589.0
1433154942518 1 561.0
1433154942828 0 645.0
1433154944542 0 533.0
1433154942754 1 589.0
1433154942620 1 561.0
1433154942930 0 645.0
1433154944642 0 533.0
1433154942853 1 589.0
1433154942722 1 561.0
1433154943031 0 645.0
1433154944744 0 533.0
1433154942953 1 589.0
1433154942824 1 561.0
1433154943133 0 645.0
1433154944845 0 533.0
1433154943053 1 589.0
1433154942926 1 561.0
1433154943232 0 645.0
1433154943153 1 589.0
1433154944946 0 533.0
1433154943028 1 561.0
1433154943333 0 645.0
1433154943253 1 589.0
1433154945046 0 533.0
1433154943129 1 561.0
1433154943433 0 645.0
1433154943353 1 589.0
1433154945147 0 533.0
1433154943231 1 561.0
1433154943534 0 645.0
1433154943453 1 589.0
1433154945248 0 533.0
1433154943332 1 561.0
1433154943635 0 645.0
1433154943553 1 589.0
1433154945350 0 533.0
1433154943433 1 561.0
1433154943737 0 645.0
1433154943653 1 589.0
1433154945450 0 533.0
1433154943534 1 561.0
1433154943838 0 645.0
1433154943753 1 589.0
1433154945552 0 533.0
1433154943635 1 561.0
1433154943940 0 645.0
1433154943854 1 589.0
1433154945653 0 533.0
1433154943737 1 561.0
1433154944041 0 645.0
1433154943954 1 589.0
1433154945755 0 533.0
1433154943839 1 561.0
1433154944143 0 645.0
1433154944055 1 589.0
1433154945856 0 533.0
1433154943940 1 561.0
1433154944244 0 645.0
1433154944155 1 589.0
1433154945956 0 533.0
1433154944040 1 561.0
1433154944346 0 645.0
1433154944256 1 589.0
1433154946057 0 533.0
1433154944141 1 561.0
1433154944448 0 645.0
1433154944356 1 589.0
1433154946159 0 533.0
1433154944242 1 561.0
1433154944549 0 645.0
1433154944457 1 589.0
1433154946260 0 533.0
1433154944343 1 561.0
1433154944651 0 645.0
1433154944557 1 589.0
1433154946361 0 533.0
1433154944445 1 561.0
1433154944753 0 645.0
1433154944658 1 589.0
1433154946460 0 533.0
1433154944546 1 561.0
1433154944854 0 645.0
1433154944758 1 589.0
1433154946561 0 533.0
1433154944648 1 561.0
1433154944955 0 645.0
1433154944859 1 589.0
1433154946662 0 533.0
1433154944749 1 561.0
1433154945057 0 645.0
1433154944959 1 589.0
1433154946764 0 533.0
1433154944850 1 561.0
1433154945060 1 589.0
1433154945157 0 645.0
1433154946866 0 533.0
1433154944952 1 561.0
1433154945258 0 645.0
1433154945160 1 589.0
1433154946968 0 533.0
1433154945054 1 561.0
1433154945360 0 645.0
1433154945261 1 589.0
1433154947069 0 533.0
1433154945156 1 561.0
1433154945461 0 645.0
1433154945361 1 589.0
1433154947171 0 533.0
1433154945258 1 561.0
1433154945561 0 645.0
1433154945461 1 589.0
1433154947273 0 533.0
1433154945360 1 561.0
1433154945662 0 645.0
1433154945562 1 589.0
1433154947375 0 533.0
1433154945461 1 561.0
1433154945764 0 645.0
1433154945662 1 589.0
1433154947475 0 533.0
1433154945563 1 561.0
1433154945865 0 645.0
1433154945763 1 589.0
1433154947577 0 533.0
1433154945666 1 561.0
1433154945863 1 589.0
1433154945967 0 645.0
1433154947678 0 533.0
1433154945766 1 561.0
1433154945963 1 589.0
1433154946068 0 645.0
1433154947779 0 533.0
1433154945867 1 561.0
1433154946063 1 589.0
1433154946170 0 645.0
1433154947881 0 533.0
1433154945969 1 561.0
1433154946163 1 589.0
1433154946270 0 645.0
1433154947982 0 533.0
1433154946263 1 589.0
1433154946372 0 645.0
1433154948083 0 533.0
1433154946070 1 561.0
1433154946170 1 561.0
1433154946363 1 589.0
1433154946472 0 645.0
1433154948185 0 533.0
1433154946463 1 589.0
1433154946573 0 645.0
1433154948287 0 533.0
1433154946270 1 561.0
1433154946372 1 561.0
1433154946563 1 589.0
1433154946674 0 645.0
1433154948389 0 533.0
1433154946471 1 561.0
1433154946664 1 589.0
1433154946776 0 645.0
1433154948490 0 533.0
1433154946573 1 561.0
1433154946764 1 589.0
1433154946877 0 645.0
1433154948592 0 533.0
1433154946674 1 561.0
1433154946864 1 589.0
1433154946978 0 645.0
1433154948694 0 533.0
1433154946776 1 561.0
1433154946965 1 589.0
1433154948796 0 533.0
1433154946877 1 561.0
1433154947064 1 589.0
1433154947078 0 645.0
1433154947181 0 645.0
1433154948898 0 533.0
1433154947164 1 589.0
1433154946979 1 561.0
1433154947282 0 645.0
1433154948999 0 533.0
1433154947264 1 589.0
1433154947080 1 561.0
1433154947384 0 645.0
1433154949100 0 533.0
1433154947364 1 589.0
1433154947181 1 561.0
1433154947484 0 645.0
1433154949201 0 533.0
1433154947465 1 589.0
1433154947282 1 561.0
1433154947586 0 645.0
1433154949303 0 533.0
1433154947565 1 589.0
1433154947383 1 561.0
1433154947689 0 645.0
1433154949404 0 533.0
1433154947667 1 589.0
1433154947484 1 561.0
1433154947791 0 645.0
1433154949506 0 533.0
1433154947768 1 589.0
1433154947586 1 561.0
1433154947892 0 645.0
1433154949606 0 533.0
1433154947868 1 589.0
1433154947687 1 561.0
1433154947993 0 645.0
1433154949708 0 533.0
1433154947969 1 589.0
1433154947789 1 561.0
1433154948095 0 645.0
1433154949811 0 533.0
1433154948069 1 589.0
1433154947890 1 561.0
1433154948196 0 645.0
1433154949912 0 533.0
1433154948170 1 589.0
1433154947991 1 561.0
1433154948298 0 645.0
1433154950013 0 533.0
1433154948270 1 589.0
1433154948091 1 561.0
1433154948400 0 645.0
1433154950115 0 533.0
1433154948371 1 589.0
1433154948192 1 561.0
1433154948501 0 645.0
1433154950217 0 533.0
1433154948471 1 589.0
1433154948293 1 561.0
1433154948603 0 645.0
1433154950319 0 533.0
1433154948572 1 589.0
1433154948395 1 561.0
1433154948704 0 645.0
1433154950421 0 533.0
1433154948672 1 589.0
1433154948496 1 561.0
1433154948805 0 645.0
1433154950523 0 533.0
1433154948773 1 589.0
1433154948598 1 561.0
1433154948907 0 645.0
1433154950623 0 533.0
1433154948873 1 589.0
1433154948699 1 561.0
1433154949009 0 645.0
1433154950726 0 533.0
1433154948974 1 589.0
1433154948801 1 561.0
1433154949111 0 645.0
1433154949074 1 589.0
1433154948902 1 561.0
1433154949212 0 645.0
1433154950851 0 533.0
1433154950936 0 533.0
1433154949174 1 589.0
1433154949002 1 561.0
1433154949314 0 645.0
1433154951037 0 533.0
1433154949274 1 589.0
1433154949105 1 561.0
1433154949415 0 645.0
1433154951140 0 533.0
1433154949374 1 589.0
1433154949205 1 561.0
1433154949516 0 645.0
1433154951240 0 533.0
1433154949474 1 589.0
1433154949306 1 561.0
1433154949618 0 645.0
1433154951341 0 533.0
1433154949574 1 589.0
1433154949408 1 561.0
1433154949718 0 645.0
1433154951441 0 533.0
1433154949674 1 589.0
1433154949509 1 561.0
1433154949819 0 645.0
1433154951542 0 533.0
1433154949774 1 589.0
1433154949611 1 561.0
1433154949920 0 645.0
1433154951642 0 533.0
1433154949874 1 589.0
1433154949713 1 561.0
1433154950021 0 645.0
1433154951744 0 533.0
1433154949974 1 589.0
1433154949815 1 561.0
1433154950123 0 645.0
1433154951845 0 533.0
1433154950074 1 589.0
1433154949917 1 561.0
1433154950225 0 645.0
1433154951947 0 533.0
1433154950174 1 589.0
1433154950018 1 561.0
1433154950326 0 645.0
1433154952048 0 533.0
1433154950274 1 589.0
1433154950120 1 561.0
1433154950429 0 645.0
1433154952149 0 533.0
1433154950375 1 589.0
1433154950222 1 561.0
1433154950531 0 645.0
1433154952250 0 533.0
1433154950476 1 589.0
1433154950632 0 645.0
1433154952351 0 533.0
1433154950577 1 589.0
1433154950324 1 561.0
1433154952452 0 533.0
1433154950677 1 589.0
1433154950425 1 561.0
1433154950732 0 645.0
1433154950832 0 645.0
1433154952553 0 533.0
1433154950778 1 589.0
1433154950525 1 561.0
1433154950626 1 561.0
1433154950933 0 645.0
1433154952655 0 533.0
1433154950878 1 589.0
1433154950728 1 561.0
1433154951033 0 645.0
1433154952756 0 533.0
1433154950979 1 589.0
1433154950830 1 561.0
1433154951134 0 645.0
1433154952858 0 533.0
1433154951079 1 589.0
1433154950932 1 561.0
1433154951234 0 645.0
1433154952960 0 533.0
1433154951179 1 589.0
1433154951034 1 561.0
1433154951336 0 645.0
1433154953061 0 533.0
1433154951279 1 589.0
1433154951136 1 561.0
1433154951437 0 645.0
1433154953162 0 533.0
1433154951379 1 589.0
1433154951238 1 561.0
1433154951537 0 645.0
1433154953263 0 533.0
1433154951480 1 589.0
1433154951638 0 645.0
1433154953364 0 533.0
1433154951580 1 589.0
1433154951740 0 645.0
1433154951338 1 561.0
1433154951439 1 561.0
1433154953466 0 533.0
1433154951680 1 589.0
1433154951540 1 561.0
1433154951841 0 645.0
1433154953567 0 533.0
1433154951780 1 589.0
1433154951641 1 561.0
1433154951942 0 645.0
1433154953668 0 533.0
1433154951880 1 589.0
1433154951742 1 561.0
1433154952044 0 645.0
1433154953768 0 533.0
1433154951980 1 589.0
1433154951844 1 561.0
1433154952146 0 645.0
1433154953870 0 533.0
1433154952081 1 589.0
1433154951946 1 561.0
1433154952248 0 645.0
1433154953972 0 533.0
1433154952181 1 589.0
1433154952048 1 561.0
1433154952350 0 645.0
1433154954073 0 533.0
1433154952281 1 589.0
1433154952150 1 561.0
1433154954175 0 533.0
1433154952382 1 589.0
1433154952252 1 561.0
1433154952451 0 645.0
1433154952551 0 645.0
1433154954276 0 533.0
1433154952483 1 589.0
1433154952353 1 561.0
1433154952652 0 645.0
1433154954377 0 533.0
1433154952584 1 589.0
1433154952457 1 561.0
1433154952754 0 645.0
1433154954478 0 533.0
1433154952684 1 589.0
1433154952558 1 561.0
1433154952854 0 645.0
1433154954580 0 533.0
1433154952785 1 589.0
1433154952660 1 561.0
1433154952956 0 645.0
1433154954681 0 533.0
1433154952885 1 589.0
1433154952761 1 561.0
1433154953059 0 645.0
1433154954782 0 533.0
1433154952986 1 589.0
1433154952863 1 561.0
1433154953161 0 645.0
1433154954882 0 533.0
1433154953087 1 589.0
1433154952965 1 561.0
1433154953262 0 645.0
1433154954983 0 533.0
1433154953187 1 589.0
1433154953067 1 561.0
1433154953364 0 645.0
1433154955083 0 533.0
1433154953288 1 589.0
1433154953169 1 561.0
1433154953465 0 645.0
1433154955185 0 533.0
1433154953388 1 589.0
1433154953568 0 645.0
1433154955286 0 533.0
1433154953488 1 589.0
1433154953668 0 645.0
1433154953270 1 561.0
1433154955388 0 533.0
1433154953589 1 589.0
1433154953370 1 561.0
1433154953770 0 645.0
1433154953689 1 589.0
1433154955490 0 533.0
1433154953471 1 561.0
1433154953572 1 561.0
1433154953790 1 589.0
1433154955593 0 533.0
1433154953673 1 561.0
1433154953870 0 645.0
1433154953972 0 645.0
1433154953890 1 589.0
1433154955693 0 533.0
1433154953775 1 561.0
1433154954073 0 645.0
1433154953991 1 589.0
1433154955793 0 533.0
1433154953876 1 561.0
1433154954175 0 645.0
1433154954091 1 589.0
1433154955895 0 533.0
1433154953978 1 561.0
1433154954277 0 645.0
1433154954191 1 589.0
1433154955995 0 533.0
1433154954079 1 561.0
1433154954379 0 645.0
1433154954291 1 589.0
1433154956096 0 533.0
1433154954179 1 561.0
1433154954481 0 645.0
1433154954391 1 589.0
1433154956198 0 533.0
1433154954280 1 561.0
1433154954583 0 645.0
1433154954491 1 589.0
1433154956300 0 533.0
1433154954381 1 561.0
1433154954684 0 645.0
1433154954591 1 589.0
1433154956403 0 533.0
1433154954482 1 561.0
1433154954786 0 645.0
1433154954691 1 589.0
1433154956504 0 533.0
1433154954583 1 561.0
1433154954888 0 645.0
1433154954792 1 589.0
1433154956605 0 533.0
1433154954686 1 561.0
1433154954988 0 645.0
1433154954891 1 589.0
1433154956707 0 533.0
1433154954787 1 561.0
1433154955090 0 645.0
1433154954991 1 589.0
1433154956809 0 533.0
1433154954889 1 561.0
1433154955192 0 645.0
1433154955091 1 589.0
1433154956910 0 533.0
1433154954989 1 561.0
1433154955294 0 645.0
1433154955191 1 589.0
1433154957012 0 533.0
1433154955090 1 561.0
1433154955291 1 589.0
1433154955397 0 645.0
1433154957113 0 533.0
1433154955191 1 561.0
1433154955499 0 645.0
1433154955392 1 589.0
1433154957215 0 533.0
1433154955292 1 561.0
1433154955492 1 589.0
1433154955601 0 645.0
1433154957317 0 533.0
1433154955394 1 561.0
1433154955593 1 589.0
1433154955703 0 645.0
1433154957420 0 533.0
1433154955494 1 561.0
1433154955693 1 589.0
1433154955805 0 645.0
1433154957522 0 533.0
1433154955596 1 561.0
1433154955794 1 589.0
1433154955906 0 645.0
1433154957623 0 533.0
1433154955698 1 561.0
1433154955894 1 589.0
1433154956008 0 645.0
1433154957726 0 533.0
1433154955800 1 561.0
1433154955995 1 589.0
1433154956110 0 645.0
1433154957828 0 533.0
1433154956095 1 589.0
1433154955902 1 561.0
1433154956212 0 645.0
1433154957929 0 533.0
1433154956002 1 561.0
1433154956196 1 589.0
1433154956313 0 645.0
1433154958030 0 533.0
1433154956297 1 589.0
1433154956103 1 561.0
1433154956415 0 645.0
1433154958131 0 533.0
1433154956397 1 589.0
1433154956205 1 561.0
1433154956515 0 645.0
1433154958232 0 533.0
1433154956497 1 589.0
1433154956306 1 561.0
1433154956617 0 645.0
1433154958334 0 533.0
1433154956598 1 589.0
1433154956407 1 561.0
1433154956719 0 645.0
1433154958437 0 533.0
1433154956697 1 589.0
1433154956821 0 645.0
1433154958539 0 533.0
1433154956797 1 589.0
1433154956508 1 561.0
1433154956608 1 561.0
1433154956923 0 645.0
1433154958640 0 533.0
1433154956897 1 589.0
1433154956710 1 561.0
1433154957024 0 645.0
1433154958742 0 533.0
1433154956998 1 589.0
1433154956811 1 561.0
1433154957125 0 645.0
1433154958842 0 533.0
1433154957098 1 589.0
1433154956913 1 561.0
1433154957228 0 645.0
1433154958942 0 533.0
1433154957198 1 589.0
1433154957015 1 561.0
1433154957329 0 645.0
1433154959042 0 533.0
1433154957298 1 589.0
1433154957117 1 561.0
1433154957430 0 645.0
1433154959144 0 533.0
1433154957399 1 589.0
1433154957218 1 561.0
1433154957532 0 645.0
1433154959244 0 533.0
1433154957499 1 589.0
1433154957320 1 561.0
1433154957632 0 645.0
1433154959346 0 533.0
1433154957599 1 589.0
1433154957422 1 561.0
1433154957734 0 645.0
1433154959447 0 533.0
1433154957699 1 589.0
1433154957523 1 561.0
1433154957834 0 645.0
1433154959549 0 533.0
1433154957799 1 589.0
1433154957625 1 561.0
1433154957934 0 645.0
1433154959649 0 533.0
1433154957899 1 589.0
1433154957727 1 561.0
1433154958034 0 645.0
1433154959751 0 533.0
1433154958000 1 589.0
