1433149771989 1 0.156906396150589 0.156906396150589 10.198915481567383
1433149773896 0 0.0784531980752945 -0.627625584602356 10.512728691101074
1433149772089 1 0.156906396150589 0.23535959422588348 10.395049095153809
1433149773996 0 0.156906396150589 -0.5883989930152893 10.551955223083496
1433149774096 0 0.11767979711294174 -0.627625584602356 10.551955223083496
1433149772189 1 0.19613298773765564 0.19613298773765564 10.316595077514648
1433149774197 0 0.156906396150589 -0.5491724014282227 10.551955223083496
1433149772289 1 0.313812792301178 0.19613298773765564 10.277368545532227
1433149772389 1 0.156906396150589 0.19613298773765564 10.277368545532227
1433149774298 0 0.156906396150589 -0.627625584602356 10.512728691101074
1433149772490 1 0.19613298773765564 0.19613298773765564 10.277368545532227
1433149774398 0 0.03922659903764725 -0.627625584602356 10.512728691101074
1433149774499 0 0.156906396150589 -0.627625584602356 10.551955223083496
1433149772591 1 0.19613298773765564 0.156906396150589 10.238142013549805
1433149774600 0 0.11767979711294174 -0.5883989930152893 10.512728691101074
1433149772692 1 0.11767979711294174 0.19613298773765564 10.355822563171387
1433149774701 0 0.11767979711294174 -0.627625584602356 10.591181755065918
1433149772792 1 0.19613298773765564 0.156906396150589 10.277368545532227
1433149774802 0 0.156906396150589 -0.5491724014282227 10.551955223083496
1433149772893 1 0.156906396150589 0.19613298773765564 10.355822563171387
1433149774903 0 0.19613298773765564 -0.5883989930152893 10.591181755065918
1433149772994 1 0.19613298773765564 0.19613298773765564 10.355822563171387
1433149775004 0 0.19613298773765564 -0.5491724014282227 10.591181755065918
1433149773095 1 0.11767979711294174 0.23535959422588348 10.316595077514648
1433149775105 0 0.156906396150589 -0.5491724014282227 10.512728691101074
1433149773196 1 0.11767979711294174 0.19613298773765564 10.316595077514648
1433149775207 0 0.19613298773765564 -0.5491724014282227 10.551955223083496
1433149773297 1 0.19613298773765564 0.27458620071411133 10.316595077514648
1433149775308 0 0.156906396150589 -0.5883989930152893 10.551955223083496
1433149773398 1 0.19613298773765564 0.156906396150589 10.355822563171387
1433149775408 0 0.156906396150589 -0.7060787677764893 10.512728691101074
1433149773500 1 0.156906396150589 0.19613298773765564 10.316595077514648
1433149775508 0 0.11767979711294174 -0.5491724014282227 10.512728691101074
1433149773600 1 0.19613298773765564 0.19613298773765564 10.316595077514648
1433149775608 0 0.156906396150589 -0.6668521761894226 10.473502159118652
1433149773701 1 0.156906396150589 0.23535959422588348 10.316595077514648
1433149775709 0 0.156906396150589 -0.5883989930152893 10.43427562713623
1433149773802 1 0.156906396150589 0.156906396150589 10.355822563171387
1433149775809 0 0.11767979711294174 -0.6668521761894226 10.473502159118652
1433149773902 1 0.156906396150589 0.19613298773765564 10.277368545532227
1433149775909 0 0.156906396150589 -0.627625584602356 10.551955223083496
1433149774003 1 0.156906396150589 0.27458620071411133 10.316595077514648
1433149776009 0 0.156906396150589 -0.627625584602356 10.43427562713623
1433149774105 1 0.19613298773765564 0.156906396150589 10.316595077514648
1433149776110 0 0.0784531980752945 -0.627625584602356 10.551955223083496
1433149774205 1 0.23535959422588348 0.23535959422588348 10.355822563171387
1433149776211 0 0.11767979711294174 -0.5883989930152893 10.591181755065918
1433149774305 1 0.19613298773765564 0.156906396150589 10.277368545532227
1433149776312 0 0.156906396150589 -0.627625584602356 10.551955223083496
1433149774406 1 0.19613298773765564 0.19613298773765564 10.395049095153809
1433149776412 0 0.156906396150589 -0.5883989930152893 10.591181755065918
1433149774507 1 0.19613298773765564 0.156906396150589 10.395049095153809
1433149776512 0 0.0784531980752945 -0.5883989930152893 10.512728691101074
1433149774607 1 0.11767979711294174 0.19613298773765564 10.316595077514648
1433149776612 0 0.156906396150589 -0.5491724014282227 10.591181755065918
1433149774707 1 0.23535959422588348 0.23535959422588348 10.316595077514648
1433149776712 0 0.156906396150589 -0.6668521761894226 10.473502159118652
1433149774807 1 0.23535959422588348 0.156906396150589 10.316595077514648
1433149776812 0 0.156906396150589 -0.627625584602356 10.551955223083496
1433149774907 1 0.19613298773765564 0.19613298773765564 10.355822563171387
1433149776913 0 0.11767979711294174 -0.5883989930152893 10.551955223083496
1433149775007 1 0.19613298773765564 0.19613298773765564 10.395049095153809
1433149777014 0 0.156906396150589 -0.5883989930152893 10.512728691101074
1433149775107 1 0.23535959422588348 0.19613298773765564 10.395049095153809
1433149777114 0 0.156906396150589 -0.627625584602356 10.512728691101074
1433149775207 1 0.156906396150589 0.156906396150589 10.355822563171387
1433149777214 0 0.156906396150589 -0.627625584602356 10.551955223083496
1433149775307 1 0.156906396150589 0.19613298773765564 10.238142013549805
1433149777314 0 0.156906396150589 -0.627625584602356 10.551955223083496
1433149775407 1 0.19613298773765564 0.23535959422588348 10.277368545532227
1433149777415 0 0.156906396150589 -0.5883989930152893 10.512728691101074
1433149775507 1 0.19613298773765564 0.23535959422588348 10.395049095153809
1433149777516 0 0.11767979711294174 -0.5883989930152893 10.591181755065918
1433149775608 1 0.27458620071411133 0.19613298773765564 10.316595077514648
1433149777616 0 0.11767979711294174 -0.627625584602356 10.473502159118652
1433149775709 1 0.11767979711294174 0.19613298773765564 10.277368545532227
1433149777717 0 0.11767979711294174 -0.627625584602356 10.43427562713623
1433149775808 1 0.23535959422588348 0.23535959422588348 10.355822563171387
1433149777818 0 0.11767979711294174 -0.627625584602356 10.591181755065918
1433149775908 1 0.19613298773765564 0.156906396150589 10.198915481567383
1433149777919 0 0.11767979711294174 -0.5883989930152893 10.512728691101074
1433149776008 1 0.11767979711294174 0.19613298773765564 10.316595077514648
1433149778020 0 0.0784531980752945 -0.627625584602356 10.512728691101074
1433149776108 1 0.19613298773765564 0.19613298773765564 10.316595077514648
1433149778121 0 0.156906396150589 -0.6668521761894226 10.551955223083496
1433149776209 1 0.156906396150589 0.27458620071411133 10.316595077514648
1433149778223 0 0.156906396150589 -0.5883989930152893 10.63040828704834
1433149776310 1 0.19613298773765564 0.313812792301178 10.277368545532227
1433149778324 0 0.11767979711294174 -0.5883989930152893 10.473502159118652
1433149776409 1 0.19613298773765564 0.156906396150589 10.355822563171387
1433149778426 0 0.11767979711294174 -0.5883989930152893 10.512728691101074
1433149776509 1 0.156906396150589 0.23535959422588348 10.355822563171387
1433149778527 0 0.0784531980752945 -0.5883989930152893 10.551955223083496
1433149776610 1 0.19613298773765564 0.23535959422588348 10.395049095153809
1433149778628 0 0.156906396150589 -0.5883989930152893 10.512728691101074
1433149776711 1 0.11767979711294174 0.156906396150589 10.43427562713623
1433149778729 0 0.156906396150589 -0.5883989930152893 10.43427562713623
1433149776812 1 0.19613298773765564 0.23535959422588348 10.355822563171387
1433149778829 0 0.11767979711294174 -0.627625584602356 10.473502159118652
1433149776913 1 0.156906396150589 0.23535959422588348 10.355822563171387
1433149778929 0 0.11767979711294174 -0.5883989930152893 10.512728691101074
1433149777013 1 0.11767979711294174 0.156906396150589 10.238142013549805
1433149779029 0 0.11767979711294174 -0.5491724014282227 10.512728691101074
1433149777114 1 0.156906396150589 0.19613298773765564 10.277368545532227
1433149779129 0 0.156906396150589 -0.627625584602356 10.551955223083496
1433149777215 1 0.156906396150589 0.23535959422588348 10.277368545532227
1433149779229 0 0.11767979711294174 -0.627625584602356 10.473502159118652
1433149777316 1 0.11767979711294174 0.23535959422588348 10.316595077514648
1433149779330 0 0.11767979711294174 -0.5883989930152893 10.473502159118652
1433149777417 1 0.19613298773765564 0.11767979711294174 10.277368545532227
1433149779431 0 0.156906396150589 -0.5883989930152893 10.551955223083496
1433149777518 1 0.23535959422588348 0.23535959422588348 10.316595077514648
1433149779530 0 0.156906396150589 -0.7060787677764893 10.512728691101074
1433149777618 1 0.23535959422588348 0.19613298773765564 10.316595077514648
1433149779630 0 0.11767979711294174 -0.5883989930152893 10.63040828704834
1433149777718 1 0.19613298773765564 0.27458620071411133 10.277368545532227
1433149779731 0 0.11767979711294174 -0.5883989930152893 10.512728691101074
1433149777819 1 0.19613298773765564 0.19613298773765564 10.238142013549805
1433149779832 0 0.0784531980752945 -0.6668521761894226 10.551955223083496
1433149777919 1 0.23535959422588348 0.156906396150589 10.316595077514648
1433149779933 0 0.156906396150589 -0.6668521761894226 10.512728691101074
1433149778020 1 0.156906396150589 0.23535959422588348 10.355822563171387
1433149780034 0 0.156906396150589 -0.5491724014282227 10.551955223083496
1433149778121 1 0.23535959422588348 0.11767979711294174 10.43427562713623
1433149780135 0 0.23535959422588348 -0.7060787677764893 10.983448028564453
1433149778222 1 0.19613298773765564 0.23535959422588348 10.316595077514648
1433149780234 0 0.19613298773765564 -0.627625584602356 10.512728691101074
1433149778323 1 0.23535959422588348 0.23535959422588348 10.277368545532227
1433149780335 0 0.156906396150589 -0.5491724014282227 10.473502159118652
1433149778424 1 0.156906396150589 0.19613298773765564 10.355822563171387
1433149780435 0 0.156906396150589 -0.5883989930152893 10.591181755065918
1433149778528 1 0.23535959422588348 0.19613298773765564 10.355822563171387
1433149780536 0 0.156906396150589 -0.5883989930152893 10.512728691101074
1433149778627 1 0.156906396150589 0.19613298773765564 10.277368545532227
1433149780637 0 0.156906396150589 -0.5883989930152893 10.551955223083496
1433149778728 1 0.23535959422588348 0.23535959422588348 10.355822563171387
1433149780738 0 0.156906396150589 -0.5883989930152893 10.473502159118652
1433149778829 1 0.156906396150589 0.23535959422588348 10.355822563171387
1433149780838 0 0.0784531980752945 -0.5491724014282227 10.473502159118652
1433149778930 1 0.156906396150589 0.156906396150589 10.395049095153809
1433149780939 0 0.156906396150589 -0.627625584602356 10.473502159118652
1433149779031 1 0.19613298773765564 0.156906396150589 10.198915481567383
1433149781040 0 0.11767979711294174 -0.5883989930152893 10.512728691101074
1433149779132 1 0.156906396150589 0.23535959422588348 10.355822563171387
1433149781141 0 0.11767979711294174 -0.5491724014282227 10.591181755065918
1433149779233 1 0.156906396150589 0.156906396150589 10.395049095153809
1433149781241 0 0.156906396150589 -0.627625584602356 10.473502159118652
1433149779334 1 0.19613298773765564 0.156906396150589 10.316595077514648
1433149781342 0 0.156906396150589 -0.5883989930152893 10.63040828704834
1433149779435 1 0.11767979711294174 0.11767979711294174 10.238142013549805
1433149781444 0 0.0784531980752945 -0.6668521761894226 10.512728691101074
1433149779536 1 0.23535959422588348 0.19613298773765564 10.238142013549805
1433149781543 0 0.156906396150589 -0.627625584602356 10.591181755065918
1433149779636 1 0.156906396150589 0.19613298773765564 10.277368545532227
1433149781644 0 0.156906396150589 -0.627625584602356 10.512728691101074
1433149779736 1 0.19613298773765564 0.23535959422588348 10.316595077514648
1433149781746 0 0.0784531980752945 -0.6668521761894226 10.591181755065918
1433149779837 1 0.19613298773765564 0.156906396150589 10.355822563171387
1433149781846 0 0.156906396150589 -0.627625584602356 10.591181755065918
1433149779937 1 0.23535959422588348 0.156906396150589 10.277368545532227
1433149781947 0 0.11767979711294174 -0.5491724014282227 10.591181755065918
1433149780037 1 0.19613298773765564 0.156906396150589 10.316595077514648
1433149782048 0 0.11767979711294174 -0.5491724014282227 10.512728691101074
1433149780137 1 0.156906396150589 0.19613298773765564 10.277368545532227
1433149782149 0 0.0784531980752945 -0.5883989930152893 10.512728691101074
1433149780238 1 0.35303938388824463 0.03922659903764725 10.198915481567383
1433149782249 0 0.156906396150589 -0.5491724014282227 10.551955223083496
1433149780338 1 0.156906396150589 0.19613298773765564 10.198915481567383
1433149782350 0 0.156906396150589 -0.627625584602356 10.512728691101074
1433149780438 1 0.0784531980752945 0.156906396150589 10.395049095153809
1433149782451 0 0.0784531980752945 -0.5883989930152893 10.591181755065918
1433149780538 1 0.0784531980752945 0.19613298773765564 10.277368545532227
1433149782552 0 0.11767979711294174 -0.5883989930152893 10.512728691101074
1433149780642 1 0.156906396150589 -0.03922659903764725 10.277368545532227
1433149782653 0 0.156906396150589 -0.5883989930152893 10.551955223083496
1433149780742 1 0.03922659903764725 0.11767979711294174 10.238142013549805
1433149782754 0 0.156906396150589 -0.627625584602356 10.512728691101074
1433149780843 1 0.11767979711294174 0.11767979711294174 10.198915481567383
1433149782855 0 0.19613298773765564 -0.627625584602356 10.473502159118652
1433149780945 1 0.0784531980752945 0.11767979711294174 10.355822563171387
1433149782956 0 0.19613298773765564 -0.5883989930152893 10.512728691101074
1433149781046 1 0.11767979711294174 0.11767979711294174 10.355822563171387
1433149783057 0 0.156906396150589 -0.627625584602356 10.473502159118652
1433149781147 1 0.0784531980752945 0.156906396150589 10.159688949584961
1433149783158 0 0.156906396150589 -0.5491724014282227 10.512728691101074
1433149781248 1 0.0784531980752945 0.11767979711294174 10.081235885620117
1433149783259 0 0.11767979711294174 -0.5491724014282227 10.591181755065918
1433149781348 1 0.11767979711294174 0.0784531980752945 10.120462417602539
1433149783360 0 0.156906396150589 -0.5491724014282227 10.473502159118652
1433149781448 1 0.0784531980752945 0.11767979711294174 10.159688949584961
1433149783461 0 0.156906396150589 -0.5491724014282227 10.473502159118652
1433149781549 1 -0.0 0.11767979711294174 10.238142013549805
1433149783562 0 0.11767979711294174 -0.5491724014282227 10.512728691101074
1433149781649 1 0.03922659903764725 0.11767979711294174 10.277368545532227
1433149783663 0 0.03922659903764725 -0.509945809841156 10.669634819030762
1433149781749 1 0.03922659903764725 0.156906396150589 10.198915481567383
1433149783763 0 0.11767979711294174 -0.6668521761894226 10.473502159118652
1433149781850 1 0.156906396150589 0.11767979711294174 10.159688949584961
1433149783863 0 0.156906396150589 -0.627625584602356 10.551955223083496
1433149781951 1 0.11767979711294174 0.19613298773765564 10.159688949584961
1433149783963 0 0.11767979711294174 -0.5883989930152893 10.551955223083496
1433149782052 1 0.156906396150589 0.0784531980752945 10.198915481567383
1433149784063 0 0.0784531980752945 -0.627625584602356 10.591181755065918
1433149782153 1 0.11767979711294174 0.19613298773765564 10.277368545532227
1433149784163 0 0.11767979711294174 -0.5883989930152893 10.512728691101074
1433149782254 1 -0.03922659903764725 0.11767979711294174 10.198915481567383
1433149784264 0 0.11767979711294174 -0.627625584602356 10.551955223083496
1433149782356 1 0.03922659903764725 0.03922659903764725 10.238142013549805
1433149784366 0 0.0784531980752945 -0.5491724014282227 10.473502159118652
1433149782455 1 -0.0 0.11767979711294174 10.238142013549805
1433149784467 0 0.11767979711294174 -0.627625584602356 10.551955223083496
1433149782555 1 0.11767979711294174 0.156906396150589 10.159688949584961
1433149784568 0 0.19613298773765564 -0.5883989930152893 10.591181755065918
1433149782656 1 0.19613298773765564 0.0784531980752945 10.277368545532227
1433149784669 0 0.156906396150589 -0.5883989930152893 10.591181755065918
1433149782756 1 0.11767979711294174 0.0784531980752945 10.277368545532227
1433149784769 0 0.19613298773765564 -0.627625584602356 10.512728691101074
1433149782856 1 0.03922659903764725 -0.0 10.238142013549805
1433149784869 0 0.0784531980752945 -0.5491724014282227 10.512728691101074
1433149782956 1 0.156906396150589 0.03922659903764725 10.198915481567383
1433149784970 0 0.11767979711294174 -0.6668521761894226 10.591181755065918
1433149783056 1 0.11767979711294174 0.19613298773765564 10.042009353637695
1433149785071 0 0.11767979711294174 -0.627625584602356 10.473502159118652
1433149783156 1 0.0784531980752945 0.0784531980752945 10.198915481567383
1433149785172 0 0.0784531980752945 -0.5491724014282227 10.551955223083496
1433149783257 1 -0.0 0.11767979711294174 10.198915481567383
1433149785273 0 0.11767979711294174 -0.5883989930152893 10.473502159118652
1433149783358 1 0.156906396150589 0.23535959422588348 10.238142013549805
1433149785374 0 0.03922659903764725 -0.509945809841156 10.551955223083496
1433149783459 1 -0.03922659903764725 0.03922659903764725 10.277368545532227
1433149785475 0 0.156906396150589 -0.5883989930152893 10.512728691101074
1433149783561 1 0.156906396150589 0.03922659903764725 10.238142013549805
1433149785576 0 0.03922659903764725 -0.509945809841156 10.551955223083496
1433149783662 1 0.03922659903764725 0.03922659903764725 10.316595077514648
1433149785677 0 0.11767979711294174 -0.627625584602356 10.473502159118652
1433149783763 1 0.11767979711294174 -0.0 10.198915481567383
1433149785778 0 0.156906396150589 -0.5883989930152893 10.591181755065918
1433149783864 1 0.23535959422588348 0.0784531980752945 10.277368545532227
1433149785879 0 0.11767979711294174 -0.627625584602356 10.551955223083496
1433149783965 1 0.19613298773765564 0.11767979711294174 10.120462417602539
1433149785981 0 0.0784531980752945 -0.6668521761894226 10.512728691101074
1433149784066 1 0.19613298773765564 0.11767979711294174 10.277368545532227
1433149786082 0 0.11767979711294174 -0.5491724014282227 10.512728691101074
1433149784167 1 0.0784531980752945 0.0784531980752945 10.198915481567383
1433149786184 0 0.156906396150589 -0.5883989930152893 10.63040828704834
1433149784268 1 0.19613298773765564 0.156906396150589 10.277368545532227
1433149786284 0 0.0784531980752945 -0.5883989930152893 10.512728691101074
1433149784370 1 0.11767979711294174 0.11767979711294174 10.238142013549805
1433149786386 0 0.156906396150589 -0.7060787677764893 10.551955223083496
1433149784471 1 0.03922659903764725 -0.0 10.120462417602539
1433149786487 0 0.0784531980752945 -0.627625584602356 10.551955223083496
1433149784571 1 0.03922659903764725 0.156906396150589 10.238142013549805
1433149786588 0 0.11767979711294174 -0.5491724014282227 10.512728691101074
1433149784672 1 0.0784531980752945 0.19613298773765564 10.198915481567383
1433149786689 0 0.156906396150589 -0.627625584602356 10.473502159118652
1433149784773 1 0.0784531980752945 0.0784531980752945 10.277368545532227
1433149786789 0 0.156906396150589 -0.5883989930152893 10.43427562713623
1433149784874 1 0.11767979711294174 0.156906396150589 10.198915481567383
1433149786889 0 0.23535959422588348 -0.5883989930152893 10.551955223083496
1433149784975 1 -0.0 0.0784531980752945 10.238142013549805
1433149786989 0 0.156906396150589 -0.6668521761894226 10.43427562713623
1433149785076 1 0.19613298773765564 0.156906396150589 10.316595077514648
1433149787089 0 0.156906396150589 -0.5491724014282227 10.512728691101074
1433149785176 1 0.11767979711294174 0.11767979711294174 10.198915481567383
1433149787189 0 0.156906396150589 -0.627625584602356 10.473502159118652
1433149785277 1 0.156906396150589 0.156906396150589 10.198915481567383
1433149787289 0 0.156906396150589 -0.5883989930152893 10.591181755065918
1433149785378 1 0.156906396150589 0.0784531980752945 10.316595077514648
1433149787390 0 0.0784531980752945 -0.5883989930152893 10.551955223083496
1433149785480 1 0.156906396150589 -0.0 10.238142013549805
1433149787491 0 0.0784531980752945 -0.5883989930152893 10.43427562713623
1433149785581 1 0.11767979711294174 0.0784531980752945 10.159688949584961
1433149787592 0 0.11767979711294174 -0.6668521761894226 10.512728691101074
1433149785682 1 0.0784531980752945 0.11767979711294174 10.277368545532227
1433149787693 0 0.0784531980752945 -0.6668521761894226 10.43427562713623
1433149785783 1 0.19613298773765564 0.11767979711294174 10.238142013549805
1433149787794 0 0.156906396150589 -0.6668521761894226 10.591181755065918
1433149785885 1 0.11767979711294174 -0.0 10.159688949584961
1433149787895 0 0.156906396150589 -0.5491724014282227 10.473502159118652
1433149785986 1 0.11767979711294174 0.03922659903764725 10.159688949584961
1433149787996 0 0.156906396150589 -0.627625584602356 10.512728691101074
1433149786087 1 0.0784531980752945 0.19613298773765564 10.159688949584961
1433149788097 0 0.156906396150589 -0.5883989930152893 10.473502159118652
1433149786187 1 0.11767979711294174 0.0784531980752945 10.198915481567383
1433149788198 0 0.156906396150589 -0.627625584602356 10.473502159118652
1433149786287 1 0.156906396150589 0.03922659903764725 10.238142013549805
1433149788299 0 0.19613298773765564 -0.5883989930152893 10.512728691101074
1433149786387 1 0.0784531980752945 0.03922659903764725 10.316595077514648
1433149788400 0 0.11767979711294174 -0.509945809841156 10.591181755065918
1433149786487 1 0.0784531980752945 0.03922659903764725 10.238142013549805
1433149788502 0 0.19613298773765564 -0.5883989930152893 10.512728691101074
1433149786589 1 0.0784531980752945 0.11767979711294174 10.120462417602539
1433149788603 0 0.11767979711294174 -0.5883989930152893 10.551955223083496
1433149786688 1 0.11767979711294174 0.11767979711294174 10.238142013549805
1433149788704 0 0.156906396150589 -0.5883989930152893 10.473502159118652
1433149786788 1 0.11767979711294174 0.0784531980752945 10.316595077514648
1433149788806 0 0.156906396150589 -0.5883989930152893 10.63040828704834
1433149786889 1 0.0784531980752945 0.156906396150589 10.238142013549805
1433149788906 0 0.156906396150589 -0.627625584602356 10.551955223083496
1433149786990 1 0.0784531980752945 0.0784531980752945 10.198915481567383
1433149789007 0 0.156906396150589 -0.5883989930152893 10.512728691101074
1433149787091 1 0.03922659903764725 0.11767979711294174 10.120462417602539
1433149789109 0 0.11767979711294174 -0.5491724014282227 10.473502159118652
1433149787192 1 0.03922659903764725 0.156906396150589 10.238142013549805
1433149789209 0 0.0784531980752945 -0.627625584602356 10.551955223083496
1433149787293 1 -0.0 0.27458620071411133 10.198915481567383
1433149789309 0 0.11767979711294174 -0.5491724014282227 10.63040828704834
1433149787394 1 0.11767979711294174 0.0784531980752945 10.120462417602539
1433149789410 0 0.156906396150589 -0.5491724014282227 10.395049095153809
1433149787495 1 0.0784531980752945 0.0784531980752945 10.238142013549805
1433149789509 0 0.11767979711294174 -0.7060787677764893 10.512728691101074
1433149787596 1 -0.03922659903764725 0.03922659903764725 10.238142013549805
1433149789609 0 0.11767979711294174 -0.5883989930152893 10.551955223083496
1433149787697 1 0.0784531980752945 0.11767979711294174 10.120462417602539
1433149789710 0 0.156906396150589 -0.5491724014282227 10.591181755065918
1433149787798 1 0.19613298773765564 0.156906396150589 10.120462417602539
1433149789811 0 0.11767979711294174 -0.5883989930152893 10.551955223083496
1433149787900 1 0.156906396150589 0.156906396150589 10.238142013549805
1433149789912 0 0.156906396150589 -0.5491724014282227 10.43427562713623
1433149788001 1 0.11767979711294174 0.03922659903764725 10.159688949584961
1433149790013 0 0.156906396150589 -0.5491724014282227 10.512728691101074
1433149788102 1 0.0784531980752945 0.11767979711294174 10.277368545532227
1433149790114 0 0.11767979711294174 -0.5491724014282227 10.551955223083496
1433149788203 1 0.0784531980752945 -0.0 10.198915481567383
1433149790215 0 0.19613298773765564 -0.627625584602356 10.551955223083496
1433149788305 1 0.156906396150589 0.0784531980752945 10.198915481567383
1433149790316 0 0.11767979711294174 -0.7060787677764893 10.551955223083496
1433149788406 1 0.11767979711294174 0.0784531980752945 10.316595077514648
1433149790417 0 0.11767979711294174 -0.7060787677764893 10.512728691101074
1433149788507 1 0.03922659903764725 0.23535959422588348 10.198915481567383
1433149790518 0 0.156906396150589 -0.7060787677764893 10.551955223083496
1433149788608 1 0.03922659903764725 0.156906396150589 10.198915481567383
1433149790619 0 0.156906396150589 -0.627625584602356 10.512728691101074
1433149788708 1 0.11767979711294174 0.156906396150589 10.316595077514648
1433149790720 0 0.19613298773765564 -0.5491724014282227 10.473502159118652
1433149788808 1 0.11767979711294174 0.0784531980752945 10.355822563171387
1433149790820 0 0.156906396150589 -0.627625584602356 10.512728691101074
1433149788910 1 0.03922659903764725 -0.03922659903764725 10.120462417602539
1433149790921 0 0.11767979711294174 -0.5491724014282227 10.551955223083496
1433149789011 1 0.11767979711294174 0.11767979711294174 10.277368545532227
1433149791022 0 0.156906396150589 -0.509945809841156 10.512728691101074
1433149789112 1 0.23535959422588348 0.11767979711294174 10.355822563171387
1433149791124 0 0.156906396150589 -0.5491724014282227 10.63040828704834
1433149789213 1 -0.0 0.11767979711294174 10.198915481567383
1433149791226 0 0.11767979711294174 -0.509945809841156 10.591181755065918
1433149789314 1 0.11767979711294174 0.11767979711294174 10.198915481567383
1433149791327 0 0.11767979711294174 -0.5883989930152893 10.43427562713623
1433149789415 1 -0.0 0.0784531980752945 10.159688949584961
1433149791428 0 0.156906396150589 -0.627625584602356 10.551955223083496
1433149789516 1 0.156906396150589 0.0784531980752945 10.238142013549805
1433149791529 0 0.156906396150589 -0.5883989930152893 10.512728691101074
1433149789617 1 0.19613298773765564 0.03922659903764725 10.355822563171387
1433149791629 0 0.0784531980752945 -0.5883989930152893 10.512728691101074
1433149789719 1 0.0784531980752945 0.03922659903764725 10.238142013549805
1433149791729 0 0.11767979711294174 -0.5883989930152893 10.512728691101074
1433149789820 1 0.0784531980752945 0.11767979711294174 10.316595077514648
1433149791829 0 0.11767979711294174 -0.5883989930152893 10.512728691101074
1433149789921 1 0.11767979711294174 0.11767979711294174 10.198915481567383
1433149791929 0 0.11767979711294174 -0.6668521761894226 10.512728691101074
1433149790022 1 0.156906396150589 0.03922659903764725 10.277368545532227
1433149792029 0 0.0784531980752945 -0.5491724014282227 10.551955223083496
1433149790124 1 0.19613298773765564 0.19613298773765564 10.198915481567383
1433149792129 0 0.11767979711294174 -0.627625584602356 10.512728691101074
1433149790226 1 0.11767979711294174 0.156906396150589 10.277368545532227
1433149792229 0 0.11767979711294174 -0.5883989930152893 10.551955223083496
1433149790326 1 0.0784531980752945 0.23535959422588348 10.198915481567383
1433149792329 0 0.156906396150589 -0.627625584602356 10.551955223083496
1433149790427 1 0.03922659903764725 0.156906396150589 10.277368545532227
1433149792429 0 0.0784531980752945 -0.5883989930152893 10.512728691101074
1433149790527 1 -0.03922659903764725 0.03922659903764725 10.238142013549805
1433149792529 0 0.11767979711294174 -0.5491724014282227 10.512728691101074
1433149790627 1 0.11767979711294174 0.03922659903764725 10.277368545532227
1433149792629 0 0.0784531980752945 -0.6668521761894226 10.512728691101074
1433149790727 1 0.11767979711294174 0.156906396150589 10.198915481567383
1433149792730 0 0.11767979711294174 -0.5491724014282227 10.473502159118652
1433149790828 1 0.156906396150589 -0.0 10.120462417602539
1433149792831 0 0.156906396150589 -0.5883989930152893 10.473502159118652
1433149790928 1 0.156906396150589 0.0784531980752945 10.120462417602539
1433149792932 0 0.156906396150589 -0.627625584602356 10.551955223083496
1433149791028 1 0.03922659903764725 -0.0 10.081235885620117
1433149793033 0 0.156906396150589 -0.5491724014282227 10.512728691101074
1433149791129 1 0.03922659903764725 0.03922659903764725 10.238142013549805
1433149793134 0 0.156906396150589 -0.5883989930152893 10.591181755065918
1433149791230 1 -0.0784531980752945 0.0784531980752945 10.198915481567383
1433149793235 0 0.0784531980752945 -0.5883989930152893 10.551955223083496
1433149791331 1 0.11767979711294174 0.0784531980752945 10.238142013549805
1433149793336 0 0.11767979711294174 -0.6668521761894226 10.43427562713623
1433149791432 1 0.11767979711294174 0.156906396150589 10.316595077514648
1433149793436 0 0.0784531980752945 -0.627625584602356 10.512728691101074
1433149791532 1 0.03922659903764725 0.156906396150589 10.238142013549805
1433149793537 0 0.0784531980752945 -0.5491724014282227 10.512728691101074
1433149791633 1 0.19613298773765564 0.19613298773765564 10.159688949584961
1433149793638 0 0.11767979711294174 -0.627625584602356 10.551955223083496
1433149791735 1 0.03922659903764725 0.0784531980752945 10.238142013549805
1433149793739 0 0.156906396150589 -0.5883989930152893 10.512728691101074
1433149791836 1 0.03922659903764725 0.11767979711294174 10.316595077514648
1433149793840 0 0.0784531980752945 -0.5883989930152893 10.512728691101074
1433149791937 1 0.11767979711294174 -0.03922659903764725 10.238142013549805
1433149793941 0 0.11767979711294174 -0.627625584602356 10.591181755065918
1433149792039 1 0.0784531980752945 0.03922659903764725 10.198915481567383
1433149794042 0 0.11767979711294174 -0.627625584602356 10.512728691101074
1433149792140 1 0.19613298773765564 0.156906396150589 10.316595077514648
1433149794143 0 0.11767979711294174 -0.627625584602356 10.473502159118652
1433149792241 1 0.03922659903764725 0.19613298773765564 10.355822563171387
1433149794244 0 0.156906396150589 -0.627625584602356 10.551955223083496
1433149792342 1 0.0784531980752945 0.0784531980752945 10.120462417602539
1433149794345 0 0.11767979711294174 -0.5883989930152893 10.63040828704834
1433149792444 1 0.11767979711294174 0.156906396150589 10.159688949584961
1433149794446 0 0.0784531980752945 -0.627625584602356 10.512728691101074
1433149792545 1 0.0784531980752945 0.0784531980752945 10.198915481567383
1433149794547 0 0.11767979711294174 -0.627625584602356 10.473502159118652
1433149792646 1 -0.0 0.0784531980752945 10.120462417602539
1433149794648 0 0.19613298773765564 -0.6668521761894226 10.43427562713623
1433149792747 1 0.11767979711294174 0.11767979711294174 10.316595077514648
1433149794749 0 0.156906396150589 -0.5883989930152893 10.551955223083496
1433149792847 1 0.0784531980752945 0.156906396150589 10.277368545532227
1433149794849 0 0.0784531980752945 -0.5883989930152893 10.551955223083496
1433149792949 1 0.156906396150589 0.03922659903764725 10.238142013549805
1433149794949 0 0.11767979711294174 -0.5491724014282227 10.512728691101074
1433149793050 1 0.0784531980752945 0.0784531980752945 10.238142013549805
1433149795050 0 0.11767979711294174 -0.5883989930152893 10.551955223083496
1433149793151 1 -0.0 0.156906396150589 10.277368545532227
1433149795151 0 0.11767979711294174 -0.5883989930152893 10.591181755065918
1433149793250 1 0.03922659903764725 0.11767979711294174 10.238142013549805
1433149795252 0 0.11767979711294174 -0.5491724014282227 10.473502159118652
1433149793350 1 0.156906396150589 0.19613298773765564 10.198915481567383
1433149795352 0 0.11767979711294174 -0.5883989930152893 10.551955223083496
1433149793450 1 0.0784531980752945 0.0784531980752945 10.238142013549805
1433149795452 0 0.0784531980752945 -0.6668521761894226 10.63040828704834
1433149793550 1 0.11767979711294174 0.0784531980752945 10.316595077514648
1433149795553 0 0.156906396150589 -0.5883989930152893 10.591181755065918
1433149793650 1 0.156906396150589 0.0784531980752945 10.120462417602539
1433149795653 0 0.11767979711294174 -0.7060787677764893 10.512728691101074
1433149793751 1 0.03922659903764725 0.0784531980752945 10.316595077514648
1433149795754 0 0.0784531980752945 -0.509945809841156 10.591181755065918
1433149793852 1 0.156906396150589 0.19613298773765564 10.277368545532227
1433149795855 0 0.19613298773765564 -0.6668521761894226 10.591181755065918
1433149793953 1 0.156906396150589 0.0784531980752945 10.198915481567383
1433149795956 0 0.156906396150589 -0.5491724014282227 10.512728691101074
1433149794054 1 0.0784531980752945 -0.03922659903764725 10.042009353637695
1433149796057 0 0.11767979711294174 -0.627625584602356 10.512728691101074
1433149794155 1 0.23535959422588348 0.11767979711294174 10.198915481567383
1433149796158 0 0.0784531980752945 -0.627625584602356 10.551955223083496
1433149794256 1 0.156906396150589 0.0784531980752945 10.159688949584961
1433149796258 0 0.19613298773765564 -0.6668521761894226 10.512728691101074
1433149794357 1 0.11767979711294174 0.03922659903764725 10.277368545532227
1433149796359 0 0.11767979711294174 -0.627625584602356 10.512728691101074
1433149794458 1 0.0784531980752945 0.0784531980752945 10.198915481567383
1433149796461 0 0.156906396150589 -0.5883989930152893 10.551955223083496
1433149794560 1 0.11767979711294174 0.0784531980752945 10.316595077514648
1433149796562 0 0.156906396150589 -0.5883989930152893 10.43427562713623
1433149794661 1 0.156906396150589 0.11767979711294174 10.277368545532227
1433149796663 0 0.11767979711294174 -0.5883989930152893 10.551955223083496
1433149794762 1 0.03922659903764725 0.0784531980752945 10.316595077514648
1433149796765 0 0.11767979711294174 -0.5883989930152893 10.395049095153809
1433149794863 1 0.11767979711294174 -0.0 10.198915481567383
1433149796866 0 0.11767979711294174 -0.6668521761894226 10.551955223083496
1433149794966 1 0.156906396150589 0.156906396150589 10.316595077514648
1433149796967 0 0.19613298773765564 -0.5883989930152893 10.473502159118652
1433149795067 1 -0.0 0.03922659903764725 10.198915481567383
1433149797068 0 0.156906396150589 -0.5883989930152893 10.512728691101074
1433149795167 1 0.03922659903764725 0.156906396150589 10.238142013549805
1433149797169 0 0.156906396150589 -0.5491724014282227 10.551955223083496
1433149795268 1 -0.0 0.156906396150589 10.277368545532227
1433149797269 0 0.11767979711294174 -0.627625584602356 10.551955223083496
1433149795368 1 0.11767979711294174 0.0784531980752945 10.120462417602539
1433149797369 0 0.156906396150589 -0.47071918845176697 10.512728691101074
1433149795469 1 0.156906396150589 0.11767979711294174 10.277368545532227
1433149797469 0 0.156906396150589 -0.7060787677764893 10.512728691101074
1433149795569 1 0.0784531980752945 0.03922659903764725 10.238142013549805
1433149797569 0 0.156906396150589 -0.5883989930152893 10.43427562713623
1433149795669 1 0.11767979711294174 0.0784531980752945 10.081235885620117
1433149797670 0 0.19613298773765564 -0.627625584602356 10.473502159118652
1433149795769 1 0.11767979711294174 0.11767979711294174 10.238142013549805
1433149797771 0 0.156906396150589 -0.5883989930152893 10.591181755065918
1433149795869 1 0.23535959422588348 0.19613298773765564 10.316595077514648
1433149797872 0 0.11767979711294174 -0.5491724014282227 10.512728691101074
1433149795969 1 0.19613298773765564 0.11767979711294174 10.316595077514648
1433149797971 0 0.156906396150589 -0.627625584602356 10.551955223083496
1433149796069 1 0.0784531980752945 0.11767979711294174 10.238142013549805
1433149798071 0 0.11767979711294174 -0.5883989930152893 10.512728691101074
1433149796170 1 0.156906396150589 0.11767979711294174 10.277368545532227
1433149798171 0 0.11767979711294174 -0.5883989930152893 10.473502159118652
1433149796271 1 -0.03922659903764725 0.156906396150589 10.238142013549805
1433149798271 0 0.156906396150589 -0.5883989930152893 10.551955223083496
1433149796371 1 0.03922659903764725 0.19613298773765564 10.277368545532227
1433149798372 0 0.11767979711294174 -0.5491724014282227 10.512728691101074
1433149796471 1 0.156906396150589 0.23535959422588348 10.277368545532227
1433149798472 0 0.156906396150589 -0.7060787677764893 10.512728691101074
1433149796572 1 0.03922659903764725 0.19613298773765564 10.277368545532227
1433149798572 0 0.156906396150589 -0.5883989930152893 10.512728691101074
1433149796673 1 0.03922659903764725 0.0784531980752945 10.159688949584961
1433149798672 0 0.156906396150589 -0.5883989930152893 10.512728691101074
1433149796774 1 0.11767979711294174 0.11767979711294174 10.198915481567383
1433149798772 0 0.11767979711294174 -0.6668521761894226 10.43427562713623
1433149796875 1 0.11767979711294174 0.19613298773765564 10.159688949584961
1433149798873 0 0.156906396150589 -0.5491724014282227 10.473502159118652
1433149796976 1 0.03922659903764725 0.156906396150589 10.081235885620117
1433149798974 0 0.11767979711294174 -0.6668521761894226 10.473502159118652
1433149797076 1 0.03922659903764725 0.19613298773765564 10.277368545532227
1433149799075 0 0.11767979711294174 -0.6668521761894226 10.43427562713623
1433149797177 1 0.0784531980752945 0.23535959422588348 10.238142013549805
1433149799176 0 0.11767979711294174 -0.627625584602356 10.473502159118652
1433149797278 1 0.19613298773765564 0.03922659903764725 10.198915481567383
1433149799277 0 0.11767979711294174 -0.627625584602356 10.551955223083496
1433149797379 1 0.11767979711294174 0.11767979711294174 10.316595077514648
1433149799378 0 0.11767979711294174 -0.627625584602356 10.512728691101074
1433149797480 1 0.0784531980752945 0.11767979711294174 10.238142013549805
1433149799479 0 0.156906396150589 -0.5883989930152893 10.512728691101074
1433149797582 1 -0.0 0.11767979711294174 10.316595077514648
1433149799580 0 0.156906396150589 -0.627625584602356 10.512728691101074
1433149797683 1 0.156906396150589 0.11767979711294174 10.238142013549805
1433149799681 0 0.156906396150589 -0.5491724014282227 10.43427562713623
1433149797784 1 0.156906396150589 0.23535959422588348 10.198915481567383
1433149799782 0 0.156906396150589 -0.6668521761894226 10.591181755065918
1433149797886 1 0.19613298773765564 0.0784531980752945 10.316595077514648
1433149799883 0 0.156906396150589 -0.627625584602356 10.512728691101074
1433149797987 1 0.11767979711294174 0.19613298773765564 10.238142013549805
1433149799985 0 0.0784531980752945 -0.5491724014282227 10.473502159118652
1433149798088 1 0.23535959422588348 0.11767979711294174 10.238142013549805
1433149800086 0 0.11767979711294174 -0.5883989930152893 10.43427562713623
1433149798187 1 0.0784531980752945 0.23535959422588348 10.238142013549805
1433149800187 0 0.156906396150589 -0.627625584602356 10.512728691101074
1433149798287 1 0.11767979711294174 0.23535959422588348 10.277368545532227
1433149800287 0 0.03922659903764725 -0.509945809841156 10.473502159118652
1433149798387 1 0.156906396150589 0.156906396150589 10.159688949584961
1433149800387 0 0.11767979711294174 -0.5883989930152893 10.551955223083496
1433149798487 1 0.11767979711294174 0.27458620071411133 10.120462417602539
1433149800487 0 0.11767979711294174 -0.627625584602356 10.591181755065918
1433149798587 1 0.0784531980752945 0.11767979711294174 10.198915481567383
1433149800587 0 0.0784531980752945 -0.627625584602356 10.512728691101074
1433149798687 1 -0.03922659903764725 0.0784531980752945 10.316595077514648
1433149800687 0 0.0784531980752945 -0.509945809841156 10.551955223083496
1433149798787 1 0.19613298773765564 0.11767979711294174 10.198915481567383
1433149800788 0 0.11767979711294174 -0.5883989930152893 10.591181755065918
1433149798887 1 0.0784531980752945 0.11767979711294174 10.159688949584961
1433149800889 0 0.11767979711294174 -0.627625584602356 10.591181755065918
1433149798987 1 0.11767979711294174 0.19613298773765564 10.238142013549805
1433149800989 0 0.156906396150589 -0.5883989930152893 10.551955223083496
1433149799087 1 0.03922659903764725 0.11767979711294174 10.277368545532227
1433149801089 0 0.0784531980752945 -0.5491724014282227 10.473502159118652
1433149799187 1 0.0784531980752945 -0.03922659903764725 10.316595077514648
1433149801189 0 0.11767979711294174 -0.5883989930152893 10.512728691101074
1433149799289 1 0.11767979711294174 0.11767979711294174 10.120462417602539
1433149801290 0 0.03922659903764725 -0.5491724014282227 10.551955223083496
1433149799388 1 0.156906396150589 -0.0 10.238142013549805
1433149801390 0 0.11767979711294174 -0.627625584602356 10.473502159118652
1433149799488 1 0.03922659903764725 -0.0 10.198915481567383
1433149801490 0 0.0784531980752945 -0.5491724014282227 10.512728691101074
1433149799588 1 0.156906396150589 0.03922659903764725 10.277368545532227
1433149801591 0 0.0784531980752945 -0.5883989930152893 10.63040828704834
1433149799689 1 0.11767979711294174 0.23535959422588348 10.198915481567383
1433149801692 0 0.11767979711294174 -0.5491724014282227 10.591181755065918
1433149799790 1 -0.0 0.0784531980752945 10.238142013549805
1433149801793 0 0.11767979711294174 -0.5491724014282227 10.63040828704834
1433149799891 1 0.11767979711294174 0.11767979711294174 10.238142013549805
1433149801894 0 0.11767979711294174 -0.5491724014282227 10.591181755065918
1433149799992 1 0.23535959422588348 -0.03922659903764725 10.355822563171387
1433149801995 0 0.11767979711294174 -0.5491724014282227 10.551955223083496
1433149800093 1 0.19613298773765564 0.0784531980752945 10.159688949584961
1433149802095 0 0.11767979711294174 -0.5883989930152893 10.473502159118652
1433149800194 1 0.11767979711294174 0.0784531980752945 10.277368545532227
1433149802195 0 0.11767979711294174 -0.627625584602356 10.43427562713623
1433149800295 1 -0.0 0.11767979711294174 10.198915481567383
1433149802296 0 0.156906396150589 -0.5491724014282227 10.591181755065918
1433149800396 1 0.03922659903764725 0.0784531980752945 10.238142013549805
1433149802396 0 0.156906396150589 -0.6668521761894226 10.591181755065918
1433149800496 1 0.156906396150589 0.0784531980752945 10.120462417602539
1433149802497 0 0.11767979711294174 -0.5883989930152893 10.473502159118652
1433149800598 1 0.19613298773765564 0.11767979711294174 10.159688949584961
1433149802598 0 0.0784531980752945 -0.627625584602356 10.473502159118652
1433149800699 1 0.19613298773765564 0.0784531980752945 10.159688949584961
1433149802699 0 0.11767979711294174 -0.47071918845176697 10.591181755065918
1433149800800 1 0.11767979711294174 0.0784531980752945 10.159688949584961
1433149802800 0 0.11767979711294174 -0.5491724014282227 10.43427562713623
1433149800902 1 0.11767979711294174 0.11767979711294174 10.395049095153809
1433149802902 0 0.0784531980752945 -0.5883989930152893 10.551955223083496
1433149801003 1 0.23535959422588348 0.19613298773765564 10.277368545532227
1433149803003 0 0.0784531980752945 -0.5883989930152893 10.512728691101074
1433149801105 1 0.11767979711294174 0.11767979711294174 10.198915481567383
1433149803104 0 0.19613298773765564 -0.627625584602356 10.43427562713623
1433149801205 1 0.0784531980752945 0.0784531980752945 10.198915481567383
1433149803205 0 0.11767979711294174 -0.627625584602356 10.473502159118652
1433149801305 1 0.03922659903764725 0.19613298773765564 10.277368545532227
1433149803306 0 0.156906396150589 -0.627625584602356 10.591181755065918
1433149801407 1 0.11767979711294174 0.156906396150589 10.277368545532227
1433149803407 0 0.11767979711294174 -0.7060787677764893 10.43427562713623
1433149801508 1 -0.03922659903764725 0.19613298773765564 10.277368545532227
1433149803509 0 0.156906396150589 -0.5883989930152893 10.512728691101074
1433149801609 1 0.19613298773765564 0.11767979711294174 10.277368545532227
1433149803609 0 0.0784531980752945 -0.5491724014282227 10.473502159118652
1433149801710 1 -0.0 0.11767979711294174 10.277368545532227
1433149803709 0 0.156906396150589 -0.627625584602356 10.551955223083496
1433149801811 1 0.19613298773765564 0.03922659903764725 10.316595077514648
1433149803810 0 0.156906396150589 -0.5883989930152893 10.43427562713623
1433149801912 1 0.23535959422588348 -0.0 10.238142013549805
1433149803910 0 0.19613298773765564 -0.5491724014282227 10.512728691101074
1433149802013 1 0.11767979711294174 0.19613298773765564 10.355822563171387
1433149804010 0 0.156906396150589 -0.627625584602356 10.591181755065918
1433149802114 1 0.11767979711294174 0.03922659903764725 10.277368545532227
1433149804110 0 0.0784531980752945 -0.509945809841156 10.473502159118652
1433149802214 1 0.23535959422588348 0.0784531980752945 10.198915481567383
1433149804211 0 0.11767979711294174 -0.5883989930152893 10.591181755065918
1433149802314 1 0.11767979711294174 0.0784531980752945 10.159688949584961
1433149804312 0 0.156906396150589 -0.6668521761894226 10.551955223083496
1433149802415 1 0.0784531980752945 0.0784531980752945 10.198915481567383
1433149804413 0 0.156906396150589 -0.5883989930152893 10.512728691101074
1433149802517 1 0.11767979711294174 0.23535959422588348 10.159688949584961
1433149804513 0 0.11767979711294174 -0.6668521761894226 10.591181755065918
1433149802617 1 0.03922659903764725 0.11767979711294174 10.198915481567383
1433149804613 0 0.19613298773765564 -0.627625584602356 10.551955223083496
1433149802718 1 0.0784531980752945 0.0784531980752945 10.198915481567383
1433149804714 0 0.156906396150589 -0.6668521761894226 10.512728691101074
1433149802819 1 0.03922659903764725 0.156906396150589 10.238142013549805
1433149804815 0 0.11767979711294174 -0.627625584602356 10.551955223083496
1433149802920 1 0.03922659903764725 0.03922659903764725 10.198915481567383
1433149804916 0 0.156906396150589 -0.627625584602356 10.551955223083496
1433149803021 1 0.11767979711294174 0.0784531980752945 10.355822563171387
1433149805016 0 0.11767979711294174 -0.509945809841156 10.512728691101074
1433149803123 1 0.03922659903764725 0.11767979711294174 10.277368545532227
1433149805117 0 0.0784531980752945 -0.47071918845176697 10.551955223083496
1433149803225 1 0.0784531980752945 0.19613298773765564 10.277368545532227
1433149805218 0 0.11767979711294174 -0.627625584602356 10.551955223083496
1433149803326 1 0.0784531980752945 0.19613298773765564 10.159688949584961
1433149805318 0 0.0784531980752945 -0.5883989930152893 10.512728691101074
1433149803427 1 0.03922659903764725 0.0784531980752945 10.238142013549805
1433149805420 0 0.11767979711294174 -0.5883989930152893 10.551955223083496
1433149803528 1 0.11767979711294174 0.03922659903764725 10.120462417602539
1433149805521 0 0.156906396150589 -0.5491724014282227 10.551955223083496
1433149803628 1 0.156906396150589 0.11767979711294174 10.159688949584961
1433149805620 0 0.03922659903764725 -0.5883989930152893 10.551955223083496
1433149803729 1 0.0784531980752945 0.0784531980752945 10.238142013549805
1433149805720 0 0.11767979711294174 -0.509945809841156 10.551955223083496
1433149803830 1 0.11767979711294174 0.156906396150589 10.277368545532227
1433149805820 0 0.11767979711294174 -0.5883989930152893 10.512728691101074
1433149803931 1 0.156906396150589 0.19613298773765564 10.198915481567383
1433149805920 0 0.156906396150589 -0.6668521761894226 10.551955223083496
1433149804032 1 0.11767979711294174 0.0784531980752945 10.277368545532227
1433149806027 0 0.156906396150589 -0.7060787677764893 10.512728691101074
1433149804133 1 0.156906396150589 0.0784531980752945 10.238142013549805
1433149806127 0 0.11767979711294174 -0.627625584602356 10.512728691101074
1433149804234 1 0.156906396150589 0.19613298773765564 10.277368545532227
1433149806228 0 0.11767979711294174 -0.7453053593635559 10.473502159118652
1433149804335 1 0.11767979711294174 0.03922659903764725 10.159688949584961
1433149806329 0 0.11767979711294174 -0.627625584602356 10.551955223083496
1433149804436 1 0.11767979711294174 0.0784531980752945 10.238142013549805
1433149806429 0 0.156906396150589 -0.5883989930152893 10.512728691101074
1433149804537 1 0.11767979711294174 -0.0 10.159688949584961
1433149806530 0 0.156906396150589 -0.7060787677764893 10.591181755065918
1433149804638 1 0.156906396150589 0.156906396150589 10.277368545532227
1433149806631 0 0.11767979711294174 -0.5883989930152893 10.591181755065918
1433149804739 1 0.156906396150589 0.11767979711294174 10.316595077514648
1433149806730 0 0.156906396150589 -0.509945809841156 10.551955223083496
1433149804840 1 0.156906396150589 0.0784531980752945 10.277368545532227
1433149806830 0 0.11767979711294174 -0.6668521761894226 10.63040828704834
1433149804941 1 0.03922659903764725 0.0784531980752945 10.198915481567383
1433149806930 0 0.11767979711294174 -0.5883989930152893 10.512728691101074
1433149805042 1 0.11767979711294174 0.0784531980752945 10.277368545532227
1433149807030 0 0.11767979711294174 -0.6668521761894226 10.551955223083496
1433149805143 1 0.19613298773765564 0.156906396150589 10.238142013549805
1433149807130 0 0.11767979711294174 -0.6668521761894226 10.473502159118652
1433149805244 1 0.156906396150589 0.23535959422588348 10.316595077514648
1433149807230 0 0.11767979711294174 -0.6668521761894226 10.551955223083496
1433149805346 1 0.19613298773765564 0.0784531980752945 10.238142013549805
1433149807330 0 0.11767979711294174 -0.5883989930152893 10.551955223083496
1433149805447 1 0.11767979711294174 0.03922659903764725 10.120462417602539
1433149807431 0 0.11767979711294174 -0.5883989930152893 10.512728691101074
1433149805548 1 0.0784531980752945 -0.0 10.198915481567383
1433149807532 0 0.11767979711294174 -0.6668521761894226 10.43427562713623
1433149805649 1 0.0784531980752945 0.03922659903764725 10.198915481567383
1433149807633 0 0.156906396150589 -0.627625584602356 10.512728691101074
1433149805750 1 0.03922659903764725 0.11767979711294174 10.316595077514648
1433149807734 0 0.156906396150589 -0.5491724014282227 10.551955223083496
1433149805850 1 0.11767979711294174 0.03922659903764725 10.159688949584961
1433149807835 0 0.156906396150589 -0.5883989930152893 10.512728691101074
1433149805951 1 0.11767979711294174 -0.0 10.159688949584961
1433149807936 0 0.156906396150589 -0.627625584602356 10.551955223083496
1433149806052 1 -0.0784531980752945 0.19613298773765564 10.395049095153809
1433149808036 0 0.0784531980752945 -0.509945809841156 10.591181755065918
1433149806153 1 0.156906396150589 0.0784531980752945 10.198915481567383
1433149808137 0 0.156906396150589 -0.5491724014282227 10.512728691101074
1433149806253 1 0.03922659903764725 0.11767979711294174 10.238142013549805
1433149808238 0 0.0784531980752945 -0.5883989930152893 10.591181755065918
1433149806354 1 0.156906396150589 0.156906396150589 10.081235885620117
1433149808338 0 0.19613298773765564 -0.5491724014282227 10.473502159118652
1433149806455 1 0.03922659903764725 0.156906396150589 10.159688949584961
1433149808438 0 0.156906396150589 -0.5883989930152893 10.591181755065918
1433149806556 1 0.0784531980752945 0.0784531980752945 10.198915481567383
1433149808539 0 0.0784531980752945 -0.627625584602356 10.43427562713623
1433149806658 1 0.11767979711294174 0.0784531980752945 10.159688949584961
1433149808640 0 0.11767979711294174 -0.5883989930152893 10.512728691101074
1433149806758 1 0.0784531980752945 0.156906396150589 10.159688949584961
1433149808741 0 0.11767979711294174 -0.5883989930152893 10.512728691101074
1433149806859 1 0.11767979711294174 0.0784531980752945 10.277368545532227
1433149808842 0 0.156906396150589 -0.627625584602356 10.512728691101074
1433149806961 1 0.11767979711294174 -0.0784531980752945 10.159688949584961
1433149808943 0 0.0784531980752945 -0.509945809841156 10.591181755065918
1433149807062 1 0.156906396150589 0.0784531980752945 10.277368545532227
1433149809044 0 0.0784531980752945 -0.627625584602356 10.473502159118652
1433149807163 1 0.19613298773765564 0.156906396150589 10.198915481567383
1433149809145 0 0.11767979711294174 -0.5883989930152893 10.551955223083496
1433149807264 1 0.11767979711294174 0.03922659903764725 10.316595077514648
1433149809246 0 0.156906396150589 -0.5491724014282227 10.551955223083496
1433149807366 1 0.03922659903764725 0.0784531980752945 10.198915481567383
1433149809349 0 0.156906396150589 -0.5491724014282227 10.591181755065918
1433149807467 1 0.23535959422588348 0.156906396150589 10.198915481567383
1433149809450 0 0.0784531980752945 -0.627625584602356 10.512728691101074
1433149807568 1 0.11767979711294174 0.11767979711294174 10.238142013549805
1433149809549 0 0.03922659903764725 -0.627625584602356 10.473502159118652
1433149807669 1 0.03922659903764725 0.11767979711294174 10.120462417602539
1433149809649 0 0.0784531980752945 -0.5491724014282227 10.551955223083496
1433149807770 1 0.19613298773765564 0.156906396150589 10.198915481567383
