1433149381291 1 617.0
1433149383317 0 575.0
1433149381393 1 617.0
1433149383419 0 575.0
1433149381495 1 617.0
1433149383519 0 575.0
1433149381596 1 617.0
1433149383620 0 575.0
1433149381698 1 617.0
1433149383722 0 575.0
1433149381799 1 617.0
1433149383824 0 575.0
1433149381900 1 617.0
1433149383926 0 575.0
1433149382000 1 617.0
1433149384028 0 575.0
1433149382101 1 617.0
1433149384128 0 575.0
1433149384228 0 575.0
1433149382202 1 617.0
1433149382303 1 617.0
1433149382404 1 617.0
1433149384330 0 575.0
1433149382504 1 617.0
1433149384431 0 575.0
1433149382605 1 617.0
1433149384533 0 575.0
1433149382706 1 617.0
1433149384633 0 575.0
1433149384735 0 575.0
1433149382807 1 505.0
1433149382908 1 182.0
1433149384836 0 575.0
1433149384938 0 575.0
1433149383009 1 50.0
1433149385040 0 575.0
1433149383109 1 20.0
1433149385141 0 575.0
1433149383210 1 14.0
1433149385243 0 575.0
1433149383311 1 9.0
1433149385344 0 575.0
1433149383412 1 6.0
1433149385445 0 575.0
1433149383513 1 3.0
1433149385547 0 575.0
1433149383615 1 3.0
1433149385649 0 575.0
1433149383716 1 3.0
1433149385749 0 575.0
1433149383816 1 3.0
1433149385850 0 575.0
1433149383916 1 6.0
1433149385952 0 532.0
1433149384017 1 10.0
1433149386054 0 533.0
1433149384119 1 12.0
1433149386156 0 533.0
1433149384220 1 13.0
1433149386257 0 519.0
1433149384321 1 15.0
1433149386359 0 533.0
1433149384422 1 10.0
1433149386460 0 561.0
1433149384523 1 6.0
1433149386562 0 561.0
1433149384625 1 5.0
1433149386663 0 561.0
1433149384726 1 5.0
1433149386764 0 561.0
1433149384827 1 5.0
1433149386865 0 561.0
1433149384929 1 5.0
1433149386967 0 561.0
1433149385031 1 5.0
1433149387069 0 561.0
1433149385133 1 5.0
1433149387171 0 561.0
1433149385234 1 5.0
1433149387272 0 561.0
1433149385335 1 5.0
1433149387374 0 561.0
1433149385437 1 5.0
1433149387478 0 561.0
1433149385539 1 5.0
1433149387580 0 561.0
1433149385640 1 5.0
1433149387681 0 561.0
1433149385740 1 5.0
1433149387782 0 561.0
1433149385840 1 5.0
1433149387882 0 561.0
1433149385942 1 5.0
1433149387983 0 561.0
1433149386042 1 5.0
1433149388084 0 561.0
1433149386146 1 5.0
1433149388186 0 561.0
1433149386248 1 5.0
1433149386350 1 5.0
1433149388287 0 561.0
1433149388387 0 561.0
1433149386451 1 5.0
1433149388487 0 561.0
1433149386553 1 5.0
1433149388589 0 561.0
1433149386655 1 5.0
1433149388689 0 561.0
1433149386756 1 5.0
1433149388791 0 561.0
1433149386858 1 5.0
1433149388892 0 561.0
1433149386960 1 5.0
1433149388994 0 561.0
1433149387061 1 5.0
1433149389096 0 561.0
1433149387162 1 5.0
1433149389197 0 561.0
1433149387264 1 5.0
1433149389298 0 561.0
1433149387365 1 5.0
1433149389400 0 561.0
1433149387466 1 5.0
1433149389501 0 561.0
1433149387568 1 5.0
1433149389603 0 561.0
1433149387670 1 5.0
1433149389704 0 561.0
1433149387771 1 5.0
1433149389806 0 561.0
1433149387872 1 5.0
1433149389907 0 561.0
1433149387974 1 5.0
1433149390010 0 561.0
1433149388075 1 5.0
1433149390111 0 561.0
1433149388177 1 5.0
1433149390212 0 561.0
1433149388278 1 5.0
1433149390314 0 561.0
1433149388378 1 5.0
1433149390414 0 561.0
1433149388480 1 5.0
1433149390516 0 561.0
1433149388580 1 5.0
1433149390617 0 561.0
1433149388682 1 5.0
1433149390717 0 561.0
1433149388782 1 12.0
1433149390818 0 322.0
1433149388884 1 269.0
1433149390919 0 195.0
1433149388986 1 603.0
1433149389087 1 603.0
1433149391019 0 546.0
1433149391120 0 546.0
1433149389188 1 603.0
1433149389289 1 603.0
1433149389389 1 603.0
1433149389491 1 603.0
1433149391222 0 546.0
1433149391324 0 546.0
1433149391425 0 546.0
1433149391525 0 546.0
1433149389592 1 603.0
1433149391627 0 546.0
1433149389694 1 603.0
1433149391728 0 546.0
1433149389796 1 603.0
1433149391829 0 546.0
1433149389898 1 603.0
1433149391930 0 546.0
1433149389998 1 603.0
1433149392032 0 546.0
1433149390099 1 603.0
1433149392134 0 546.0
1433149390200 1 603.0
1433149392236 0 546.0
1433149390302 1 603.0
1433149392337 0 546.0
1433149390403 1 603.0
1433149390506 1 603.0
1433149392438 0 546.0
1433149390608 1 603.0
1433149392538 0 546.0
1433149392639 0 546.0
1433149390710 1 603.0
1433149392740 0 546.0
1433149390811 1 603.0
1433149392840 0 546.0
1433149390913 1 603.0
1433149392941 0 546.0
1433149391015 1 603.0
1433149393042 0 546.0
1433149391116 1 603.0
1433149393143 0 546.0
1433149391217 1 603.0
1433149393244 0 546.0
1433149391319 1 603.0
1433149393346 0 546.0
1433149391419 1 603.0
1433149393448 0 546.0
1433149391521 1 603.0
1433149393550 0 546.0
1433149391622 1 603.0
1433149393650 0 546.0
1433149391724 1 603.0
1433149393751 0 546.0
1433149391826 1 603.0
1433149393852 0 546.0
1433149391928 1 603.0
1433149393953 0 546.0
1433149392030 1 603.0
1433149394054 0 546.0
1433149392129 1 603.0
1433149394156 0 546.0
1433149392229 1 603.0
1433149394258 0 546.0
1433149392329 1 603.0
1433149394359 0 546.0
1433149392429 1 603.0
1433149394460 0 546.0
1433149392529 1 603.0
1433149394561 0 546.0
1433149392629 1 603.0
1433149394663 0 546.0
1433149392729 1 603.0
1433149394764 0 546.0
1433149392830 1 603.0
1433149394865 0 546.0
1433149392932 1 603.0
1433149394967 0 546.0
1433149393034 1 603.0
1433149395067 0 546.0
1433149393136 1 603.0
1433149395169 0 546.0
1433149393237 1 603.0
1433149395271 0 546.0
1433149395373 0 546.0
1433149393337 1 603.0
1433149393438 1 603.0
1433149395473 0 546.0
1433149393538 1 603.0
1433149395574 0 546.0
1433149393638 1 603.0
1433149395676 0 546.0
1433149393739 1 603.0
1433149395777 0 546.0
1433149393841 1 603.0
1433149395878 0 546.0
1433149393941 1 603.0
1433149395980 0 546.0
1433149394042 1 603.0
1433149396081 0 546.0
1433149394144 1 603.0
1433149396182 0 546.0
1433149394247 1 603.0
1433149396282 0 546.0
1433149394349 1 603.0
1433149396383 0 546.0
1433149394450 1 603.0
1433149396484 0 546.0
1433149394552 1 603.0
1433149396584 0 546.0
1433149394654 1 603.0
1433149396685 0 546.0
1433149394755 1 603.0
1433149396786 0 546.0
1433149394857 1 603.0
1433149396886 0 546.0
1433149394958 1 603.0
1433149396987 0 546.0
1433149395058 1 603.0
1433149397088 0 546.0
1433149395161 1 603.0
1433149397189 0 546.0
1433149395263 1 603.0
1433149397290 0 546.0
1433149395365 1 603.0
1433149397391 0 546.0
1433149395467 1 603.0
1433149397493 0 546.0
1433149395569 1 603.0
1433149397594 0 546.0
1433149395670 1 603.0
1433149397696 0 546.0
1433149395771 1 603.0
1433149397798 0 546.0
1433149395873 1 603.0
1433149397899 0 279.0
1433149395976 1 603.0
1433149398001 0 97.0
1433149396076 1 603.0
1433149398102 0 75.0
1433149396177 1 603.0
1433149398203 0 47.0
1433149396279 1 603.0
1433149398305 0 38.0
1433149396379 1 603.0
1433149398406 0 34.0
1433149396481 1 603.0
1433149398507 0 31.0
1433149396581 1 603.0
1433149398609 0 27.0
1433149396683 1 603.0
1433149398710 0 27.0
1433149396784 1 603.0
1433149398811 0 26.0
1433149396886 1 603.0
1433149398912 0 19.0
1433149399013 0 19.0
1433149396986 1 603.0
1433149397086 1 603.0
1433149399114 0 15.0
1433149399215 0 12.0
1433149397187 1 603.0
1433149399317 0 9.0
1433149397289 1 603.0
1433149397389 1 603.0
1433149399417 0 9.0
1433149397491 1 603.0
1433149399518 0 9.0
1433149397592 1 603.0
1433149399619 0 12.0
1433149399720 0 12.0
1433149397692 1 603.0
1433149397793 1 603.0
1433149399821 0 11.0
1433149397896 1 603.0
1433149399922 0 11.0
1433149397996 1 603.0
1433149400024 0 11.0
1433149398097 1 603.0
1433149400124 0 11.0
1433149398198 1 603.0
1433149400225 0 11.0
1433149398299 1 603.0
1433149400327 0 11.0
1433149398399 1 603.0
1433149400428 0 11.0
1433149400529 0 11.0
1433149398502 1 603.0
1433149400630 0 11.0
1433149398604 1 603.0
1433149400731 0 11.0
1433149398705 1 603.0
1433149400832 0 11.0
1433149398805 1 603.0
1433149398907 1 603.0
1433149400933 0 11.0
1433149399007 1 603.0
1433149401035 0 11.0
1433149399108 1 603.0
1433149401136 0 11.0
1433149399208 1 603.0
1433149401237 0 11.0
1433149399311 1 603.0
1433149401338 0 11.0
1433149399412 1 603.0
1433149401439 0 11.0
1433149399514 1 603.0
1433149401539 0 11.0
1433149399616 1 603.0
1433149401641 0 11.0
1433149399717 1 603.0
1433149401740 0 11.0
1433149401840 0 9.0
1433149399817 1 603.0
1433149399919 1 603.0
1433149401941 0 9.0
1433149400019 1 603.0
1433149402042 0 9.0
1433149400119 1 603.0
1433149402143 0 9.0
1433149400220 1 603.0
1433149402244 0 9.0
1433149400320 1 603.0
1433149402345 0 9.0
1433149400422 1 603.0
1433149402447 0 9.0
1433149400524 1 603.0
1433149402548 0 9.0
1433149400626 1 603.0
1433149402649 0 9.0
1433149400727 1 603.0
1433149402750 0 9.0
1433149400828 1 603.0
1433149402850 0 9.0
1433149400930 1 603.0
1433149402951 0 9.0
1433149401032 1 603.0
1433149403052 0 9.0
1433149401132 1 603.0
1433149403153 0 9.0
1433149401234 1 603.0
1433149403254 0 9.0
1433149401335 1 603.0
1433149403357 0 9.0
1433149401437 1 603.0
1433149403458 0 9.0
1433149401539 1 603.0
1433149403558 0 9.0
1433149401639 1 603.0
1433149403658 0 9.0
1433149401739 1 603.0
1433149403759 0 9.0
1433149401841 1 603.0
1433149403859 0 9.0
1433149401942 1 603.0
1433149403959 0 9.0
1433149402043 1 603.0
1433149404063 0 9.0
1433149402144 1 603.0
1433149404164 0 85.0
1433149402245 1 575.0
1433149404264 0 466.0
1433149402347 1 603.0
1433149404364 0 911.0
1433149404465 0 560.0
1433149402447 1 603.0
1433149404566 0 560.0
1433149402548 1 603.0
1433149402650 1 603.0
1433149404667 0 560.0
1433149402751 1 603.0
1433149404767 0 560.0
1433149402853 1 603.0
1433149404869 0 560.0
1433149402955 1 603.0
1433149404971 0 560.0
1433149403057 1 603.0
1433149405073 0 560.0
1433149403159 1 603.0
1433149405175 0 560.0
1433149403260 1 603.0
1433149405277 0 560.0
1433149403362 1 603.0
1433149405378 0 560.0
1433149405478 0 560.0
1433149403462 1 603.0
1433149405579 0 560.0
1433149403564 1 603.0
1433149403665 1 603.0
1433149405679 0 560.0
1433149403766 1 603.0
1433149405781 0 560.0
1433149403868 1 603.0
1433149405882 0 560.0
1433149403970 1 603.0
1433149405982 0 560.0
1433149404073 1 603.0
1433149406082 0 560.0
1433149404177 1 603.0
1433149406184 0 560.0
1433149404279 1 603.0
1433149406285 0 560.0
1433149404379 1 603.0
1433149406386 0 560.0
1433149404481 1 603.0
1433149406488 0 560.0
1433149404581 1 603.0
1433149406588 0 560.0
1433149404683 1 603.0
1433149406689 0 560.0
1433149404783 1 603.0
1433149406791 0 560.0
1433149404885 1 603.0
1433149406892 0 560.0
1433149404986 1 603.0
1433149406992 0 560.0
1433149405086 1 603.0
1433149407094 0 560.0
1433149405187 1 603.0
1433149407196 0 560.0
1433149405289 1 603.0
1433149407296 0 560.0
1433149405390 1 603.0
1433149407397 0 560.0
1433149405492 1 603.0
1433149407499 0 560.0
1433149405593 1 603.0
1433149407601 0 560.0
1433149405694 1 603.0
1433149407703 0 560.0
1433149405795 1 603.0
1433149407806 0 560.0
1433149405897 1 603.0
1433149407907 0 560.0
1433149405998 1 603.0
1433149408009 0 560.0
1433149406099 1 603.0
1433149408111 0 560.0
1433149406200 1 603.0
1433149408213 0 560.0
1433149406302 1 603.0
1433149408313 0 560.0
1433149406403 1 603.0
1433149408414 0 560.0
1433149406503 1 603.0
1433149408515 0 560.0
1433149408617 0 560.0
1433149406606 1 603.0
1433149408719 0 560.0
1433149406708 1 603.0
1433149406808 1 603.0
1433149406910 1 603.0
1433149408821 0 560.0
1433149407011 1 603.0
1433149408922 0 560.0
1433149407113 1 603.0
1433149409023 0 560.0
1433149409125 0 560.0
1433149409226 0 560.0
1433149407215 1 603.0
1433149407315 1 603.0
1433149407416 1 603.0
1433149409328 0 560.0
1433149409430 0 560.0
1433149407517 1 603.0
1433149409531 0 560.0
1433149407619 1 603.0
1433149407720 1 603.0
1433149409631 0 560.0
1433149407821 1 603.0
1433149409732 0 560.0
1433149407923 1 603.0
1433149409834 0 560.0
1433149408024 1 603.0
1433149409936 0 560.0
1433149408126 1 603.0
1433149410036 0 560.0
1433149408228 1 603.0
1433149410136 0 560.0
1433149408330 1 603.0
1433149410237 0 560.0
1433149408431 1 603.0
1433149410339 0 560.0
1433149408533 1 603.0
1433149410439 0 560.0
1433149408635 1 603.0
1433149410541 0 560.0
1433149410642 0 560.0
1433149408737 1 603.0
1433149408838 1 603.0
1433149410743 0 560.0
1433149410844 0 560.0
1433149408940 1 603.0
1433149410944 0 560.0
1433149409041 1 603.0
1433149409143 1 603.0
1433149411045 0 560.0
1433149411146 0 560.0
1433149409244 1 603.0
1433149411248 0 560.0
1433149411348 0 560.0
1433149409345 1 603.0
1433149409445 1 603.0
1433149411449 0 560.0
1433149409546 1 561.0
1433149411549 0 560.0
1433149409648 1 181.0
1433149409749 1 143.0
1433149411649 0 448.0
1433149409850 1 911.0
1433149411749 0 223.0
1433149411850 0 220.0
1433149409952 1 631.0
1433149411951 0 560.0
1433149410054 1 631.0
1433149410155 1 631.0
1433149412052 0 560.0
1433149410257 1 631.0
1433149412153 0 560.0
1433149410358 1 631.0
1433149412253 0 560.0
1433149412354 0 560.0
1433149410461 1 631.0
1433149412455 0 560.0
1433149410563 1 631.0
1433149412556 0 560.0
1433149410665 1 631.0
1433149412657 0 560.0
1433149410766 1 631.0
1433149412758 0 476.0
1433149410867 1 575.0
1433149412859 0 195.0
1433149410968 1 97.0
1433149412960 0 490.0
1433149411069 1 46.0
1433149413060 0 533.0
1433149411171 1 41.0
1433149413160 0 533.0
1433149411272 1 31.0
1433149413260 0 533.0
1433149411373 1 24.0
1433149413360 0 533.0
1433149411475 1 24.0
1433149413460 0 533.0
1433149411577 1 24.0
1433149413561 0 533.0
1433149411679 1 22.0
1433149413662 0 533.0
1433149413762 0 533.0
1433149411780 1 20.0
1433149411880 1 19.0
1433149413863 0 533.0
1433149411981 1 19.0
1433149413964 0 533.0
1433149412082 1 20.0
1433149414065 0 533.0
1433149412183 1 20.0
1433149414166 0 533.0
1433149412285 1 20.0
1433149414267 0 533.0
1433149412386 1 19.0
1433149414367 0 533.0
1433149412487 1 13.0
1433149414468 0 533.0
1433149412589 1 12.0
1433149414569 0 561.0
1433149412690 1 12.0
1433149414670 0 561.0
1433149412792 1 10.0
1433149414771 0 561.0
1433149412893 1 10.0
1433149414872 0 561.0
1433149412995 1 10.0
1433149414972 0 561.0
1433149413099 1 13.0
1433149415073 0 561.0
1433149413200 1 19.0
1433149415174 0 561.0
1433149413301 1 19.0
1433149415274 0 561.0
1433149413402 1 16.0
1433149415374 0 561.0
1433149413504 1 16.0
1433149415476 0 561.0
1433149413607 1 14.0
1433149415576 0 561.0
1433149413709 1 14.0
1433149415677 0 561.0
1433149413810 1 14.0
1433149415778 0 561.0
1433149413912 1 14.0
1433149415879 0 561.0
1433149414014 1 14.0
1433149415979 0 561.0
1433149414114 1 14.0
1433149416079 0 561.0
1433149414216 1 14.0
1433149416180 0 561.0
