1432848407094 1 1.0
1432848409226 0 4.0
1432848407293 1 1.0
1432848407493 1 1.0
1432848407693 1 1.0
1432848407894 1 1.0
1432848409434 0 5.0
1432848409798 0 2.0
1432848408094 1 1.0
1432848408294 1 2.0
1432848409952 0 3.0
1432848408494 1 3.0
1432848410106 0 7.0
1432848410265 0 12.0
1432848410421 0 15.0
1432848408694 1 3.0
1432848410680 0 15.0
1432848408894 1 3.0
1432848410888 0 18.0
1432848409093 1 3.0
1432848411093 0 20.0
1432848409293 1 2.0
1432848409493 1 2.0
1432848411407 0 21.0
1432848409694 1 3.0
1432848411822 0 15.0
1432848409894 1 3.0
1432848410094 1 3.0
1432848412081 0 15.0
1432848410294 1 3.0
1432848410493 1 3.0
1432848412601 0 13.0
1432848410693 1 3.0
1432848412808 0 11.0
1432848410894 1 3.0
1432848411093 1 2.0
1432848413068 0 10.0
1432848411293 1 2.0
1432848413274 0 10.0
1432848413430 0 8.0
1432848411494 1 2.0
1432848411694 1 2.0
1432848411894 1 2.0
1432848412094 1 2.0
1432848412294 1 1.0
1432848412494 1 1.0
1432848414054 0 5.0
1432848414209 0 5.0
1432848412694 1 1.0
1432848414417 0 6.0
1432848412894 1 1.0
1432848413094 1 1.0
1432848413293 1 1.0
1432848415866 0 3.0
1432848413494 1 1.0
1432848413694 1 1.0
1432848413894 1 1.0
1432848414094 1 1.0
1432848414294 1 1.0
1432848416078 0 3.0
1432848414493 1 1.0
1432848414694 1 1.0
1432848414893 1 1.0
1432848416597 0 3.0
1432848416750 0 6.0
1432848416909 0 5.0
1432848415093 1 1.0
1432848415294 1 1.0
1432848415494 1 1.0
1432848415693 1 1.0
1432848415894 1 1.0
1432848416094 1 1.0
1432848416294 1 1.0
1432848416494 1 1.0
1432848416693 1 1.0
1432848419295 0 2.0
1432848416893 1 1.0
1432848417093 1 1.0
1432848417293 1 1.0
1432848417494 1 0.0
1432848417694 1 1.0
1432848419452 0 2.0
1432848417894 1 1.0
1432848419606 0 2.0
1432848418094 1 1.0
1432848418294 1 1.0
1432848419867 0 2.0
1432848418494 1 1.0
1432848418693 1 1.0
1432848420382 0 2.0
1432848418893 1 1.0
1432848421164 0 2.0
1432848419094 1 1.0
1432848419294 1 1.0
1432848419493 1 1.0
1432848419694 1 1.0
1432848419894 1 1.0
1432848420094 1 1.0
1432848420294 1 1.0
1432848420493 1 1.0
1432848422877 0 2.0
1432848420693 1 1.0
1432848420893 1 1.0
1432848421094 1 1.0
1432848423241 0 2.0
1432848421294 1 1.0
1432848421494 1 1.0
1432848423447 0 2.0
1432848421694 1 1.0
1432848421894 1 1.0
1432848423653 0 2.0
1432848422094 1 1.0
1432848422294 1 1.0
1432848424484 0 2.0
1432848422494 1 1.0
1432848422694 1 0.0
1432848422893 1 0.0
1432848423094 1 0.0
1432848424690 0 2.0
1432848424850 0 2.0
1432848423294 1 0.0
1432848423493 1 0.0
1432848423694 1 0.0
1432848425005 0 2.0
1432848425212 0 2.0
1432848423894 1 0.0
1432848424093 1 0.0
1432848424293 1 0.0
1432848424494 1 0.0
1432848424694 1 0.0
1432848424894 1 0.0
1432848425094 1 0.0
1432848425294 1 0.0
1432848425494 1 1.0
1432848427755 0 2.0
1432848425693 1 0.0
1432848425894 1 0.0
1432848426093 1 1.0
1432848428013 0 2.0
1432848428172 0 2.0
1432848426293 1 1.0
1432848426494 1 1.0
1432848426694 1 1.0
1432848428587 0 2.0
1432848426894 1 1.0
1432848427094 1 1.0
1432848428898 0 2.0
1432848427294 1 1.0
1432848427494 1 1.0
1432848427694 1 1.0
1432848427894 1 1.0
1432848428094 1 1.0
1432848428293 1 1.0
1432848430144 0 2.0
1432848428493 1 0.0
1432848428693 1 1.0
1432848430300 0 4.0
1432848430456 0 4.0
1432848430715 0 5.0
1432848428893 1 1.0
1432848429093 1 1.0
1432848429293 1 1.0
1432848429493 1 1.0
1432848431390 0 3.0
1432848431546 0 2.0
1432848431805 0 4.0
1432848431958 0 5.0
1432848429693 1 1.0
1432848429893 1 1.0
1432848430093 1 1.0
1432848430293 1 1.0
1432848430493 1 0.0
1432848430694 1 1.0
1432848432426 0 2.0
1432848430894 1 1.0
1432848431093 1 1.0
1432848431293 1 1.0
1432848432636 0 2.0
1432848432790 0 6.0
1432848432948 0 5.0
1432848431494 1 1.0
1432848431694 1 1.0
1432848431894 1 1.0
1432848432094 1 1.0
1432848432294 1 1.0
1432848432494 1 1.0
1432848434868 0 5.0
1432848432694 1 1.0
1432848432893 1 2.0
1432848433093 1 4.0
1432848435123 0 4.0
1432848433294 1 4.0
1432848433494 1 5.0
1432848435439 0 4.0
1432848433694 1 6.0
1432848433894 1 7.0
1432848434094 1 35.0
1432848434294 1 48.0
1432848434494 1 30.0
1432848435109 1 18.0
1432848435109 1 24.0
1432848435109 1 25.0
1432848435294 1 24.0
1432848435493 1 24.0
1432848435693 1 25.0
1432848435893 1 25.0
1432848436094 1 26.0
