1433018776466 1 1.0
1433018776566 1 1.0
1433018776667 1 1.0
1433018776767 1 1.0
1433018776867 1 1.0
1433018776967 1 1.0
1433018777067 1 1.0
1433018777168 1 1.0
1433018777268 1 1.0
1433018777368 1 1.0
1433018777469 1 1.0
1433018777569 1 1.0
1433018777669 1 1.0
1433018777769 1 1.0
1433018777870 1 1.0
1433018777970 1 1.0
1433018778070 1 1.0
1433018778170 1 1.0
1433018778270 1 1.0
1433018778370 1 2.0
1433018778470 1 4.0
1433018778570 1 6.0
1433018778670 1 14.0
1433018778770 1 18.0
1433018778870 1 19.0
1433018778970 1 19.0
1433018779070 1 19.0
1433018779171 1 19.0
1433018779270 1 19.0
1433018779370 1 19.0
1433018779470 1 19.0
1433018779570 1 19.0
1433018779670 1 19.0
1433018779770 1 19.0
1433018779870 1 18.0
1433018779971 1 19.0
1433018780071 1 19.0
1433018780171 1 19.0
1433018780272 1 19.0
1433018780372 1 19.0
1433018780472 1 19.0
1433018780572 1 18.0
1433018780672 1 18.0
1433018780772 1 18.0
1433018780872 1 18.0
1433018780973 1 17.0
1433018781073 1 8.0
1433018781173 1 3.0
1433018781274 1 3.0
1433018781373 1 3.0
1433018781473 1 4.0
1433018781573 1 4.0
1433018781674 1 4.0
1433018781773 1 5.0
1433018781873 1 11.0
1433018781973 1 13.0
1433018782074 1 4.0
1433018782173 1 3.0
1433018782273 1 3.0
1433018782373 1 3.0
1433018782473 1 3.0
1433018782574 1 3.0
1433018782675 1 3.0
1433018782778 1 3.0
1433018782875 1 3.0
1433018782976 1 3.0
1433018783076 1 3.0
1433018783176 1 3.0
1433018783276 1 3.0
1433018783377 1 3.0
1433018783478 1 3.0
1433018783579 1 3.0
1433018783680 1 3.0
1433018783780 1 3.0
1433018783880 1 3.0
1433018783980 1 3.0
1433018784080 1 3.0
1433018784180 1 3.0
1433018784280 1 3.0
1433018784381 1 3.0
1433018784481 1 3.0
1433018784581 1 3.0
1433018784681 1 3.0
1433018784781 1 3.0
1433018784882 1 3.0
1433018784982 1 3.0
1433018785082 1 3.0
1433018785183 1 3.0
1433018785283 1 3.0
1433018785383 1 3.0
1433018785484 1 3.0
1433018785584 1 3.0
1433018785684 1 3.0
1433018785784 1 3.0
1433018785885 1 3.0
1433018785985 1 3.0
1433018786086 1 3.0
1433018786186 1 3.0
1433018786287 1 3.0
1433018786387 1 3.0
1433018786487 1 3.0
1433018786587 1 3.0
1433018786688 1 3.0
1433018786788 1 3.0
1433018786888 1 3.0
1433018786988 1 3.0
1433018787088 1 3.0
1433018787189 1 3.0
1433018787289 1 3.0
1433018787389 1 3.0
1433018787490 1 3.0
1433018787590 1 3.0
1433018787690 1 3.0
1433018787790 1 3.0
1433018787891 1 3.0
1433018787991 1 3.0
1433018788091 1 3.0
1433018788191 1 3.0
1433018788291 1 3.0
1433018788392 1 3.0
1433018788492 1 3.0
1433018788593 1 3.0
1433018788693 1 3.0
1433018788793 1 3.0
1433018788893 1 3.0
1433018788993 1 3.0
1433018789094 1 3.0
1433018789194 1 3.0
1433018789294 1 3.0
1433018789394 1 3.0
1433018789495 1 3.0
1433018789595 1 3.0
1433018789695 1 3.0
1433018789795 1 3.0
1433018789895 1 3.0
1433018789996 1 3.0
1433018790095 1 3.0
1433018790195 1 3.0
1433018790295 1 3.0
1433018790398 1 3.0
1433018790498 1 3.0
1433018790598 1 3.0
1433018790698 1 3.0
1433018790798 1 3.0
1433018790899 1 3.0
1433018790999 1 3.0
1433018791099 1 3.0
1433018791200 1 3.0
1433018791300 1 3.0
1433018791401 1 3.0
1433018791501 1 3.0
1433018791601 1 3.0
1433018791701 1 3.0
1433018791802 1 3.0
1433018791902 1 3.0
1433018792003 1 3.0
1433018792103 1 3.0
1433018792203 1 3.0
1433018792303 1 3.0
1433018792403 1 3.0
1433018792503 1 3.0
1433018792604 1 3.0
1433018792704 1 3.0
1433018792804 1 3.0
1433018792905 1 3.0
1433018793005 1 3.0
1433018793105 1 3.0
1433018793205 1 3.0
1433018793306 1 3.0
1433018793405 1 3.0
1433018793506 1 3.0
1433018793606 1 3.0
1433018793706 1 3.0
1433018793806 1 3.0
1433018793907 1 3.0
1433018794007 1 3.0
1433018794107 1 3.0
1433018794207 1 3.0
1433018794307 1 3.0
1433018794408 1 3.0
1433018794508 1 3.0
1433018794608 1 3.0
1433018794708 1 3.0
1433018794809 1 3.0
1433018794909 1 3.0
1433018795009 1 3.0
1433018795110 1 3.0
1433018795210 1 3.0
1433018795311 1 3.0
1433018795411 1 3.0
1433018795511 1 3.0
1433018795611 1 3.0
1433018795711 1 3.0
1433018795812 1 3.0
1433018795912 1 3.0
1433018796012 1 3.0
1433018796112 1 3.0
1433018796212 1 3.0
1433018796312 1 3.0
1433018796412 1 3.0
1433018796512 1 3.0
1433018796612 1 3.0
1433018796713 1 3.0
1433018796812 1 3.0
1433018796913 1 3.0
1433018797013 1 3.0
1433018797114 1 3.0
1433018797214 1 3.0
1433018797314 1 3.0
1433018797417 1 3.0
1433018797515 1 3.0
1433018797618 1 3.0
1433018797718 1 3.0
1433018797818 1 3.0
1433018797918 1 3.0
1433018798018 1 3.0
1433018798118 1 3.0
1433018798218 1 3.0
1433018798319 1 3.0
1433018798420 1 3.0
1433018798521 1 3.0
1433018798621 1 3.0
1433018798721 1 3.0
1433018798821 1 3.0
1433018798921 1 3.0
1433018799022 1 3.0
1433018799122 1 3.0
1433018799223 1 3.0
1433018799323 1 3.0
1433018799423 1 3.0
1433018799523 1 3.0
1433018799623 1 3.0
1433018799723 1 3.0
1433018799823 1 3.0
1433018799924 1 3.0
1433018800024 1 3.0
1433018800124 1 3.0
1433018800224 1 3.0
1433018800324 1 3.0
1433018800425 1 3.0
1433018800525 1 3.0
1433018800625 1 3.0
1433018800726 1 3.0
1433018800825 1 3.0
1433018800926 1 3.0
1433018801026 1 3.0
1433018801126 1 3.0
1433018801226 1 3.0
1433018801326 1 3.0
1433018801428 1 3.0
1433018801528 1 3.0
1433018801629 1 3.0
1433018801729 1 3.0
1433018801829 1 3.0
1433018801930 1 3.0
1433018802030 1 3.0
1433018802131 1 3.0
1433018802231 1 3.0
1433018802332 1 3.0
1433018802432 1 3.0
1433018802532 1 3.0
1433018802632 1 3.0
1433018802732 1 3.0
1433018802833 1 3.0
1433018802932 1 3.0
1433018803033 1 3.0
1433018803133 1 3.0
1433018803234 1 3.0
1433018803334 1 3.0
1433018803434 1 3.0
1433018803535 1 3.0
1433018803635 1 3.0
1433018803735 1 3.0
1433018803835 1 3.0
1433018803935 1 3.0
1433018804036 1 3.0
1433018804136 1 3.0
1433018804236 1 3.0
1433018804336 1 3.0
1433018804436 1 3.0
1433018804536 1 3.0
1433018804636 1 3.0
1433018804736 1 3.0
1433018804837 1 3.0
1433018804937 1 3.0
1433018805038 1 3.0
1433018805138 1 3.0
1433018805239 1 3.0
1433018805339 1 3.0
1433018805439 1 3.0
1433018805539 1 3.0
1433018805639 1 3.0
1433018805740 1 3.0
1433018805840 1 3.0
1433018805940 1 3.0
1433018806040 1 3.0
1433018806141 1 3.0
1433018806241 1 3.0
1433018806341 1 3.0
1433018806442 1 3.0
1433018806542 1 3.0
1433018806643 1 3.0
1433018806743 1 3.0
1433018806845 1 3.0
1433018806945 1 3.0
1433018807045 1 3.0
1433018807145 1 3.0
1433018807246 1 3.0
1433018807345 1 3.0
1433018807446 1 3.0
1433018807546 1 3.0
1433018807646 1 3.0
