1432907073305 1 648.0
1432907073463 1 632.0
1432907077228 1 618.0
1432907077595 1 98.0
1432907077751 1 50.0
1432907077907 1 19.0
1432907078065 1 6.0
1432907078378 1 6.0
1432907079955 0 688.0
1432907079633 1 514.0
1432907079792 1 618.0
1432907080474 0 393.0
1432907080630 0 15.0
1432907080786 0 20.0
1432907080994 0 26.0
1432907081201 0 34.0
1432907081462 0 38.0
1432907082034 0 34.0
1432907082449 0 34.0
1432907083126 0 33.0
1432907083593 0 29.0
1432907084632 0 26.0
1432907085700 1 660.0
1432907086503 0 24.0
1432907086659 0 22.0
1432907086815 0 24.0
1432907086380 1 491.0
1432907086971 0 26.0
1432907087386 0 26.0
1432907087595 0 34.0
1432907087750 0 52.0
1432907087164 1 534.0
1432907087906 0 64.0
1432907087373 1 604.0
1432907088115 0 80.0
1432907088738 0 62.0
1432907088785 1 646.0
1432907089569 0 57.0
1432907089725 0 57.0
1432907089933 0 62.0
1432907089517 1 590.0
1432907090041 1 660.0
1432907090406 1 576.0
1432907091440 0 19.0
1432907091595 0 553.0
1432907090929 1 491.0
1432907091751 0 463.0
1432907091138 1 379.0
1432907091907 0 323.0
1432907091297 1 491.0
1432907092064 0 505.0
1432907091505 1 519.0
1432907092219 0 632.0
1432907092376 0 660.0
1432907092843 0 646.0
