1433154675282 1 561.0
1433154677319 0 533.0
1433154675565 1 560.0
1433154675633 0 645.0
1433154675384 1 561.0
1433154677420 0 533.0
1433154675665 1 560.0
1433154675735 0 645.0
1433154675484 1 561.0
1433154677522 0 533.0
1433154675766 1 560.0
1433154675836 0 645.0
1433154675587 1 561.0
1433154677622 0 533.0
1433154675867 1 560.0
1433154675938 0 645.0
1433154675688 1 561.0
1433154677724 0 533.0
1433154675967 1 560.0
1433154676039 0 645.0
1433154675790 1 561.0
1433154676067 1 560.0
1433154677826 0 533.0
1433154676140 0 645.0
1433154675892 1 561.0
1433154676167 1 560.0
1433154677928 0 533.0
1433154676241 0 645.0
1433154675992 1 561.0
1433154676267 1 560.0
1433154678030 0 533.0
1433154676343 0 645.0
1433154676094 1 561.0
1433154676367 1 560.0
1433154678130 0 533.0
1433154676444 0 645.0
1433154676194 1 561.0
1433154676467 1 560.0
1433154678232 0 533.0
1433154676546 0 645.0
1433154676295 1 561.0
1433154676567 1 560.0
1433154678334 0 533.0
1433154676647 0 645.0
1433154676397 1 561.0
1433154676667 1 560.0
1433154678437 0 533.0
1433154676749 0 645.0
1433154676499 1 561.0
1433154676767 1 560.0
1433154678538 0 533.0
1433154676849 0 645.0
1433154676600 1 561.0
1433154676868 1 560.0
1433154678641 0 533.0
1433154676949 0 645.0
1433154676702 1 561.0
1433154676968 1 560.0
1433154678743 0 533.0
1433154677050 0 645.0
1433154676803 1 561.0
1433154677068 1 560.0
1433154678845 0 533.0
1433154677152 0 645.0
1433154676905 1 561.0
1433154677168 1 560.0
1433154677253 0 645.0
1433154677006 1 561.0
1433154677268 1 560.0
1433154678945 0 533.0
1433154679046 0 533.0
1433154677356 0 645.0
1433154677107 1 561.0
1433154677368 1 560.0
1433154679147 0 533.0
1433154677458 0 645.0
1433154677208 1 561.0
1433154677468 1 560.0
1433154679249 0 533.0
1433154677558 0 645.0
1433154677310 1 561.0
1433154677568 1 560.0
1433154679350 0 533.0
1433154677659 0 645.0
1433154677411 1 561.0
1433154677668 1 560.0
1433154679451 0 533.0
1433154677760 0 645.0
1433154677513 1 561.0
1433154677768 1 560.0
1433154679552 0 533.0
1433154677860 0 645.0
1433154677614 1 561.0
1433154677869 1 560.0
1433154679654 0 533.0
1433154677961 0 645.0
1433154677716 1 561.0
1433154677969 1 560.0
1433154679756 0 533.0
1433154678062 0 645.0
1433154677818 1 561.0
1433154678070 1 560.0
1433154679857 0 533.0
1433154678163 0 645.0
1433154677920 1 561.0
1433154678170 1 560.0
1433154679959 0 533.0
1433154678265 0 645.0
1433154678021 1 561.0
1433154678271 1 560.0
1433154680061 0 533.0
1433154678367 0 645.0
1433154678121 1 561.0
1433154678371 1 560.0
1433154680163 0 533.0
1433154678469 0 645.0
1433154678222 1 561.0
1433154678472 1 560.0
1433154680264 0 533.0
1433154678571 0 645.0
1433154678322 1 561.0
1433154678572 1 560.0
1433154680367 0 533.0
1433154678672 0 645.0
1433154678423 1 561.0
1433154678673 1 560.0
1433154680468 0 533.0
1433154678773 0 645.0
1433154678523 1 561.0
1433154678773 1 560.0
1433154680569 0 533.0
1433154678874 0 645.0
1433154678623 1 561.0
1433154678874 1 560.0
1433154680671 0 533.0
1433154678976 0 645.0
1433154678723 1 561.0
1433154678974 1 560.0
1433154680771 0 533.0
1433154679078 0 645.0
1433154678825 1 561.0
1433154679075 1 560.0
1433154680873 0 533.0
1433154679179 0 645.0
1433154678927 1 561.0
1433154679175 1 560.0
1433154680974 0 533.0
1433154679281 0 645.0
1433154679029 1 561.0
1433154679275 1 560.0
1433154681076 0 533.0
1433154679383 0 645.0
1433154679130 1 561.0
1433154679375 1 560.0
1433154681178 0 533.0
1433154679485 0 645.0
1433154679232 1 561.0
1433154679475 1 560.0
1433154681279 0 533.0
1433154679587 0 645.0
1433154679334 1 561.0
1433154679575 1 560.0
1433154681379 0 533.0
1433154679689 0 645.0
1433154679435 1 561.0
1433154679675 1 560.0
1433154681481 0 533.0
1433154679791 0 645.0
1433154679537 1 561.0
1433154679775 1 560.0
1433154681582 0 533.0
1433154679892 0 645.0
1433154679639 1 561.0
1433154679876 1 560.0
1433154681683 0 533.0
1433154679994 0 645.0
1433154679740 1 561.0
1433154679976 1 560.0
1433154681784 0 533.0
1433154680096 0 645.0
1433154679841 1 561.0
1433154680076 1 560.0
1433154681885 0 533.0
1433154680197 0 645.0
1433154679942 1 561.0
1433154680176 1 560.0
1433154681987 0 533.0
1433154680298 0 645.0
1433154680044 1 561.0
1433154680276 1 560.0
1433154682088 0 533.0
1433154680399 0 645.0
1433154680146 1 561.0
1433154680376 1 560.0
1433154682190 0 533.0
1433154680501 0 645.0
1433154680248 1 561.0
1433154680477 1 560.0
1433154682290 0 533.0
1433154680604 0 645.0
1433154680350 1 561.0
1433154680576 1 560.0
1433154682391 0 533.0
1433154680705 0 645.0
1433154680451 1 561.0
1433154680676 1 560.0
1433154682493 0 533.0
1433154680807 0 645.0
1433154680551 1 561.0
1433154680777 1 560.0
1433154682594 0 533.0
1433154680907 0 645.0
1433154680877 1 560.0
1433154680651 1 561.0
1433154682698 0 533.0
1433154681009 0 645.0
1433154680752 1 561.0
1433154680977 1 560.0
1433154682799 0 533.0
1433154681110 0 645.0
1433154681077 1 560.0
1433154680854 1 561.0
1433154682899 0 533.0
1433154681210 0 645.0
1433154681177 1 560.0
1433154680956 1 561.0
1433154683001 0 533.0
1433154681311 0 645.0
1433154681277 1 560.0
1433154681057 1 561.0
1433154683101 0 533.0
1433154681412 0 645.0
1433154681377 1 589.0
1433154681158 1 561.0
1433154683203 0 533.0
1433154681514 0 645.0
1433154681478 1 589.0
1433154681260 1 561.0
1433154683302 0 533.0
1433154681615 0 645.0
1433154681578 1 589.0
1433154681361 1 575.0
1433154683403 0 547.0
1433154681717 0 645.0
1433154681679 1 589.0
1433154681461 1 575.0
1433154683503 0 547.0
1433154681817 0 645.0
1433154681779 1 589.0
1433154681563 1 575.0
1433154683605 0 547.0
1433154681919 0 645.0
1433154681880 1 589.0
1433154681664 1 575.0
1433154683706 0 547.0
1433154682019 0 646.0
1433154681979 1 589.0
1433154681765 1 575.0
1433154683807 0 533.0
1433154682120 0 646.0
1433154682080 1 589.0
1433154681866 1 561.0
1433154683908 0 533.0
1433154682223 0 646.0
1433154682180 1 575.0
1433154684010 0 533.0
1433154682322 0 646.0
1433154682280 1 575.0
1433154681966 1 561.0
1433154682066 1 561.0
1433154684111 0 533.0
1433154682422 0 646.0
1433154682380 1 575.0
1433154682167 1 561.0
1433154684212 0 533.0
1433154682523 0 646.0
1433154682480 1 575.0
1433154682269 1 561.0
1433154684313 0 533.0
1433154682625 0 646.0
1433154682580 1 575.0
1433154682370 1 561.0
1433154684415 0 533.0
1433154682680 1 575.0
1433154684516 0 533.0
1433154682726 0 646.0
1433154682780 1 575.0
1433154682470 1 561.0
1433154682571 1 561.0
1433154684618 0 533.0
1433154682827 0 646.0
1433154682880 1 575.0
1433154682673 1 561.0
1433154684719 0 533.0
1433154682928 0 646.0
1433154683029 0 646.0
1433154682980 1 575.0
1433154682774 1 561.0
1433154684822 0 533.0
1433154683131 0 646.0
1433154683080 1 575.0
1433154682876 1 561.0
1433154684922 0 533.0
1433154683180 1 575.0
1433154682978 1 561.0
1433154685023 0 547.0
1433154683232 0 646.0
1433154683280 1 589.0
1433154685125 0 547.0
1433154683332 0 646.0
1433154683381 1 589.0
1433154683078 1 575.0
1433154683178 1 575.0
1433154685227 0 547.0
1433154683433 0 660.0
1433154683481 1 589.0
1433154683280 1 575.0
1433154685328 0 533.0
1433154683533 0 660.0
1433154683634 0 660.0
1433154683582 1 575.0
1433154683382 1 561.0
1433154685428 0 533.0
1433154683735 0 659.0
1433154683682 1 575.0
1433154683484 1 561.0
1433154685530 0 533.0
1433154683836 0 659.0
1433154683782 1 575.0
1433154683585 1 561.0
1433154685631 0 533.0
1433154683938 0 659.0
1433154683882 1 575.0
1433154683686 1 561.0
1433154685733 0 533.0
1433154684038 0 659.0
1433154683983 1 575.0
1433154683787 1 561.0
1433154685835 0 533.0
1433154684140 0 659.0
1433154684083 1 575.0
1433154683888 1 561.0
1433154685936 0 547.0
1433154684241 0 659.0
1433154684183 1 575.0
1433154683989 1 575.0
1433154686038 0 547.0
1433154684342 0 659.0
1433154684283 1 575.0
1433154684090 1 575.0
1433154686138 0 547.0
1433154684443 0 659.0
1433154684383 1 575.0
1433154684192 1 575.0
1433154686240 0 547.0
1433154684544 0 659.0
1433154684483 1 575.0
1433154684293 1 575.0
1433154684644 0 659.0
1433154686342 0 547.0
1433154684583 1 575.0
1433154684395 1 575.0
1433154686443 0 547.0
1433154684746 0 659.0
1433154684683 1 575.0
1433154684496 1 575.0
1433154686543 0 547.0
1433154684849 0 659.0
1433154684783 1 575.0
1433154684598 1 575.0
1433154686645 0 547.0
1433154684950 0 659.0
1433154684883 1 575.0
1433154684699 1 575.0
1433154686746 0 547.0
1433154685051 0 659.0
1433154684983 1 575.0
1433154684801 1 575.0
1433154686847 0 547.0
1433154685152 0 659.0
1433154685083 1 575.0
1433154684903 1 575.0
1433154686949 0 547.0
1433154685253 0 659.0
1433154685183 1 575.0
1433154685004 1 575.0
1433154685354 0 659.0
1433154687051 0 547.0
1433154685283 1 575.0
1433154685106 1 575.0
1433154685454 0 659.0
1433154687152 0 547.0
1433154685383 1 575.0
1433154685207 1 575.0
1433154685555 0 659.0
1433154687254 0 547.0
1433154685484 1 575.0
1433154685309 1 575.0
1433154685656 0 659.0
1433154687356 0 547.0
1433154685584 1 575.0
1433154685410 1 575.0
1433154685758 0 659.0
1433154687457 0 547.0
1433154685685 1 575.0
1433154685512 1 575.0
1433154687558 0 547.0
1433154685785 1 575.0
1433154685614 1 575.0
1433154687660 0 547.0
1433154685885 1 575.0
1433154685859 0 659.0
1433154685716 1 575.0
1433154685959 0 659.0
1433154686059 0 659.0
1433154687762 0 547.0
1433154685986 1 575.0
1433154685818 1 575.0
1433154686161 0 659.0
1433154687864 0 547.0
1433154686087 1 575.0
1433154685920 1 575.0
1433154686262 0 659.0
1433154687965 0 547.0
1433154686187 1 575.0
1433154686021 1 575.0
1433154686363 0 659.0
1433154686288 1 575.0
1433154688067 0 547.0
1433154686123 1 575.0
1433154686463 0 659.0
1433154686388 1 575.0
1433154688169 0 547.0
1433154686224 1 575.0
1433154686564 0 659.0
1433154686488 1 575.0
1433154688272 0 547.0
1433154686324 1 575.0
1433154686665 0 659.0
1433154686588 1 575.0
1433154688373 0 547.0
1433154686425 1 575.0
1433154686767 0 659.0
1433154686688 1 575.0
1433154688473 0 547.0
1433154686527 1 575.0
1433154686868 0 659.0
1433154686788 1 575.0
1433154688574 0 547.0
1433154686629 1 575.0
1433154686970 0 659.0
1433154686889 1 575.0
1433154688676 0 547.0
1433154686730 1 575.0
1433154687070 0 659.0
1433154686989 1 575.0
1433154688777 0 547.0
1433154686832 1 575.0
1433154687172 0 659.0
1433154687089 1 575.0
1433154688879 0 547.0
1433154686934 1 575.0
1433154687189 1 575.0
1433154687273 0 659.0
1433154688980 0 547.0
1433154687035 1 575.0
1433154687289 1 575.0
1433154687375 0 659.0
1433154689082 0 547.0
1433154687137 1 575.0
1433154687390 1 575.0
1433154687476 0 659.0
1433154689184 0 547.0
1433154687239 1 575.0
1433154687490 1 575.0
1433154687578 0 659.0
1433154689286 0 547.0
1433154687341 1 575.0
1433154687591 1 575.0
1433154687678 0 659.0
1433154689386 0 547.0
1433154687443 1 575.0
1433154687691 1 575.0
1433154687780 0 659.0
1433154689487 0 547.0
1433154687545 1 575.0
1433154687791 1 575.0
1433154687880 0 659.0
1433154689588 0 547.0
1433154687647 1 575.0
1433154687891 1 575.0
1433154687981 0 659.0
1433154689691 0 547.0
1433154687749 1 575.0
1433154687991 1 575.0
1433154688082 0 659.0
1433154689792 0 547.0
1433154687850 1 575.0
1433154688091 1 575.0
1433154688183 0 659.0
1433154689894 0 547.0
1433154687951 1 575.0
1433154688192 1 575.0
1433154688284 0 659.0
1433154689996 0 547.0
1433154688053 1 575.0
1433154688292 1 575.0
1433154688385 0 659.0
1433154690099 0 533.0
1433154688155 1 575.0
1433154688393 1 575.0
1433154688485 0 659.0
1433154690199 0 533.0
1433154688257 1 575.0
1433154688493 1 575.0
1433154688586 0 659.0
1433154690300 0 533.0
1433154688359 1 575.0
1433154688593 1 575.0
1433154688688 0 660.0
1433154690400 0 533.0
1433154688460 1 575.0
1433154688693 1 575.0
1433154688790 0 660.0
1433154690500 0 547.0
1433154688562 1 561.0
1433154688794 1 575.0
1433154688891 0 660.0
1433154690601 0 547.0
1433154688663 1 561.0
1433154688894 1 575.0
1433154688993 0 660.0
1433154690702 0 547.0
1433154688765 1 561.0
1433154688995 1 575.0
1433154689095 0 660.0
1433154690803 0 561.0
1433154688866 1 575.0
1433154689095 1 575.0
1433154689197 0 660.0
1433154690904 0 561.0
1433154688968 1 575.0
1433154689195 1 589.0
1433154689299 0 660.0
1433154691005 0 561.0
1433154689070 1 575.0
1433154689295 1 589.0
1433154689400 0 660.0
1433154691106 0 561.0
1433154689171 1 575.0
1433154689395 1 589.0
1433154689501 0 646.0
1433154691206 0 547.0
1433154689272 1 561.0
1433154689496 1 575.0
1433154689602 0 646.0
1433154691307 0 547.0
1433154689374 1 561.0
1433154689597 1 575.0
1433154689702 0 646.0
1433154691407 0 548.0
1433154689475 1 561.0
1433154689697 1 575.0
1433154689803 0 660.0
1433154691508 0 548.0
1433154689577 1 561.0
1433154689798 1 590.0
1433154689905 0 660.0
1433154691610 0 548.0
1433154689678 1 576.0
1433154689899 1 590.0
1433154690006 0 660.0
1433154691711 0 548.0
1433154689779 1 576.0
1433154689998 1 590.0
1433154690108 0 660.0
1433154691813 0 548.0
1433154690098 1 590.0
1433154689880 1 576.0
1433154690210 0 674.0
1433154691913 0 548.0
1433154689981 1 576.0
1433154690198 1 590.0
1433154690312 0 674.0
1433154692015 0 548.0
1433154690082 1 576.0
1433154690299 1 604.0
1433154690413 0 674.0
1433154692117 0 548.0
1433154690398 1 604.0
1433154690183 1 576.0
1433154690515 0 674.0
1433154692218 0 548.0
1433154690499 1 604.0
1433154690286 1 576.0
1433154690617 0 674.0
1433154692320 0 548.0
1433154690599 1 604.0
1433154690387 1 576.0
1433154690719 0 674.0
1433154692421 0 548.0
1433154690699 1 604.0
1433154690488 1 576.0
1433154690821 0 674.0
1433154692522 0 548.0
1433154690799 1 604.0
1433154690590 1 576.0
1433154690923 0 674.0
1433154692624 0 548.0
1433154690900 1 604.0
1433154690691 1 576.0
1433154691024 0 674.0
1433154692726 0 548.0
1433154691000 1 604.0
1433154690792 1 576.0
1433154691126 0 674.0
1433154692827 0 548.0
1433154691101 1 604.0
1433154690893 1 576.0
1433154691228 0 674.0
1433154692929 0 548.0
1433154691201 1 604.0
1433154690994 1 576.0
1433154691330 0 674.0
1433154693030 0 548.0
1433154691301 1 604.0
1433154691095 1 576.0
1433154691431 0 674.0
1433154693131 0 548.0
1433154691401 1 604.0
1433154691197 1 576.0
1433154691533 0 674.0
1433154693232 0 548.0
1433154691501 1 604.0
1433154691633 0 674.0
1433154693333 0 548.0
1433154691298 1 576.0
1433154691601 1 604.0
1433154691398 1 576.0
1433154691734 0 674.0
1433154693433 0 548.0
1433154691701 1 604.0
1433154691499 1 576.0
1433154691834 0 674.0
1433154693536 0 548.0
1433154691801 1 604.0
1433154691601 1 576.0
1433154691935 0 674.0
1433154693638 0 548.0
1433154691901 1 604.0
1433154691703 1 576.0
1433154692036 0 674.0
1433154693737 0 548.0
1433154692001 1 604.0
1433154691803 1 576.0
1433154692138 0 674.0
1433154693838 0 548.0
1433154692101 1 604.0
1433154691904 1 576.0
1433154692239 0 674.0
1433154693939 0 548.0
1433154692201 1 604.0
1433154692005 1 576.0
1433154692341 0 674.0
1433154694041 0 548.0
1433154692301 1 604.0
1433154692106 1 576.0
1433154692442 0 674.0
1433154694143 0 548.0
1433154692401 1 604.0
1433154692207 1 576.0
1433154692544 0 674.0
1433154694245 0 548.0
1433154692502 1 604.0
1433154692309 1 576.0
1433154692645 0 674.0
1433154694346 0 548.0
1433154692602 1 604.0
1433154692410 1 576.0
1433154694447 0 548.0
1433154692702 1 604.0
1433154692512 1 576.0
1433154694547 0 548.0
1433154692746 0 674.0
1433154692802 1 604.0
1433154692614 1 576.0
1433154692846 0 674.0
1433154692947 0 674.0
1433154694648 0 548.0
1433154692903 1 604.0
1433154692716 1 576.0
1433154693048 0 674.0
1433154694749 0 548.0
1433154693003 1 604.0
1433154692818 1 576.0
1433154693150 0 674.0
1433154694850 0 548.0
1433154693104 1 604.0
1433154692920 1 576.0
1433154693251 0 674.0
1433154694952 0 548.0
1433154693204 1 604.0
1433154693022 1 576.0
1433154693353 0 674.0
1433154695054 0 548.0
1433154693304 1 604.0
1433154693122 1 576.0
1433154693455 0 674.0
1433154695155 0 548.0
1433154693404 1 604.0
1433154693224 1 576.0
1433154693556 0 674.0
1433154695258 0 548.0
1433154693504 1 604.0
1433154693326 1 576.0
1433154693658 0 674.0
1433154695360 0 548.0
1433154693604 1 604.0
1433154693428 1 576.0
1433154693758 0 674.0
1433154693704 1 604.0
1433154693528 1 576.0
1433154693859 0 674.0
1433154695460 0 548.0
1433154695561 0 548.0
1433154693804 1 604.0
1433154693630 1 576.0
1433154693961 0 674.0
1433154695661 0 548.0
1433154693905 1 604.0
1433154693732 1 576.0
1433154694062 0 674.0
1433154695763 0 548.0
1433154694004 1 604.0
1433154693834 1 576.0
1433154694163 0 674.0
1433154695864 0 548.0
1433154694105 1 604.0
1433154693936 1 576.0
1433154694264 0 674.0
1433154695966 0 548.0
1433154694204 1 604.0
1433154694036 1 576.0
1433154694365 0 674.0
1433154696068 0 548.0
1433154694305 1 604.0
1433154694138 1 576.0
1433154694466 0 674.0
1433154696170 0 548.0
1433154694405 1 604.0
1433154694240 1 576.0
1433154694567 0 674.0
1433154696272 0 548.0
1433154694506 1 604.0
1433154694342 1 576.0
1433154694668 0 674.0
1433154696374 0 548.0
1433154694607 1 604.0
1433154694444 1 576.0
1433154694770 0 674.0
1433154696475 0 548.0
1433154694708 1 604.0
1433154694545 1 576.0
1433154694870 0 674.0
1433154696575 0 548.0
1433154694808 1 604.0
1433154694646 1 576.0
1433154694971 0 674.0
1433154696676 0 548.0
1433154694908 1 604.0
1433154694748 1 576.0
1433154695072 0 674.0
1433154696777 0 548.0
1433154695009 1 604.0
1433154694851 1 576.0
1433154695173 0 674.0
1433154696879 0 548.0
1433154695109 1 604.0
1433154694953 1 576.0
1433154695274 0 674.0
1433154696981 0 548.0
1433154695209 1 604.0
1433154695056 1 576.0
1433154695376 0 674.0
1433154697082 0 548.0
1433154695309 1 604.0
1433154695158 1 576.0
1433154695477 0 674.0
1433154697184 0 548.0
1433154695409 1 604.0
1433154695259 1 576.0
1433154695579 0 674.0
1433154697286 0 548.0
1433154695509 1 604.0
1433154695361 1 576.0
1433154695681 0 674.0
1433154695609 1 604.0
1433154697387 0 548.0
1433154695461 1 576.0
1433154695783 0 674.0
1433154695709 1 604.0
1433154697490 0 548.0
1433154695563 1 576.0
1433154695884 0 674.0
1433154695809 1 604.0
1433154697591 0 548.0
1433154695664 1 576.0
1433154695986 0 674.0
1433154695909 1 604.0
1433154697693 0 548.0
1433154695764 1 576.0
1433154696088 0 674.0
1433154696009 1 604.0
1433154697794 0 548.0
1433154695864 1 576.0
1433154696188 0 674.0
1433154696109 1 604.0
1433154697894 0 548.0
1433154695966 1 576.0
1433154696290 0 674.0
1433154696209 1 604.0
1433154697997 0 548.0
1433154696067 1 576.0
1433154696392 0 674.0
1433154696310 1 604.0
1433154698098 0 548.0
1433154696168 1 576.0
1433154696409 1 604.0
1433154696494 0 674.0
1433154698200 0 548.0
1433154696269 1 576.0
1433154696510 1 604.0
1433154696595 0 674.0
1433154698299 0 548.0
1433154696371 1 576.0
1433154696610 1 604.0
1433154696696 0 674.0
1433154698402 0 548.0
1433154696472 1 576.0
1433154696711 1 604.0
1433154696798 0 674.0
1433154698502 0 548.0
1433154696574 1 576.0
1433154696811 1 604.0
1433154696898 0 674.0
1433154698604 0 548.0
1433154696675 1 576.0
1433154696911 1 604.0
1433154696999 0 674.0
1433154698705 0 548.0
1433154696777 1 576.0
1433154697012 1 604.0
1433154697101 0 674.0
1433154698807 0 548.0
1433154696879 1 576.0
1433154697112 1 604.0
1433154697202 0 674.0
1433154698908 0 548.0
1433154696981 1 576.0
1433154697212 1 604.0
1433154697304 0 674.0
1433154699010 0 548.0
1433154697082 1 576.0
1433154697312 1 604.0
1433154697406 0 674.0
1433154699112 0 548.0
1433154697182 1 576.0
1433154697412 1 604.0
1433154697508 0 674.0
1433154699214 0 548.0
1433154697283 1 576.0
1433154697512 1 604.0
1433154697609 0 674.0
1433154699315 0 548.0
1433154697384 1 576.0
1433154697612 1 604.0
1433154697711 0 674.0
1433154699416 0 548.0
1433154697485 1 576.0
1433154697713 1 604.0
1433154697813 0 674.0
1433154699517 0 548.0
1433154697587 1 576.0
1433154697813 1 604.0
1433154697913 0 674.0
1433154699618 0 548.0
1433154697688 1 576.0
1433154697914 1 604.0
1433154698014 0 674.0
1433154699719 0 548.0
1433154697789 1 576.0
1433154698014 1 604.0
1433154698116 0 674.0
1433154699820 0 548.0
1433154697891 1 576.0
1433154698114 1 604.0
1433154698218 0 674.0
1433154699921 0 548.0
1433154697991 1 576.0
1433154698214 1 604.0
1433154698320 0 674.0
1433154700022 0 548.0
1433154698091 1 576.0
1433154698314 1 604.0
1433154698422 0 674.0
1433154700123 0 548.0
1433154698192 1 576.0
1433154698414 1 604.0
1433154698524 0 674.0
1433154700224 0 548.0
1433154698293 1 576.0
1433154698514 1 604.0
1433154698626 0 674.0
1433154700325 0 548.0
1433154698395 1 576.0
1433154698615 1 604.0
1433154698728 0 674.0
1433154700426 0 548.0
1433154698496 1 576.0
1433154698714 1 604.0
1433154698829 0 674.0
1433154700529 0 548.0
1433154698598 1 576.0
1433154698815 1 604.0
1433154698931 0 674.0
1433154700630 0 548.0
1433154698699 1 576.0
1433154698915 1 604.0
1433154699033 0 674.0
1433154700731 0 548.0
1433154698800 1 576.0
1433154699016 1 604.0
1433154699135 0 674.0
1433154700833 0 548.0
1433154698901 1 576.0
1433154699116 1 604.0
1433154699236 0 674.0
1433154700935 0 548.0
1433154699002 1 576.0
1433154699216 1 604.0
1433154699338 0 674.0
1433154701036 0 548.0
1433154699103 1 576.0
1433154699316 1 604.0
1433154701137 0 548.0
1433154699439 0 674.0
1433154699205 1 576.0
1433154699416 1 604.0
1433154699541 0 674.0
1433154701239 0 548.0
1433154699517 1 604.0
1433154699307 1 576.0
1433154699642 0 674.0
1433154701340 0 548.0
1433154699617 1 604.0
1433154699408 1 576.0
1433154701440 0 548.0
1433154699744 0 674.0
1433154699718 1 604.0
1433154699510 1 576.0
1433154701540 0 548.0
1433154699845 0 674.0
1433154699818 1 604.0
1433154699612 1 576.0
1433154701641 0 548.0
1433154699947 0 674.0
1433154699919 1 604.0
1433154699714 1 576.0
1433154701743 0 548.0
1433154700047 0 674.0
1433154700018 1 604.0
1433154699816 1 576.0
1433154701843 0 548.0
1433154700148 0 674.0
1433154700119 1 604.0
1433154699917 1 576.0
1433154701944 0 548.0
1433154700249 0 674.0
1433154700219 1 604.0
1433154700019 1 576.0
1433154702045 0 548.0
1433154700351 0 674.0
1433154700320 1 604.0
1433154700121 1 576.0
1433154702146 0 548.0
1433154700420 1 604.0
1433154700223 1 576.0
1433154702248 0 548.0
1433154700451 0 674.0
1433154700520 1 604.0
1433154700325 1 576.0
1433154702349 0 548.0
1433154700554 0 674.0
1433154700653 0 674.0
1433154700620 1 604.0
1433154700427 1 576.0
1433154702450 0 548.0
1433154700755 0 674.0
1433154700720 1 604.0
1433154700528 1 576.0
1433154702551 0 548.0
1433154700858 0 674.0
1433154700820 1 604.0
1433154700630 1 576.0
1433154702654 0 548.0
1433154700960 0 674.0
1433154700920 1 604.0
1433154700731 1 576.0
1433154702755 0 548.0
1433154701060 0 674.0
1433154701020 1 604.0
1433154700832 1 576.0
1433154702857 0 548.0
1433154701162 0 674.0
1433154701120 1 604.0
1433154700934 1 576.0
1433154702958 0 548.0
1433154701264 0 674.0
1433154701220 1 604.0
1433154701035 1 576.0
1433154703059 0 548.0
1433154701366 0 674.0
1433154701320 1 604.0
1433154701137 1 576.0
1433154703162 0 548.0
1433154701468 0 674.0
1433154701421 1 604.0
1433154701238 1 576.0
1433154703264 0 548.0
1433154701569 0 674.0
1433154701520 1 604.0
1433154701340 1 576.0
1433154703365 0 548.0
1433154701669 0 674.0
1433154701621 1 604.0
1433154701442 1 576.0
1433154701771 0 674.0
1433154703466 0 548.0
1433154701544 1 576.0
1433154703567 0 548.0
1433154701646 1 576.0
1433154701871 0 674.0
1433154701971 0 674.0
1433154703669 0 548.0
1433154701747 1 576.0
1433154703768 0 548.0
1433154701849 1 576.0
1433154703870 0 548.0
1433154702072 0 674.0
1433154701721 1 604.0
1433154701822 1 604.0
1433154701922 1 604.0
1433154702023 1 604.0
1433154702123 1 604.0
1433154701951 1 576.0
1433154702172 0 674.0
1433154702274 0 674.0
1433154703973 0 548.0
1433154702223 1 604.0
1433154702053 1 576.0
1433154704074 0 548.0
1433154702376 0 674.0
1433154702323 1 604.0
1433154702154 1 576.0
1433154702478 0 674.0
1433154704176 0 548.0
1433154702423 1 604.0
1433154702256 1 576.0
1433154702580 0 674.0
1433154704278 0 548.0
1433154702523 1 604.0
1433154702358 1 576.0
1433154702681 0 674.0
1433154704379 0 548.0
1433154702623 1 604.0
1433154702458 1 576.0
1433154704480 0 548.0
1433154702783 0 674.0
1433154702723 1 604.0
1433154702560 1 576.0
1433154702884 0 674.0
1433154704581 0 548.0
1433154702823 1 604.0
1433154702660 1 576.0
1433154702986 0 674.0
1433154704683 0 548.0
1433154702923 1 604.0
1433154702761 1 576.0
1433154704784 0 548.0
1433154703088 0 674.0
1433154703023 1 604.0
1433154702861 1 576.0
1433154703189 0 674.0
1433154704886 0 548.0
1433154703124 1 604.0
1433154702963 1 576.0
1433154704987 0 548.0
1433154703291 0 674.0
1433154703224 1 604.0
1433154703063 1 576.0
1433154703392 0 674.0
1433154705089 0 548.0
1433154703325 1 604.0
1433154703165 1 576.0
1433154703492 0 674.0
1433154705191 0 548.0
1433154703425 1 604.0
1433154703266 1 576.0
1433154703593 0 674.0
1433154705292 0 548.0
1433154703526 1 604.0
1433154703368 1 576.0
1433154703695 0 674.0
1433154705393 0 548.0
1433154703627 1 604.0
1433154703469 1 576.0
1433154703796 0 674.0
1433154705497 0 548.0
1433154703727 1 604.0
1433154703571 1 576.0
1433154703898 0 674.0
1433154705598 0 548.0
1433154703827 1 604.0
1433154703672 1 576.0
1433154704000 0 674.0
1433154705698 0 548.0
1433154703927 1 604.0
1433154703776 1 576.0
1433154705800 0 548.0
1433154704102 0 674.0
1433154704027 1 604.0
1433154703877 1 576.0
1433154704203 0 674.0
1433154705900 0 548.0
1433154704127 1 604.0
1433154703979 1 576.0
1433154704305 0 674.0
1433154706001 0 548.0
1433154704227 1 604.0
1433154704080 1 576.0
1433154706101 0 548.0
1433154704408 0 674.0
1433154704328 1 604.0
1433154704181 1 576.0
1433154706201 0 548.0
1433154704507 0 674.0
1433154704428 1 604.0
1433154704282 1 576.0
1433154706302 0 548.0
1433154704607 0 674.0
1433154704528 1 604.0
1433154704384 1 576.0
1433154706404 0 548.0
1433154704708 0 674.0
1433154704628 1 604.0
1433154704485 1 576.0
1433154706505 0 548.0
1433154704810 0 674.0
1433154704728 1 604.0
1433154704587 1 576.0
1433154706607 0 548.0
1433154704912 0 674.0
1433154704828 1 604.0
1433154704688 1 576.0
1433154706708 0 548.0
1433154704928 1 604.0
1433154704790 1 576.0
1433154706809 0 548.0
1433154705029 1 604.0
1433154705012 0 674.0
1433154705114 0 674.0
1433154704891 1 576.0
1433154706910 0 548.0
1433154705129 1 604.0
1433154704991 1 576.0
1433154707012 0 548.0
1433154705230 1 604.0
1433154705214 0 674.0
1433154705315 0 674.0
1433154705092 1 576.0
1433154705330 1 604.0
1433154707113 0 548.0
1433154705417 0 674.0
1433154705194 1 576.0
1433154705430 1 604.0
1433154707214 0 548.0
1433154705519 0 674.0
1433154705296 1 576.0
1433154705530 1 604.0
1433154707316 0 548.0
1433154705621 0 674.0
1433154705398 1 576.0
1433154705630 1 604.0
1433154707417 0 548.0
1433154705723 0 674.0
1433154705499 1 576.0
1433154705730 1 604.0
1433154707518 0 548.0
1433154705824 0 674.0
1433154705601 1 576.0
1433154705831 1 604.0
1433154707620 0 576.0
1433154705926 0 674.0
1433154705703 1 576.0
1433154705931 1 604.0
1433154707721 0 576.0
1433154706028 0 674.0
1433154705805 1 576.0
1433154706031 1 604.0
1433154707822 0 576.0
1433154706130 0 674.0
1433154705906 1 576.0
1433154706131 1 604.0
1433154707923 0 576.0
1433154706230 0 674.0
1433154706007 1 576.0
1433154706231 1 604.0
1433154708025 0 576.0
1433154706332 0 674.0
1433154706108 1 576.0
1433154706331 1 604.0
1433154708127 0 576.0
1433154706208 1 576.0
1433154706431 1 604.0
1433154708228 0 576.0
1433154706432 0 674.0
1433154706533 0 674.0
1433154706310 1 576.0
1433154706532 1 604.0
1433154708329 0 576.0
1433154706633 0 674.0
1433154706412 1 576.0
1433154706631 1 604.0
1433154706734 0 674.0
1433154708431 0 576.0
1433154706514 1 576.0
1433154706731 1 604.0
1433154706834 0 674.0
1433154708534 0 576.0
1433154708635 0 576.0
1433154708736 0 576.0
1433154708838 0 576.0
1433154708939 0 576.0
1433154706935 0 674.0
1433154706616 1 576.0
1433154706831 1 604.0
1433154706931 1 604.0
1433154707031 1 604.0
1433154707131 1 604.0
1433154706718 1 576.0
1433154707035 0 674.0
1433154706819 1 576.0
1433154707137 0 674.0
1433154707238 0 674.0
1433154706921 1 576.0
1433154707023 1 576.0
1433154707231 1 604.0
1433154707340 0 674.0
1433154709041 0 576.0
1433154707125 1 576.0
1433154707331 1 604.0
1433154707441 0 674.0
1433154709142 0 576.0
1433154707226 1 576.0
1433154707431 1 604.0
1433154707543 0 674.0
1433154709244 0 576.0
1433154707532 1 604.0
1433154707327 1 576.0
1433154707644 0 674.0
1433154709343 0 576.0
1433154707631 1 604.0
1433154707429 1 576.0
1433154707745 0 674.0
1433154709443 0 576.0
1433154707732 1 604.0
1433154707531 1 576.0
1433154707846 0 674.0
1433154707832 1 604.0
1433154707633 1 576.0
1433154707947 0 674.0
1433154709546 0 576.0
1433154709646 0 576.0
1433154707933 1 604.0
1433154707736 1 576.0
1433154708048 0 674.0
1433154708033 1 604.0
1433154707837 1 576.0
1433154708150 0 674.0
1433154709749 0 576.0
1433154709850 0 576.0
1433154708133 1 604.0
1433154708251 0 674.0
1433154709951 0 576.0
1433154708233 1 604.0
1433154707937 1 576.0
1433154708037 1 576.0
1433154708351 0 674.0
1433154710053 0 576.0
1433154708333 1 604.0
1433154708138 1 576.0
1433154708453 0 674.0
1433154710156 0 576.0
1433154708433 1 604.0
1433154708240 1 576.0
1433154708555 0 674.0
1433154710258 0 576.0
1433154708533 1 604.0
1433154708341 1 576.0
1433154708658 0 674.0
1433154710358 0 576.0
1433154708633 1 604.0
1433154708443 1 576.0
1433154708758 0 674.0
1433154710459 0 576.0
1433154708733 1 604.0
1433154708545 1 576.0
1433154708859 0 674.0
1433154710562 0 576.0
1433154708833 1 604.0
1433154708647 1 576.0
1433154708961 0 674.0
1433154710664 0 576.0
1433154708934 1 604.0
1433154708748 1 576.0
1433154709062 0 674.0
1433154710765 0 576.0
1433154709034 1 604.0
1433154708851 1 576.0
1433154709163 0 674.0
1433154710867 0 576.0
1433154709134 1 604.0
1433154708953 1 576.0
1433154709263 0 674.0
1433154710969 0 576.0
1433154709234 1 604.0
1433154709056 1 576.0
1433154709364 0 674.0
1433154711071 0 576.0
1433154709334 1 604.0
1433154709158 1 576.0
1433154709464 0 674.0
1433154711172 0 576.0
