1433149879809 1 0.156906396150589 0.19613298773765564 10.120462417602539
1433149881867 1 3.3734874725341797 7.649186611175537 5.8839898109436035
1433149879909 1 -0.03922659903764725 -0.0 10.198915481567383
1433149881967 1 3.334260940551758 8.002225875854492 5.334817409515381
1433149880009 1 0.11767979711294174 0.11767979711294174 10.198915481567383
1433149882067 1 3.3734874725341797 7.9629998207092285 5.530950546264648
1433149880109 1 0.19613298773765564 0.11767979711294174 10.277368545532227
1433149882168 1 3.216581106185913 7.884546279907227 5.374043941497803
1433149880209 1 0.11767979711294174 0.156906396150589 10.277368545532227
1433149882268 1 3.4519407749176025 7.9629998207092285 5.491724014282227
1433149880309 1 0.156906396150589 0.0784531980752945 10.159688949584961
1433149882369 1 3.255807638168335 7.923772811889648 5.491724014282227
1433149880409 1 0.11767979711294174 0.156906396150589 10.238142013549805
1433149882469 1 3.334260940551758 7.923772811889648 5.413270473480225
1433149880509 1 0.156906396150589 0.156906396150589 10.277368545532227
1433149882570 1 3.3734874725341797 7.923772811889648 5.491724014282227
1433149880610 1 0.156906396150589 0.19613298773765564 10.198915481567383
1433149882670 1 3.4127140045166016 8.041452407836914 5.256364345550537
1433149880710 1 0.23535959422588348 -0.0 10.316595077514648
1433149882771 1 3.216581106185913 7.453053951263428 5.413270473480225
1433149880811 1 0.156906396150589 0.156906396150589 10.198915481567383
1433149882871 1 3.177354574203491 8.159132957458496 5.138684272766113
1433149880910 1 -0.0 0.11767979711294174 10.277368545532227
1433149882971 1 3.177354574203491 7.806093215942383 5.648630142211914
1433149881010 1 0.11767979711294174 0.11767979711294174 10.198915481567383
1433149883071 1 3.334260940551758 7.9629998207092285 5.413270473480225
1433149881110 1 0.627625584602356 0.156906396150589 10.238142013549805
1433149883171 1 3.334260940551758 7.884546279907227 5.491724014282227
1433149881210 1 0.11767979711294174 0.156906396150589 10.316595077514648
1433149883271 1 3.216581106185913 8.002225875854492 5.609403610229492
1433149881310 1 0.19613298773765564 0.156906396150589 10.277368545532227
1433149883372 1 3.334260940551758 7.923772811889648 5.491724014282227
1433149881410 1 0.156906396150589 0.23535959422588348 10.238142013549805
1433149883472 1 3.295034408569336 7.923772811889648 5.491724014282227
1433149881511 1 0.156906396150589 0.11767979711294174 10.316595077514648
1433149883573 1 3.3734874725341797 7.884546279907227 5.57017707824707
1433149881611 1 0.156906396150589 0.03922659903764725 10.238142013549805
1433149883673 1 3.334260940551758 8.002225875854492 5.413270473480225
1433149881711 1 -0.0 0.19613298773765564 10.316595077514648
1433149883773 1 3.334260940551758 7.923772811889648 5.491724014282227
1433149881811 1 0.11767979711294174 0.313812792301178 10.238142013549805
1433149883873 1 3.255807638168335 7.884546279907227 5.530950546264648
1433149881912 1 0.11767979711294174 0.19613298773765564 10.159688949584961
1433149883973 1 3.334260940551758 7.9629998207092285 5.491724014282227
1433149882013 1 0.03922659903764725 0.0784531980752945 10.198915481567383
1433149884073 1 3.255807638168335 7.884546279907227 5.530950546264648
1433149882114 1 0.156906396150589 0.0784531980752945 10.277368545532227
1433149884174 1 3.255807638168335 7.884546279907227 5.491724014282227
1433149882215 1 -0.03922659903764725 -0.0 10.238142013549805
1433149884274 1 3.4127140045166016 7.923772811889648 5.413270473480225
1433149882316 1 0.11767979711294174 0.156906396150589 10.159688949584961
1433149884375 1 3.4519407749176025 8.080678939819336 5.295590877532959
1433149882418 1 0.11767979711294174 0.11767979711294174 10.238142013549805
1433149884475 1 3.5303938388824463 8.002225875854492 5.530950546264648
1433149882517 1 0.0784531980752945 0.11767979711294174 10.238142013549805
1433149884575 1 3.5303938388824463 7.923772811889648 5.491724014282227
1433149882618 1 0.156906396150589 0.11767979711294174 10.120462417602539
1433149884676 1 3.5696206092834473 8.080678939819336 5.138684272766113
1433149882719 1 0.11767979711294174 0.23535959422588348 10.159688949584961
1433149884777 1 3.4519407749176025 7.845319747924805 4.667965412139893
1433149882821 1 0.0784531980752945 0.03922659903764725 10.316595077514648
1433149884877 1 3.295034408569336 7.806093215942383 5.256364345550537
1433149882921 1 0.0784531980752945 0.0784531980752945 10.238142013549805
1433149884977 0 3.334260940551758 8.119906425476074 5.334817409515381
1433149883022 1 0.156906396150589 -0.03922659903764725 10.042009353637695
1433149885077 0 3.3734874725341797 7.845319747924805 5.491724014282227
1433149883124 1 0.19613298773765564 -0.03922659903764725 10.316595077514648
1433149885177 0 3.4127140045166016 8.041452407836914 5.374043941497803
1433149883226 1 0.0784531980752945 0.03922659903764725 10.277368545532227
1433149885277 0 3.295034408569336 7.766866683959961 5.687856674194336
1433149883327 1 0.03922659903764725 0.11767979711294174 10.198915481567383
1433149885377 0 3.3734874725341797 7.806093215942383 5.57017707824707
1433149883428 1 0.11767979711294174 0.03922659903764725 10.159688949584961
1433149885477 0 3.334260940551758 7.884546279907227 5.57017707824707
1433149883529 1 0.11767979711294174 0.11767979711294174 10.238142013549805
1433149885578 0 3.334260940551758 7.766866683959961 5.57017707824707
1433149883630 1 0.03922659903764725 0.03922659903764725 10.198915481567383
1433149885678 0 3.3734874725341797 7.845319747924805 5.648630142211914
1433149883731 1 0.19613298773765564 0.11767979711294174 10.198915481567383
1433149885778 0 3.295034408569336 7.727640151977539 5.609403610229492
1433149883832 1 -0.0 0.156906396150589 10.159688949584961
1433149885879 0 3.216581106185913 7.845319747924805 5.609403610229492
1433149883933 1 0.19613298773765564 0.03922659903764725 10.238142013549805
1433149885979 0 3.5303938388824463 8.23758602142334 3.8049800395965576
1433149884036 1 0.0784531980752945 0.19613298773765564 10.159688949584961
1433149886080 0 3.216581106185913 7.9629998207092285 5.491724014282227
1433149884135 1 0.03922659903764725 0.11767979711294174 10.238142013549805
1433149886181 0 3.334260940551758 7.806093215942383 5.648630142211914
1433149884237 1 0.03922659903764725 0.156906396150589 10.159688949584961
1433149886282 0 3.4519407749176025 7.806093215942383 5.648630142211914
1433149884338 1 0.11767979711294174 0.03922659903764725 10.355822563171387
1433149886382 0 3.334260940551758 7.766866683959961 5.727083683013916
1433149884439 1 0.03922659903764725 0.03922659903764725 10.159688949584961
1433149886482 0 3.255807638168335 7.845319747924805 5.648630142211914
1433149884540 1 0.03922659903764725 0.23535959422588348 10.277368545532227
1433149886582 0 3.334260940551758 7.9629998207092285 5.57017707824707
1433149884641 1 0.0784531980752945 0.23535959422588348 10.238142013549805
1433149886682 0 3.216581106185913 7.845319747924805 5.57017707824707
1433149884741 1 -0.0 0.19613298773765564 10.198915481567383
1433149886782 0 3.608847141265869 7.806093215942383 5.766310214996338
1433149884841 1 0.0784531980752945 0.156906396150589 10.316595077514648
1433149886883 0 4.589511871337891 9.64974308013916 5.57017707824707
1433149884942 1 0.0784531980752945 0.27458620071411133 10.081235885620117
1433149886984 0 0.47071918845176697 8.512171745300293 6.590068817138672
1433149885043 1 0.03922659903764725 0.23535959422588348 10.238142013549805
1433149887085 0 -0.35303938388824463 7.021561145782471 5.8839898109436035
1433149885144 1 0.0784531980752945 0.11767979711294174 10.238142013549805
1433149887185 0 -0.6668521761894226 6.903881549835205 5.923216342926025
1433149885245 1 -0.0 0.156906396150589 10.159688949584961
1433149887286 0 -0.35303938388824463 7.609960079193115 5.609403610229492
1433149885346 1 0.11767979711294174 -0.0 10.238142013549805
1433149887386 0 1.0983448028564453 8.904438018798828 5.021004676818848
1433149885447 1 0.0784531980752945 0.0784531980752945 10.159688949584961
1433149887486 0 -0.03922659903764725 6.825428009033203 7.727640151977539
1433149885548 1 0.0784531980752945 0.156906396150589 10.277368545532227
1433149887586 0 0.03922659903764725 6.080122947692871 8.394492149353027
1433149885648 1 -0.0784531980752945 0.19613298773765564 10.198915481567383
1433149887686 0 0.19613298773765564 5.727083683013916 9.688969612121582
1433149885748 1 0.11767979711294174 0.156906396150589 10.120462417602539
1433149887787 0 -0.823758602142334 4.942551612854004 9.257477760314941
1433149885848 1 0.156906396150589 0.11767979711294174 10.277368545532227
1433149887888 0 -2.510502338409424 5.727083683013916 8.43371868133545
1433149885949 1 0.03922659903764725 0.156906396150589 10.238142013549805
1433149887988 0 -2.9812214374542236 6.433162212371826 8.355265617370605
1433149886050 1 0.19613298773765564 0.0784531980752945 10.198915481567383
1433149888088 0 -0.9806649684906006 6.629295349121094 7.060787677764893
1433149886151 1 0.03922659903764725 0.156906396150589 10.198915481567383
1433149888188 0 -0.5883989930152893 7.1392412185668945 6.825428009033203
1433149886250 1 0.0784531980752945 0.0784531980752945 10.198915481567383
1433149888288 0 0.35303938388824463 7.217694282531738 6.982334613800049
1433149886350 1 0.19613298773765564 0.11767979711294174 10.238142013549805
1433149888388 0 0.509945809841156 7.766866683959961 8.472945213317871
1433149886450 1 0.11767979711294174 0.23535959422588348 10.238142013549805
1433149888488 0 0.0784531980752945 6.864655017852783 7.5315070152282715
1433149886551 1 0.03922659903764725 0.03922659903764725 10.238142013549805
1433149888588 0 -0.35303938388824463 7.060787677764893 7.570733547210693
1433149886652 1 0.11767979711294174 -0.0 10.120462417602539
1433149888693 0 -0.35303938388824463 6.982334613800049 7.727640151977539
1433149886753 1 0.03922659903764725 0.11767979711294174 10.238142013549805
1433149888793 0 0.0784531980752945 6.943108081817627 7.9629998207092285
1433149886854 1 0.19613298773765564 0.11767979711294174 10.277368545532227
1433149888893 0 -0.19613298773765564 7.1392412185668945 7.570733547210693
1433149886954 1 0.03922659903764725 0.03922659903764725 10.238142013549805
1433149888994 0 -0.0 7.060787677764893 7.25692081451416
1433149887055 1 0.03922659903764725 0.03922659903764725 10.277368545532227
1433149889095 0 -0.0784531980752945 6.864655017852783 7.845319747924805
1433149887156 1 -0.03922659903764725 0.156906396150589 10.355822563171387
1433149889196 0 -0.0 6.903881549835205 7.688413619995117
1433149887258 1 0.27458620071411133 0.19613298773765564 10.316595077514648
1433149889297 0 -0.27458620071411133 6.864655017852783 7.649186611175537
1433149887358 1 0.27458620071411133 -0.0 10.669634819030762
1433149889398 0 -0.0784531980752945 6.943108081817627 7.453053951263428
1433149887459 1 0.156906396150589 0.19613298773765564 10.395049095153809
1433149889499 0 0.0784531980752945 6.825428009033203 7.688413619995117
1433149887559 1 0.11767979711294174 0.19613298773765564 10.355822563171387
1433149889600 0 -0.3922659754753113 6.943108081817627 7.688413619995117
1433149887659 1 0.19613298773765564 0.156906396150589 10.198915481567383
1433149889702 0 -0.3922659754753113 6.943108081817627 7.413827419281006
1433149887759 1 0.11767979711294174 0.23535959422588348 10.238142013549805
1433149889802 0 -0.19613298773765564 6.903881549835205 7.806093215942383
1433149887860 1 0.19613298773765564 0.156906396150589 10.395049095153809
1433149889903 0 -0.19613298773765564 6.943108081817627 7.688413619995117
1433149887960 1 0.11767979711294174 0.156906396150589 10.316595077514648
1433149890004 0 -0.35303938388824463 6.903881549835205 7.5315070152282715
1433149888060 1 0.19613298773765564 0.156906396150589 10.355822563171387
1433149890105 0 -0.47071918845176697 7.021561145782471 7.335373878479004
1433149888160 1 0.19613298773765564 0.19613298773765564 10.238142013549805
1433149890206 0 -0.4314925968647003 7.060787677764893 7.296147346496582
1433149888260 1 0.03922659903764725 -1.0983448028564453 10.277368545532227
1433149890307 0 -0.509945809841156 7.1000142097473145 7.609960079193115
1433149888360 1 0.19613298773765564 -0.3922659754753113 10.198915481567383
1433149890407 0 -0.509945809841156 6.943108081817627 7.453053951263428
1433149888460 1 -0.23535959422588348 -0.313812792301178 10.355822563171387
1433149890508 0 -0.5491724014282227 7.021561145782471 7.649186611175537
1433149888561 1 0.03922659903764725 0.627625584602356 10.395049095153809
1433149890609 0 -0.627625584602356 7.1392412185668945 7.413827419281006
1433149888660 1 0.5491724014282227 1.4906107187271118 10.395049095153809
1433149890710 0 -0.5491724014282227 7.021561145782471 7.453053951263428
1433149888761 1 0.27458620071411133 0.19613298773765564 10.355822563171387
1433149890811 0 -0.823758602142334 7.021561145782471 7.49228048324585
1433149888862 1 0.156906396150589 0.23535959422588348 10.277368545532227
1433149890911 0 -0.7453053593635559 7.060787677764893 7.25692081451416
1433149888963 1 0.156906396150589 0.19613298773765564 10.277368545532227
1433149891011 0 -0.5883989930152893 7.060787677764893 7.49228048324585
1433149889064 1 0.11767979711294174 0.156906396150589 10.316595077514648
1433149891111 0 -0.5883989930152893 7.1392412185668945 7.335373878479004
1433149889165 1 0.23535959422588348 0.156906396150589 10.277368545532227
1433149891211 0 -0.7845319509506226 7.060787677764893 7.296147346496582
1433149889265 1 -0.35303938388824463 -0.11767979711294174 10.316595077514648
1433149891311 0 -0.6668521761894226 7.1000142097473145 7.25692081451416
1433149889365 1 0.11767979711294174 0.19613298773765564 10.395049095153809
1433149891411 0 -0.627625584602356 7.217694282531738 7.413827419281006
1433149889467 1 -0.03922659903764725 0.5491724014282227 5.8839898109436035
1433149891511 0 -0.8629851937294006 7.060787677764893 7.25692081451416
1433149889568 1 0.156906396150589 0.03922659903764725 10.395049095153809
1433149891612 0 -0.7453053593635559 7.178467750549316 7.296147346496582
1433149889668 1 0.11767979711294174 0.19613298773765564 10.198915481567383
1433149891713 0 -0.7453053593635559 7.178467750549316 7.413827419281006
1433149889768 1 0.11767979711294174 0.19613298773765564 10.316595077514648
1433149891814 0 -0.9806649684906006 7.178467750549316 7.296147346496582
1433149889868 1 0.11767979711294174 0.156906396150589 10.316595077514648
1433149891915 0 -0.7453053593635559 7.1392412185668945 7.217694282531738
1433149889968 1 0.0784531980752945 0.19613298773765564 10.277368545532227
1433149892016 0 -0.8629851937294006 7.217694282531738 7.25692081451416
1433149890069 1 0.11767979711294174 0.23535959422588348 10.316595077514648
1433149892117 0 -0.7845319509506226 7.178467750549316 7.178467750549316
1433149890170 1 0.156906396150589 0.19613298773765564 10.316595077514648
1433149892218 0 -0.7060787677764893 7.178467750549316 7.217694282531738
1433149890270 1 0.23535959422588348 0.156906396150589 10.277368545532227
1433149892319 0 -0.7060787677764893 7.25692081451416 7.296147346496582
1433149890370 1 0.11767979711294174 0.19613298773765564 10.277368545532227
1433149892420 0 -1.5298373699188232 7.374600410461426 8.159132957458496
1433149890470 1 0.156906396150589 0.19613298773765564 10.316595077514648
1433149892519 0 -1.4121575355529785 7.5315070152282715 7.845319747924805
1433149890570 1 0.156906396150589 0.156906396150589 10.43427562713623
1433149892620 0 2.9812214374542236 9.061344146728516 -0.0784531980752945
1433149890671 1 0.156906396150589 0.23535959422588348 10.238142013549805
1433149892721 0 1.019891619682312 8.041452407836914 4.393379211425781
1433149890772 1 0.156906396150589 0.156906396150589 10.355822563171387
1433149892822 0 0.11767979711294174 8.198359489440918 8.551398277282715
1433149890872 1 0.156906396150589 0.19613298773765564 10.316595077514648
1433149892923 0 -0.19613298773765564 8.394492149353027 5.374043941497803
1433149890972 1 0.156906396150589 0.19613298773765564 10.395049095153809
1433149893024 0 -0.156906396150589 8.159132957458496 6.393935680389404
1433149891072 1 0.0784531980752945 0.156906396150589 10.277368545532227
1433149893125 0 0.0784531980752945 8.041452407836914 6.51161527633667
1433149891173 1 0.0784531980752945 0.27458620071411133 10.277368545532227
1433149893226 0 -0.11767979711294174 8.080678939819336 6.550841808319092
1433149891275 1 0.11767979711294174 0.156906396150589 10.316595077514648
1433149893327 0 -0.0784531980752945 8.119906425476074 6.2762556076049805
1433149891375 1 0.156906396150589 0.156906396150589 10.395049095153809
1433149893428 0 -1.2944778203964233 8.74753189086914 5.374043941497803
1433149891476 1 0.156906396150589 0.19613298773765564 10.238142013549805
1433149893530 0 -2.6674087047576904 8.982891082763672 4.314925670623779
1433149891577 1 0.156906396150589 0.19613298773765564 10.277368545532227
1433149893629 0 -4.667965412139893 7.806093215942383 12.944777488708496
1433149891678 1 0.156906396150589 0.156906396150589 10.355822563171387
1433149893731 0 -1.019891619682312 8.23758602142334 3.8442068099975586
1433149891779 1 0.11767979711294174 0.19613298773765564 10.277368545532227
1433149893831 0 -1.2944778203964233 8.316039085388184 8.080678939819336
1433149891880 1 0.156906396150589 0.156906396150589 10.395049095153809
1433149893932 0 -0.9806649684906006 8.316039085388184 3.4519407749176025
1433149891981 1 0.156906396150589 0.156906396150589 10.238142013549805
1433149894033 0 -0.627625584602356 9.688969612121582 4.001112937927246
1433149892081 1 0.0784531980752945 0.156906396150589 10.316595077514648
1433149894133 0 -0.9806649684906006 8.080678939819336 3.334260940551758
1433149892181 1 0.156906396150589 0.156906396150589 10.355822563171387
1433149894233 0 -0.7845319509506226 7.021561145782471 10.591181755065918
1433149892281 1 0.156906396150589 0.19613298773765564 10.198915481567383
1433149894334 0 -0.313812792301178 7.923772811889648 3.8834333419799805
1433149892382 1 0.19613298773765564 0.19613298773765564 10.355822563171387
1433149894435 0 -1.8436501026153564 9.179023742675781 7.453053951263428
1433149892483 1 0.156906396150589 0.156906396150589 10.355822563171387
1433149894536 0 -0.5883989930152893 8.080678939819336 3.4127140045166016
1433149892585 1 0.11767979711294174 0.23535959422588348 10.316595077514648
1433149894636 0 -1.4121575355529785 6.080122947692871 10.355822563171387
1433149892686 1 0.19613298773765564 0.156906396150589 10.277368545532227
1433149894736 0 -0.156906396150589 7.845319747924805 2.863541841506958
1433149892787 1 0.0784531980752945 0.156906396150589 10.355822563171387
1433149894837 0 -2.432049036026001 8.276812553405762 7.374600410461426
1433149892888 1 0.19613298773765564 0.23535959422588348 10.277368545532227
1433149894938 0 1.2944778203964233 8.512171745300293 3.3734874725341797
1433149892989 1 0.0784531980752945 0.19613298773765564 10.316595077514648
1433149895039 0 1.6082905530929565 7.845319747924805 5.138684272766113
1433149893089 1 0.27458620071411133 0.19613298773765564 10.316595077514648
1433149895140 0 0.6668521761894226 6.943108081817627 7.845319747924805
1433149893189 1 0.156906396150589 0.19613298773765564 10.395049095153809
1433149895242 0 -2.471275806427002 7.178467750549316 8.825984954833984
1433149893289 1 0.11767979711294174 0.23535959422588348 10.316595077514648
1433149895343 0 -0.9022117853164673 6.825428009033203 8.002225875854492
1433149893391 1 0.0784531980752945 0.23535959422588348 10.238142013549805
1433149895444 0 -1.019891619682312 6.433162212371826 8.43371868133545
1433149893491 1 0.11767979711294174 0.156906396150589 10.277368545532227
1433149895544 0 0.11767979711294174 6.51161527633667 8.512171745300293
1433149893591 1 0.19613298773765564 0.19613298773765564 10.355822563171387
1433149895645 0 1.4906107187271118 8.590624809265137 9.414383888244629
1433149893691 1 0.23535959422588348 0.19613298773765564 10.355822563171387
1433149895746 0 -3.255807638168335 9.92432975769043 9.179023742675781
1433149893792 1 0.19613298773765564 0.23535959422588348 10.355822563171387
1433149895848 0 -2.90276837348938 1.5298373699188232 6.943108081817627
1433149893892 1 0.11767979711294174 0.156906396150589 10.316595077514648
1433149895948 0 -13.493949890136719 1.45138418674469 3.295034408569336
1433149893992 1 0.0784531980752945 0.156906396150589 10.238142013549805
1433149896048 0 -10.865767478942871 -1.2160245180130005 3.3734874725341797
1433149894093 1 0.156906396150589 0.156906396150589 10.316595077514648
1433149896148 0 16.5143985748291 -2.3143694400787354 7.923772811889648
1433149894194 1 0.19613298773765564 0.156906396150589 10.277368545532227
1433149896249 0 10.277368545532227 1.8044235706329346 5.8839898109436035
1433149894295 1 0.11767979711294174 0.156906396150589 10.238142013549805
1433149896349 0 -14.160801887512207 -1.019891619682312 8.512171745300293
1433149894396 1 0.11767979711294174 0.11767979711294174 10.277368545532227
1433149896449 0 -4.550285339355469 -0.9414383769035339 4.746418476104736
1433149894496 1 0.156906396150589 0.156906396150589 10.316595077514648
1433149896549 0 4.981778144836426 -1.5298373699188232 7.727640151977539
1433149894596 1 0.11767979711294174 0.23535959422588348 10.238142013549805
1433149896649 0 -16.90666389465332 12.670191764831543 -2.392822504043579
1433149894698 1 0.0784531980752945 0.19613298773765564 10.355822563171387
1433149896749 0 3.1381278038024902 4.589511871337891 6.746974945068359
1433149894799 1 0.11767979711294174 0.19613298773765564 10.355822563171387
1433149896849 0 -8.74753189086914 12.003339767456055 -4.197246074676514
1433149894900 1 0.11767979711294174 0.19613298773765564 10.355822563171387
1433149896950 0 -13.768536567687988 7.49228048324585 -1.6082905530929565
1433149895001 1 0.11767979711294174 0.19613298773765564 10.316595077514648
1433149897050 0 20.005565643310547 -9.767423629760742 16.318265914916992
1433149895103 1 0.11767979711294174 0.23535959422588348 10.355822563171387
1433149897150 0 -20.005565643310547 8.865211486816406 3.4519407749176025
1433149895203 1 0.11767979711294174 0.19613298773765564 10.238142013549805
1433149897250 0 20.005565643310547 -5.295590877532959 16.985116958618164
1433149895304 1 0.156906396150589 0.19613298773765564 10.395049095153809
