1432847552756 1 -0.22026655077934265 0.7757213711738586 9.615114212036133
1432847552956 1 -0.22026655077934265 0.7852981686592102 9.739612579345703
1432847553156 1 -0.24899697303771973 0.7852981686592102 9.605537414550781
1432847553356 1 -0.20111294090747833 0.7565677165985107 9.615114212036133
1432847553556 1 -0.2106897532939911 0.8140285611152649 9.634267807006836
1432847553757 1 -0.19153612852096558 0.8236053586006165 9.557653427124023
1432847553957 1 -0.1149216815829277 0.9672574996948242 9.107542991638184
1432847554157 1 -0.009576806798577309 1.0247182846069336 9.653421401977539
1432847554357 1 1.455674648284912 2.0590133666992188 10.256759643554688
1432847554557 1 3.581725835800171 5.861005783081055 8.78193187713623
1432847554757 1 4.501099109649658 9.184157371520996 6.129156112670898
1432847554957 1 -7.747636795043945 1.5131354331970215 1.656787633895874
1432847555157 1 -0.5171475410461426 0.4884171485900879 2.920926094055176
1432847555358 1 11.386823654174805 7.881711959838867 5.085284233093262
1432847555558 1 -3.8977603912353516 -0.3064578175544739 3.7158010005950928
1432847555758 1 -5.171475887298584 -3.6104562282562256 3.4189200401306152
1432847555958 1 3.2178070545196533 11.894393920898438 9.107542991638184
1432847556158 1 -1.742978811264038 5.57370138168335 2.557007312774658
1432847556358 1 -3.7158010005950928 7.795520782470703 3.667917013168335
1432847556559 1 -3.6583402156829834 8.571242332458496 4.357447147369385
1432847556758 1 -3.600879430770874 8.02536392211914 4.01268196105957
1432847556959 1 -4.376600742340088 9.385271072387695 5.2672438621521
1432847557159 1 -2.557007312774658 8.638279914855957 5.4875102043151855
1432847557359 1 -8.580819129943848 -2.6431987285614014 -3.246537446975708
1432847557369 1 -7.65186882019043 -1.9728221893310547 -2.719813108444214
1432847557379 1 -6.971915245056152 -1.5514427423477173 -2.183511972427368
1432847557389 1 -6.320692539215088 -1.0821791887283325 -1.7908629179000854
1432847557399 1 -5.841852188110352 -0.6033388376235962 -1.3503297567367554
1432847557410 1 -5.363011837005615 -0.13407529890537262 -0.8140285611152649
1432847557420 1 -4.874594688415527 0.5171475410461426 -0.22026655077934265
1432847557430 1 -4.098873138427734 1.3215993642807007 0.47884035110473633
1432847557440 1 -3.179499864578247 2.2026655673980713 1.1779472827911377
1432847557450 1 -1.8579005002975464 3.1028854846954346 2.0685901641845703
1432847557460 1 0.10534487664699554 4.127603530883789 2.9975404739379883
1432847557470 1 2.585737943649292 5.410895824432373 4.3191399574279785
1432847557480 1 5.468356609344482 6.646304130554199 5.679046630859375
1432847557490 1 8.513781547546387 8.197746276855469 7.259219646453857
1432847557500 1 11.224017143249512 9.959878921508789 8.820239067077637
1432847557510 1 13.21599292755127 11.549629211425781 9.624691009521484
1432847557521 1 14.633360862731934 12.267889976501465 9.385271072387695
1432847557531 1 15.42823600769043 11.597513198852539 9.165003776550293
1432847557541 1 15.85919189453125 9.77791976928711 8.887276649475098
1432847557551 1 16.625335693359375 7.603984832763672 7.843404769897461
1432847557561 1 16.89348793029785 4.730942726135254 5.5545477867126465
1432847557571 1 16.99883270263672 1.8962076902389526 3.0837318897247314
1432847557581 1 17.295713424682617 -0.5267243981361389 0.9097966551780701
1432847557591 1 17.48724937438965 -2.279279947280884 -0.8331822156906128
1432847557601 1 17.38190460205078 -3.294421434402466 -2.31758713722229
1432847557612 1 16.922218322753906 -3.581725835800171 -3.3901896476745605
1432847557622 1 16.17522621154785 -2.978386878967285 -3.734954595565796
1432847557632 1 15.409082412719727 -1.5897499322891235 -3.4763808250427246
1432847557642 1 14.585476875305176 0.0 -3.19865345954895
1432847557652 1 13.848062515258789 1.9057846069335938 -2.604891538619995
1432847557663 1 12.401965141296387 5.315127849578857 -1.3407529592514038
1432847557673 1 11.683704376220703 6.3973069190979 -0.8810662031173706
1432847557683 1 11.109095573425293 7.067683219909668 -0.5554547905921936
1432847557693 1 10.448296546936035 7.2783732414245605 -0.4213795065879822
1432847557703 1 9.892841339111328 7.201758861541748 -0.2777273952960968
1432847557716 1 9.461885452270508 6.943184852600098 -0.12449848651885986
1432847557724 1 8.868123054504395 6.588842868804932 -0.2106897532939911
1432847557733 1 8.47547435760498 6.186617374420166 -0.43095630407333374
1432847557743 1 8.02536392211914 5.726930618286133 -0.6991068720817566
1432847557754 1 7.546523571014404 5.2672438621521 -0.8906430602073669
1432847557764 1 7.259219646453857 4.778826713562012 -0.9864110946655273
1432847557774 1 6.885724067687988 4.252102375030518 -1.1300631761550903
1432847557784 1 6.617573261260986 3.754108190536499 -1.0055646896362305
1432847557794 1 6.5696892738342285 3.3518824577331543 -0.9193734526634216
1432847557805 1 6.71334171295166 3.1507694721221924 -0.9193734526634216
1432847557815 1 6.914454460144043 2.9496564865112305 -0.26815059781074524
1432847557825 1 7.354987621307373 2.691082715988159 0.35434186458587646
1432847557835 1 8.054094314575195 2.6144683361053467 0.07661445438861847
1432847557845 1 8.695740699768066 2.719813108444214 -0.5746083855628967
1432847557855 1 9.059659004211426 2.6623523235321045 -0.9097966551780701
1432847557865 1 9.251194953918457 2.3367409706115723 -1.091755986213684
1432847557875 1 9.337387084960938 1.8770540952682495 -1.1683704853057861
1432847557885 1 9.461885452270508 1.4269442558288574 -1.0630255937576294
1432847557895 1 9.749189376831055 1.0630255937576294 -1.1875240802764893
1432847557905 1 10.237606048583984 1.1109095811843872 -1.580173134803772
1432847557916 1 10.860098838806152 1.522712230682373 -1.8387469053268433
1432847557926 1 11.30063247680664 1.867477297782898 -1.6855180263519287
1432847557936 1 11.712434768676758 2.097320795059204 -1.6280571222305298
1432847557946 1 11.990161895751953 2.126051187515259 -1.8100165128707886
1432847557956 1 11.961431503295898 2.0590133666992188 -2.212242364883423
1432847557966 1 11.779472351074219 1.9632453918457031 -2.5761611461639404
1432847557976 1 11.635820388793945 2.0590133666992188 -2.4899697303771973
1432847557986 1 11.559206008911133 2.5282769203186035 -2.3080103397369385
1432847557996 1 11.444284439086914 3.2561142444610596 -2.030282974243164
1432847558006 1 11.405977249145508 3.8594532012939453 -1.4269442558288574
1432847558016 1 11.291055679321289 4.299986362457275 -1.0630255937576294
1432847558027 1 11.128249168395996 4.711789131164551 -1.2258312702178955
1432847558037 1 10.78348445892334 5.094861030578613 -1.599326729774475
1432847558047 1 10.247182846069336 5.372588634490967 -1.9823989868164062
1432847558057 1 9.615114212036133 5.51624059677124 -2.049436569213867
1432847558067 1 9.136273384094238 5.592854976654053 -1.9153614044189453
1432847558077 1 8.78193187713623 5.928043365478516 -1.7046716213226318
1432847558087 1 8.40843677520752 6.531382083892822 -1.436521053314209
1432847558097 1 8.02536392211914 7.029376029968262 -1.0821791887283325
1432847558107 1 7.536946773529053 7.15387487411499 -0.8810662031173706
1432847558117 1 7.105990409851074 7.038952827453613 -0.9864110946655273
1432847558127 1 6.675034523010254 6.818686485290527 -1.0534487962722778
1432847558138 1 6.138733386993408 6.742072105407715 -1.1204863786697388
1432847558148 1 5.592854976654053 6.722918510437012 -1.2545616626739502
1432847558158 1 5.094861030578613 6.789956092834473 -1.2832920551300049
1432847558168 1 4.481945514678955 6.828263282775879 -1.0438719987869263
1432847558178 1 3.8115692138671875 6.818686485290527 -0.8523358106613159
1432847558188 1 3.0550012588500977 6.914454460144043 -0.8810662031173706
1432847558198 1 2.5761611461639404 7.144298076629639 -0.7852981686592102
1432847558208 1 1.8962076902389526 7.354987621307373 -0.4118026793003082
1432847558218 1 1.1492167711257935 7.508216381072998 0.07661445438861847
1432847558228 1 0.507570743560791 7.594407558441162 0.4213795065879822
1432847558239 1 -0.3256114423274994 7.7763671875 0.5746083855628967
1432847558249 1 -1.656787633895874 7.987056732177734 0.47884035110473633
1432847558259 1 -3.19865345954895 8.370129585266113 0.4692635238170624
1432847558269 1 -4.616020679473877 8.667010307312012 0.6320692300796509
1432847558279 1 -5.420472621917725 8.753201484680176 0.5363011956214905
1432847558289 1 -5.947196960449219 8.465897560119629 0.49799394607543945
1432847558300 1 -6.426037311553955 7.90086555480957 0.9672574996948242
1432847558309 1 -6.799532890319824 7.383718013763428 1.6280571222305298
1432847558319 1 -7.163451671600342 7.0772600173950195 1.9153614044189453
1432847558329 1 -7.556100368499756 7.173028469085693 2.0015525817871094
1432847558339 1 -7.987056732177734 7.354987621307373 2.0590133666992188
1432847558350 1 -8.418013572692871 7.364564418792725 2.0877439975738525
1432847558360 1 -8.743624687194824 7.374141216278076 1.9632453918457031
1432847558370 1 -8.983044624328613 7.268796443939209 1.7908629179000854
1432847558380 1 -9.078812599182129 7.096413612365723 1.6184803247451782
1432847558390 1 -8.992621421813965 6.904877662658691 1.5897499322891235
1432847558400 1 -8.71489429473877 6.799532890319824 1.5514427423477173
1432847558410 1 -8.197746276855469 6.89530086517334 1.5705963373184204
1432847558420 1 -7.623138427734375 7.058106422424316 1.6280571222305298
1432847558430 1 -7.029376029968262 7.240066051483154 1.5705963373184204
1432847558440 1 -6.426037311553955 7.4316020011901855 1.522712230682373
1432847558450 1 -5.889736175537109 7.527369976043701 1.5418659448623657
1432847558461 1 -5.3342814445495605 7.709329605102539 1.656787633895874
1432847558471 1 -4.213795185089111 8.245630264282227 1.6376339197158813
1432847558481 1 -3.6774938106536865 8.571242332458496 1.5514427423477173
1432847558491 1 -3.026270866394043 8.772355079650879 1.4748282432556152
1432847558501 1 -2.0207061767578125 8.753201484680176 1.359906554222107
1432847558511 1 -0.7374141216278076 8.552088737487793 1.1204863786697388
1432847558521 1 1.1013327836990356 8.130708694458008 1.015141487121582
1432847558532 1 2.920926094055176 7.3454108238220215 0.9385270476341248
1432847558542 1 5.008669853210449 6.291962146759033 1.2066776752471924
1432847558552 1 6.550535678863525 5.353435039520264 1.3886369466781616
1432847558562 1 7.556100368499756 4.788403511047363 1.1492167711257935
1432847558572 1 8.341399192810059 4.548983097076416 0.7661445140838623
1432847558582 1 8.848969459533691 4.730942726135254 0.9481038451194763
1432847558593 1 9.059659004211426 5.152322292327881 1.8100165128707886
1432847558603 1 9.14585018157959 5.564124584197998 2.8443117141723633
1432847558613 1 9.14585018157959 5.918466567993164 3.801992416381836
1432847558623 1 8.829815864562988 6.2632317543029785 4.721365928649902
1432847558633 1 8.255207061767578 6.751648902893066 5.458779811859131
1432847558643 1 7.3454108238220215 7.307103633880615 6.3302693367004395
1432847558654 1 6.244078159332275 8.226476669311523 7.623138427734375
1432847558664 1 5.257667064666748 9.423578262329102 8.868123054504395
1432847558674 1 4.165910720825195 10.582371711730957 10.256759643554688
1432847558684 1 3.1028854846954346 11.693281173706055 11.559206008911133
1432847558695 1 2.2218191623687744 12.650961875915527 12.239158630371094
1432847558705 1 1.3407529592514038 13.129801750183105 12.555193901062012
1432847558715 1 0.4596867263317108 13.15853214263916 12.97657299041748
1432847558725 1 -0.35434186458587646 12.966996192932129 13.24472427368164
1432847558735 1 -0.9002198576927185 12.78503704071045 13.177685737609863
1432847558745 1 -1.2545616626739502 12.54561710357666 13.053187370300293
1432847558755 1 -1.4939818382263184 12.22000503540039 12.78503704071045
1432847558765 1 -1.50355863571167 11.894393920898438 12.507309913635254
1432847558775 1 -1.436521053314209 11.559206008911133 12.248735427856445
1432847558785 1 -1.2258312702178955 11.195286750793457 11.903970718383789
1432847558796 1 -0.9193734526634216 10.84094524383545 11.568782806396484
1432847558806 1 -0.5171475410461426 10.553641319274902 11.166556358337402
1432847558816 1 -0.028730420395731926 10.390835762023926 10.697293281555176
1432847558826 1 0.4213795065879822 10.170568466186523 10.189722061157227
1432847558836 1 0.8619126081466675 9.911994934082031 9.634267807006836
1432847558846 1 1.2641384601593018 9.576807022094727 8.868123054504395
1432847558856 1 1.6280571222305298 9.174580574035645 8.044517517089844
1432847558866 1 1.9345149993896484 8.71489429473877 7.182605266571045
1432847558876 1 2.183511972427368 8.312667846679688 6.196194171905518
1432847558890 1 2.1930887699127197 7.805097579956055 5.066130638122559
1432847558897 1 2.499546527862549 7.393294811248779 3.8115692138671875
1432847558907 1 2.604891538619995 6.847416877746582 2.585737943649292
1432847558917 1 2.6431987285614014 6.387730121612549 1.359906554222107
1432847558927 1 2.7485435009002686 6.081272125244141 0.038307227194309235
1432847558937 1 2.9975404739379883 5.822698593139648 -1.292868971824646
1432847558947 1 3.313575267791748 5.535394191741943 -2.5761611461639404
1432847558957 1 3.687070608139038 5.228936672210693 -3.4380736351013184
1432847558967 1 3.936067581176758 4.8267107009887695 -4.108449935913086
1432847558977 1 4.223371982574463 4.51067590713501 -4.797980308532715
1432847558987 1 4.520252704620361 4.376600742340088 -5.851428985595703
1432847558998 1 4.7405195236206055 4.491522312164307 -6.818686485290527
1432847559008 1 4.912901878356934 4.7405195236206055 -7.661445617675781
1432847559018 1 5.018246650695801 5.018246650695801 -8.427590370178223
1432847559028 1 5.018246650695801 5.190629482269287 -9.069235801696777
1432847559038 1 4.932055473327637 5.257667064666748 -9.528923034667969
1432847559048 1 4.855441093444824 5.276820659637451 -9.835380554199219
1432847559059 1 4.76924991607666 5.190629482269287 -10.160991668701172
1432847559069 1 4.683058738708496 5.056553840637207 -10.304644584655762
1432847559079 1 4.63517427444458 4.960785865783691 -10.314221382141113
1432847559089 1 4.587290287017822 4.884171485900879 -10.189722061157227
1432847559099 1 4.529829502105713 4.721365928649902 -9.931148529052734
1432847559110 1 4.376600742340088 4.548983097076416 -9.08838939666748
1432847559119 1 4.07014274597168 4.261679172515869 -8.695740699768066
1432847559129 1 3.8977603912353516 4.20421838760376 -8.149862289428711
1432847559140 1 3.801992416381836 4.252102375030518 -7.575253963470459
1432847559150 1 3.821146011352539 4.4723687171936035 -6.8378400802612305
1432847559160 1 3.869029998779297 4.778826713562012 -5.899312973022461
1432847559170 1 3.9264907836914062 5.152322292327881 -4.941632270812988
1432847559180 1 4.089296340942383 5.506663799285889 -4.060565948486328
1432847559190 1 4.347870349884033 5.822698593139648 -3.160346269607544
1432847559200 1 4.606443881988525 6.081272125244141 -2.011129379272461
1432847559211 1 4.8267107009887695 6.311115741729736 -0.8427590131759644
1432847559221 1 5.027823448181152 6.655880928039551 0.40222588181495667
1432847559231 1 5.2480902671813965 7.038952827453613 1.4844050407409668
1432847559241 1 5.439626216888428 7.46033239364624 2.470816135406494
1432847559251 1 5.439626216888428 7.766790390014648 3.466804027557373
1432847559261 1 5.39174222946167 7.977479934692383 4.405331134796143
1432847559271 1 5.228936672210693 8.236053466796875 5.353435039520264
1432847559281 1 4.999093055725098 8.40843677520752 6.282385349273682
1432847559291 1 4.683058738708496 8.65743350982666 7.086836814880371
1432847559301 1 4.367023944854736 8.973467826843262 7.661445617675781
1432847559311 1 3.936067581176758 9.279925346374512 8.341399192810059
1432847559322 1 3.4189200401306152 9.59596061706543 8.983044624328613
1432847559332 1 2.9975404739379883 9.864110946655273 9.653421401977539
1432847559342 1 2.671929121017456 10.103530883789062 10.247182846069336
1432847559352 1 2.4803929328918457 10.35252857208252 10.706870079040527
1432847559362 1 2.518700122833252 10.60152530670166 11.061211585998535
1432847559372 1 2.671929121017456 10.879252433776855 11.444284439086914
1432847559383 1 2.738966703414917 11.061211585998535 11.798625946044922
1432847559393 1 2.8826189041137695 11.185709953308105 12.076353073120117
1432847559403 1 3.179499864578247 11.252747535705566 12.22000503540039
1432847559413 1 3.4763808250427246 11.377246856689453 12.162544250488281
1432847559423 1 3.706224203109741 11.319786071777344 11.97100830078125
1432847559433 1 3.869029998779297 11.15697956085205 11.60708999633789
1432847559443 1 3.936067581176758 10.793061256408691 11.233593940734863
1432847559454 1 3.936067581176758 10.323798179626465 10.735600471496582
1432847559465 1 3.9456443786621094 9.797073364257812 10.132261276245117
1432847559475 1 3.9456443786621094 9.375694274902344 9.519346237182617
1432847559485 1 3.9456443786621094 8.992621421813965 9.08838939666748
1432847559494 1 4.031835556030273 8.868123054504395 8.734047889709473
1432847559504 1 4.185064792633057 8.820239067077637 8.188169479370117
1432847559514 1 4.146757125854492 8.791508674621582 7.6997528076171875
1432847559524 1 4.309563159942627 8.83939266204834 7.393294811248779
1432847559534 1 4.491522312164307 9.02135181427002 7.1251444816589355
1432847559544 1 4.481945514678955 9.08838939666748 6.636727333068848
1432847559554 1 4.338293552398682 9.260771751403809 6.3302693367004395
1432847559564 1 4.01268196105957 9.423578262329102 6.033388137817383
1432847559575 1 3.907337188720703 9.682151794433594 5.822698593139648
1432847559585 1 3.801992416381836 9.911994934082031 5.726930618286133
1432847559595 1 3.5051112174987793 10.08437728881836 5.324704647064209
1432847559605 1 3.4093432426452637 10.180145263671875 4.874594688415527
1432847559615 1 3.361459255218506 10.237606048583984 4.568136692047119
1432847559625 1 3.2848446369171143 10.074800491333008 4.127603530883789
1432847559635 1 3.2178070545196533 9.873687744140625 3.667917013168335
1432847559645 1 3.1890766620635986 9.519346237182617 3.0837318897247314
1432847559655 1 3.1507694721221924 9.050082206726074 2.3367409706115723
1432847559666 1 3.07415509223938 8.485051155090332 1.5897499322891235
1432847559676 1 3.00711727142334 7.939172744750977 0.689530074596405
1432847559686 1 2.9305028915405273 7.383718013763428 -0.2585737705230713
1432847559696 1 2.7772738933563232 6.71334171295166 -1.292868971824646
1432847559706 1 2.6240451335906982 6.052541732788086 -2.145204782485962
1432847559716 1 2.537853717803955 5.564124584197998 -3.2178070545196533
1432847559726 1 2.4133553504943848 5.219359874725342 -4.338293552398682
1432847559737 1 2.2697031497955322 4.788403511047363 -5.449203014373779
1432847559747 1 2.0590133666992188 4.405331134796143 -6.234501361846924
1432847559757 1 1.8195933103561401 4.060565948486328 -6.933608055114746
1432847559767 1 1.8483237028121948 4.01268196105957 -7.690176010131836
1432847559777 1 1.9632453918457031 4.079719543457031 -8.398859977722168
1432847559787 1 2.0685901641845703 4.156333923339844 -8.887276649475098
1432847559798 1 2.1739351749420166 4.213795185089111 -9.126696586608887
1432847559808 1 2.2601263523101807 4.242525577545166 -9.174580574035645
1432847559818 1 2.470816135406494 4.223371982574463 -9.126696586608887
1432847559828 1 3.1220390796661377 4.587290287017822 -8.887276649475098
1432847559838 1 3.5051112174987793 5.07570743560791 -8.686163902282715
1432847559848 1 3.7924153804779053 5.602431774139404 -8.389283180236816
1432847559858 1 3.8115692138671875 6.004657745361328 -8.178592681884766
1432847559868 1 3.6391866207122803 6.1770405769348145 -8.006210327148438
1432847559878 1 3.3710360527038574 6.215347766876221 -7.8529815673828125
1432847559888 1 3.00711727142334 6.042964935302734 -7.738059997558594
1432847559898 1 2.719813108444214 5.822698593139648 -7.728483200073242
1432847559909 1 2.346317768096924 5.544970989227295 -7.65186882019043
1432847559919 1 2.126051187515259 5.324704647064209 -7.4316020011901855
1432847559929 1 2.1068975925445557 5.286397457122803 -7.15387487411499
1432847559939 1 2.346317768096924 5.4875102043151855 -6.847416877746582
1432847559949 1 2.7964274883270264 5.841852188110352 -6.320692539215088
1432847559959 1 3.3039982318878174 6.3302693367004395 -5.669469833374023
1432847559969 1 3.687070608139038 6.856993675231934 -5.114014625549316
1432847559979 1 4.031835556030273 7.249642848968506 -4.692635536193848
1432847559990 1 4.414907932281494 7.661445617675781 -4.347870349884033
1432847560000 1 4.788403511047363 8.054094314575195 -4.01268196105957
1432847560010 1 4.989516258239746 8.360552787780762 -3.821146011352539
1432847560020 1 5.094861030578613 8.255207061767578 -3.552995204925537
1432847560030 1 5.037400245666504 7.843404769897461 -3.2561142444610596
1432847560040 1 5.037400245666504 7.307103633880615 -2.959233283996582
1432847560050 1 5.1331682205200195 6.761225700378418 -2.7102363109588623
1432847560060 1 5.286397457122803 6.320692539215088 -2.3558945655822754
1432847560070 1 5.4875102043151855 6.215347766876221 -1.8195933103561401
1432847560080 1 5.793968200683594 6.339846134185791 -1.0630255937576294
1432847560090 1 6.205770969390869 6.6846113204956055 -0.181959331035614
1432847560100 1 6.627150535583496 7.1251444816589355 0.6703764796257019
1432847560111 1 6.952761650085449 7.565677165985107 1.37906014919281
1432847560121 1 7.316680431365967 8.08282470703125 2.2601263523101807
1432847560131 1 7.508216381072998 8.580819129943848 3.112462282180786
1432847560141 1 7.690176010131836 9.117119789123535 4.003105163574219
1432847560151 1 7.594407558441162 9.624691009521484 4.750096321105957
1432847560161 1 7.326257228851318 9.950302124023438 5.449203014373779
1432847560171 1 7.010222434997559 10.218452453613281 6.14831018447876
1432847560181 1 6.694188117980957 10.505757331848145 6.675034523010254
1432847560191 1 6.368576526641846 10.706870079040527 7.259219646453857
1432847560202 1 6.138733386993408 10.869675636291504 7.833827972412109
1432847560212 1 6.01423454284668 11.003750801086426 8.676587104797363
1432847560222 1 5.870582580566406 11.185709953308105 9.385271072387695
1432847560232 1 5.631162166595459 11.559206008911133 9.768342971801758
1432847560242 1 5.286397457122803 12.047622680664062 10.02691650390625
1432847560252 1 4.912901878356934 12.497733116149902 10.170568466186523
1432847560262 1 4.51067590713501 12.698845863342285 10.15141487121582
1432847560272 1 4.1180267333984375 12.660538673400879 9.96945571899414
1432847560282 1 3.648763418197632 12.373234748840332 9.701305389404297
1432847560292 1 3.246537446975708 11.923124313354492 9.337387084960938
1432847560303 1 2.9305028915405273 11.319786071777344 8.916007041931152
1432847560313 1 2.6815059185028076 10.72602367401123 8.53293514251709
1432847560323 1 2.585737943649292 10.228029251098633 7.939172744750977
1432847560333 1 2.5091233253479004 9.787496566772461 7.4316020011901855
1432847560343 1 2.5091233253479004 9.375694274902344 6.943184852600098
1432847560353 1 2.585737943649292 9.011775016784668 6.493074893951416
1432847560363 1 2.719813108444214 8.772355079650879 5.947196960449219
1432847560373 1 2.9496564865112305 8.446743965148926 5.592854976654053
1432847560383 1 3.0837318897247314 8.26478385925293 5.295974254608154
1432847560393 1 3.332728862762451 8.26478385925293 4.970362663269043
1432847560404 1 3.4380736351013184 8.130708694458008 4.501099109649658
1432847560414 1 3.6104562282562256 8.130708694458008 4.089296340942383
1432847560424 1 3.754108190536499 8.20732307434082 3.8594532012939453
1432847560434 1 3.907337188720703 8.178592681884766 3.428496837615967
1432847560444 1 4.041412353515625 8.149862289428711 2.911349296569824
1432847560454 1 4.079719543457031 8.092401504516602 2.557007312774658
1432847560464 1 4.194641590118408 7.939172744750977 2.126051187515259
1432847560474 1 4.175487995147705 7.785943984985352 1.5897499322891235
1432847560484 1 4.223371982574463 7.632715225219727 1.139639973640442
1432847560494 1 4.165910720825195 7.508216381072998 0.7182605266571045
1432847560505 1 4.20421838760376 7.383718013763428 0.22026655077934265
1432847560516 1 4.271255970001221 7.412448406219482 -0.3926490843296051
1432847560525 1 4.299986362457275 7.479485988616943 -1.072602391242981
1432847560535 1 4.357447147369385 7.623138427734375 -1.6089035272598267
1432847560545 1 4.405331134796143 7.738059997558594 -2.2026655673980713
1432847560555 1 4.443638324737549 7.766790390014648 -2.8347349166870117
1432847560565 1 4.548983097076416 7.594407558441162 -3.3710360527038574
1432847560575 1 4.7405195236206055 7.374141216278076 -3.955221176147461
1432847560586 1 4.9799394607543945 7.163451671600342 -4.367023944854736
1432847560596 1 5.190629482269287 7.000645637512207 -4.730942726135254
1432847560606 1 5.477933406829834 6.914454460144043 -5.056553840637207
1432847560616 1 5.822698593139648 6.885724067687988 -5.4875102043151855
1432847560626 1 6.282385349273682 6.971915245056152 -6.100425720214844
1432847560636 1 6.3973069190979 6.952761650085449 -6.512228488922119
1432847560646 1 6.378153324127197 6.89530086517334 -6.799532890319824
1432847560656 1 6.2632317543029785 6.732495307922363 -7.048529624938965
1432847560666 1 6.100425720214844 6.473921298980713 -7.268796443939209
1432847560877 1 4.481945514678955 8.810662269592285 -1.1300631761550903
1432847560887 1 4.596867084503174 8.695740699768066 -0.7374141216278076
1432847560897 1 4.7405195236206055 8.561665534973145 -0.2298433631658554
1432847560907 1 4.884171485900879 8.40843677520752 0.3734954595565796
1432847560917 1 4.884171485900879 8.418013572692871 0.9289502501487732
1432847560927 1 4.855441093444824 8.580819129943848 1.599326729774475
1432847560937 1 4.721365928649902 8.734047889709473 2.126051187515259
1432847560948 1 4.606443881988525 8.89685344696045 2.671929121017456
1432847560958 1 4.395754337310791 9.069235801696777 3.246537446975708
1432847560968 1 4.137180328369141 9.337387084960938 3.7253777980804443
1432847560978 1 3.840299606323242 9.519346237182617 4.137180328369141
1432847560988 1 3.5051112174987793 9.567230224609375 4.520252704620361
1432847560999 1 3.2369606494903564 9.500192642211914 4.8267107009887695
1432847561009 1 3.0358476638793945 9.375694274902344 4.9799394607543945
1432847561019 1 3.00711727142334 9.174580574035645 5.219359874725342
1432847561029 1 3.1028854846954346 9.040505409240723 5.583278179168701
1432847561039 1 3.19865345954895 8.89685344696045 5.918466567993164
1432847561049 1 3.2561142444610596 8.724471092224121 6.110002517700195
1432847561059 1 3.313575267791748 8.619126319885254 6.2632317543029785
1432847561069 1 3.4189200401306152 8.552088737487793 6.426037311553955
1432847561079 1 3.5051112174987793 8.523358345031738 6.560112476348877
1432847561090 1 3.667917013168335 8.504204750061035 6.7708024978637695
1432847561100 1 3.734954595565796 8.47547435760498 6.809109687805176
1432847561110 1 3.7828385829925537 8.523358345031738 6.876147270202637
1432847561120 1 3.7253777980804443 8.494627952575684 6.828263282775879
1432847561130 1 3.6391866207122803 8.465897560119629 6.780379295349121
1432847561141 1 3.514688014984131 8.437167167663574 6.703764915466309
1432847561151 1 3.3710360527038574 8.40843677520752 6.5696892738342285
1432847561161 1 3.227383852005005 8.513781547546387 6.406883716583252
1432847561171 1 3.1028854846954346 8.628703117370605 6.129156112670898
1432847561181 1 2.9496564865112305 8.667010307312012 5.995080947875977
1432847561191 1 2.8634653091430664 8.638279914855957 5.899312973022461
1432847561201 1 2.806004285812378 8.485051155090332 5.774814605712891
1432847561212 1 3.0166940689086914 8.638279914855957 5.65031623840332
1432847561223 1 3.112462282180786 8.705317497253418 5.784391403198242
1432847561232 1 3.246537446975708 8.753201484680176 5.813121795654297
1432847561242 1 3.3901896476745605 8.829815864562988 5.861005783081055
1432847561252 1 3.4955344200134277 9.02135181427002 5.9088897705078125
1432847561262 1 3.581725835800171 9.232041358947754 5.95677375793457
1432847561273 1 3.648763418197632 9.519346237182617 5.861005783081055
1432847561282 1 3.5242648124694824 9.816226959228516 5.70777702331543
1432847561293 1 3.4189200401306152 10.15141487121582 5.592854976654053
1432847561303 1 3.3231520652770996 10.295066833496094 5.449203014373779
1432847561313 1 3.1890766620635986 10.228029251098633 5.1810526847839355
1432847561323 1 3.026270866394043 10.093954086303711 4.9799394607543945
1432847561334 1 2.9305028915405273 9.90241813659668 4.750096321105957
1432847561344 1 2.978386878967285 9.720458984375 4.491522312164307
1432847561353 1 3.0837318897247314 9.528923034667969 4.271255970001221
1432847561364 1 3.1507694721221924 9.442731857299805 3.9456443786621094
1432847561374 1 3.1890766620635986 9.375694274902344 3.5434184074401855
1432847561384 1 3.3039982318878174 9.346963882446289 3.1028854846954346
1432847561394 1 3.44765043258667 9.35654067993164 2.691082715988159
1432847561405 1 3.687070608139038 9.27034854888916 2.279279947280884
1432847561414 1 3.88818359375 9.097966194152832 1.8770540952682495
1432847561424 1 4.041412353515625 8.868123054504395 1.4748282432556152
1432847561435 1 4.213795185089111 8.561665534973145 1.0055646896362305
1432847561445 1 4.376600742340088 8.255207061767578 0.5171475410461426
1432847561455 1 4.5394062995910645 8.015787124633789 0.047884032130241394
1432847561465 1 4.711789131164551 7.757213592529297 -0.31603461503982544
1432847561475 1 4.970362663269043 7.671022415161133 -0.7469909191131592
1432847561485 1 5.152322292327881 7.51779317855835 -1.2066776752471924
1432847561496 1 5.343858242034912 7.51779317855835 -1.6089035272598267
1432847561505 1 5.439626216888428 7.527369976043701 -2.049436569213867
1432847561515 1 5.382165431976318 7.527369976043701 -2.4133553504943848
1432847561525 1 5.315127849578857 7.546523571014404 -2.7964274883270264
1432847561536 1 5.190629482269287 7.4986395835876465 -3.1507694721221924
1432847561546 1 5.094861030578613 7.4986395835876465 -3.466804027557373
1432847561556 1 5.018246650695801 7.508216381072998 -3.648763418197632
1432847561566 1 4.855441093444824 7.51779317855835 -3.7253777980804443
1432847561576 1 4.6734819412231445 7.5848307609558105 -3.869029998779297
1432847561586 1 4.424484729766846 7.613561630249023 -3.9647979736328125
1432847561596 1 4.137180328369141 7.603984832763672 -3.974374771118164
1432847561606 1 3.907337188720703 7.65186882019043 -3.9456443786621094
1432847561617 1 3.706224203109741 7.833827972412109 -3.9169139862060547
1432847561627 1 3.6774938106536865 8.169015884399414 -3.8594532012939453
1432847561637 1 3.6774938106536865 8.5903959274292 -3.6104562282562256
1432847561647 1 3.667917013168335 9.069235801696777 -3.3710360527038574
1432847561657 1 3.667917013168335 9.452308654785156 -3.1316158771514893
1432847561667 1 3.6104562282562256 9.825803756713867 -2.8826189041137695
1432847561677 1 3.5913026332855225 9.96945571899414 -2.7006595134735107
1432847561687 1 3.5625722408294678 10.103530883789062 -2.604891538619995
1432847561697 1 3.533841609954834 10.180145263671875 -2.4420857429504395
1432847561708 1 3.648763418197632 10.247182846069336 -2.2026655673980713
1432847561718 1 3.8307228088378906 10.189722061157227 -2.0685901641845703
1432847561728 1 4.050989151000977 10.122684478759766 -1.9345149993896484
1432847561738 1 4.3191399574279785 10.08437728881836 -1.6759412288665771
1432847561748 1 4.606443881988525 10.093954086303711 -1.4460978507995605
1432847561758 1 4.836287498474121 10.08437728881836 -1.1971008777618408
1432847561768 1 4.960785865783691 10.007762908935547 -1.0247182846069336
1432847561779 1 4.989516258239746 9.892841339111328 -0.8331822156906128
1432847561789 1 4.912901878356934 9.768342971801758 -0.6703764796257019
1432847561799 1 4.845864295959473 9.605537414550781 -0.5267243981361389
1432847561809 1 4.654327869415283 9.567230224609375 -0.4213795065879822
1432847561819 1 4.5394062995910645 9.490615844726562 -0.1628057211637497
1432847561829 1 4.481945514678955 9.385271072387695 0.07661445438861847
1432847561839 1 4.4723687171936035 9.251194953918457 0.38307225704193115
1432847561849 1 4.462791919708252 9.184157371520996 0.6224924325942993
1432847561860 1 4.51067590713501 9.097966194152832 1.139639973640442
1432847561870 1 4.529829502105713 9.069235801696777 1.4173674583435059
1432847561880 1 4.596867084503174 8.96389102935791 1.6759412288665771
1432847561890 1 4.529829502105713 8.96389102935791 1.9057846069335938
1432847561900 1 4.51067590713501 9.040505409240723 2.126051187515259
1432847561910 1 4.434061527252197 9.107542991638184 2.2601263523101807
1432847561920 1 4.338293552398682 9.155426979064941 2.4229321479797363
1432847561930 1 4.20421838760376 9.08838939666748 2.5953147411346436
1432847561940 1 4.060565948486328 8.983044624328613 2.806004285812378
1432847561951 1 3.869029998779297 8.801085472106934 2.940079689025879
1432847561961 1 3.734954595565796 8.628703117370605 3.179499864578247
1432847561971 1 3.6774938106536865 8.40843677520752 3.428496837615967
1432847561981 1 3.6391866207122803 8.20732307434082 3.7158010005950928
1432847561991 1 3.600879430770874 7.948749542236328 4.022258758544922
1432847562001 1 3.4955344200134277 7.738059997558594 4.414907932281494
1432847562011 1 3.5434184074401855 7.4316020011901855 4.807557106018066
1432847562021 1 3.6296098232269287 7.240066051483154 5.200206279754639
1432847562031 1 3.6966474056243896 7.1251444816589355 5.544970989227295
1432847562041 1 3.7253777980804443 6.9910688400268555 5.928043365478516
1432847562052 1 3.7445313930511475 6.914454460144043 6.224924564361572
1432847562062 1 3.687070608139038 6.89530086517334 6.445190906524658
1432847562072 1 3.620033025741577 6.818686485290527 6.665457725524902
1432847562082 1 3.5625722408294678 6.818686485290527 6.847416877746582
1432847562092 1 3.3901896476745605 6.943184852600098 7.010222434997559
1432847562102 1 3.160346269607544 7.1251444816589355 7.086836814880371
1432847562112 1 2.9305028915405273 7.33583402633667 7.038952827453613
1432847562122 1 2.691082715988159 7.469909191131592 6.962338447570801
1432847562133 1 2.4229321479797363 7.489062786102295 6.866570472717285
1432847562143 1 2.1930887699127197 7.51779317855835 6.71334171295166
1432847562153 1 2.0015525817871094 7.556100368499756 6.560112476348877
1432847562163 1 1.8195933103561401 7.546523571014404 6.4834980964660645
1432847562173 1 1.6759412288665771 7.623138427734375 6.4164605140686035
1432847562187 1 1.580173134803772 7.690176010131836 6.253654956817627
1432847562194 1 1.5322890281677246 7.872135162353516 6.110002517700195
1432847562204 1 1.5418659448623657 8.063671112060547 6.023811340332031
1432847562214 1 1.580173134803772 8.226476669311523 5.918466567993164
1432847562224 1 1.723825216293335 8.398859977722168 5.736507415771484
1432847562234 1 1.8579005002975464 8.494627952575684 5.65031623840332
1432847562244 1 2.0685901641845703 8.523358345031738 5.535394191741943
1432847562254 1 2.3750481605529785 8.609549522399902 5.430049419403076
1432847562264 1 2.786850690841675 8.667010307312012 5.276820659637451
1432847562274 1 3.1699230670928955 8.65743350982666 5.07570743560791
1432847562284 1 3.5913026332855225 8.638279914855957 4.95120906829834
1432847562295 1 4.089296340942383 8.53293514251709 4.654327869415283
1432847562305 1 4.568136692047119 8.360552787780762 4.347870349884033
1432847562315 1 4.960785865783691 8.111555099487305 4.01268196105957
1432847562325 1 5.2480902671813965 7.766790390014648 3.5434184074401855
1432847562335 1 5.430049419403076 7.4986395835876465 2.9496564865112305
1432847562345 1 5.5545477867126465 7.297526836395264 2.4133553504943848
1432847562355 1 5.736507415771484 7.086836814880371 1.9632453918457031
1432847562366 1 5.889736175537109 6.89530086517334 1.4844050407409668
1432847562375 1 6.110002517700195 6.627150535583496 0.8427590131759644
1432847562385 1 6.1770405769348145 6.301538944244385 0.2585737705230713
1432847562396 1 6.301538944244385 6.196194171905518 -0.2968810200691223
1432847562406 1 6.607996463775635 6.27280855178833 -0.4596867263317108
1432847562416 1 6.89530086517334 6.598419666290283 -0.6607996821403503
1432847562426 1 7.173028469085693 7.0772600173950195 -0.9289502501487732
1432847562436 1 7.383718013763428 7.747636795043945 -1.2258312702178955
1432847562447 1 7.422025203704834 8.494627952575684 -1.50355863571167
1432847562456 1 7.479485988616943 9.299078941345215 -1.6663644313812256
1432847562467 1 7.556100368499756 10.141838073730469 -1.656787633895874
1432847562477 1 7.546523571014404 10.946290016174316 -1.3694833517074585
1432847562487 1 7.326257228851318 11.578359603881836 -1.3886369466781616
1432847562497 1 7.01979923248291 12.162544250488281 -1.5610195398330688
1432847562507 1 6.502651691436768 12.526463508605957 -1.6376339197158813
1432847562517 1 6.023811340332031 12.650961875915527 -1.5705963373184204
1432847562527 1 5.458779811859131 12.641385078430176 -1.6950948238372803
1432847562537 1 4.932055473327637 12.593501091003418 -1.944091796875
1432847562548 1 3.8498764038085938 12.258312225341797 -1.8770540952682495
1432847562558 1 3.552995204925537 11.932701110839844 -1.8579005002975464
1432847562568 1 3.4189200401306152 11.683704376220703 -1.7717092037200928
1432847562578 1 3.3231520652770996 11.444284439086914 -1.4077905416488647
1432847562588 1 3.2752678394317627 11.224017143249512 -1.0630255937576294
1432847562598 1 3.332728862762451 11.15697956085205 -0.6129156351089478
1432847562609 1 3.3518824577331543 11.1474027633667 -0.17238251864910126
1432847562620 1 3.246537446975708 11.224017143249512 0.09576806426048279
1432847562629 1 2.911349296569824 11.262324333190918 0.545877993106842
1432847562639 1 2.5474305152893066 11.080365180969238 0.7948749661445618
1432847562649 1 2.049436569213867 10.90798282623291 0.8427590131759644
1432847562659 1 1.3694833517074585 10.60152530670166 1.1109095811843872
1432847562670 1 0.8140285611152649 10.323798179626465 1.2258312702178955
1432847562680 1 0.31603461503982544 10.08437728881836 1.139639973640442
1432847562690 1 -0.14365209639072418 9.825803756713867 1.235408067703247
1432847562700 1 -0.5363011956214905 9.605537414550781 1.4652514457702637
1432847562710 1 -0.7757213711738586 9.366117477416992 1.6663644313812256
1432847562722 1 -1.0534487962722778 9.232041358947754 1.800439715385437
1432847562730 1 -1.3215993642807007 9.097966194152832 1.886630892753601
1432847562741 1 -1.580173134803772 9.050082206726074 1.9823989868164062
1432847562751 1 -1.867477297782898 9.069235801696777 2.250549554824829
1432847562761 1 -2.145204782485962 9.184157371520996 2.470816135406494
1432847562771 1 -2.499546527862549 9.452308654785156 2.6623523235321045
1432847562782 1 -2.75812029838562 9.682151794433594 2.7102363109588623
1432847562792 1 -3.0166940689086914 9.758766174316406 2.738966703414917
1432847562802 1 -3.294421434402466 9.682151794433594 2.892195701599121
1432847562812 1 -3.294421434402466 9.576807022094727 3.3231520652770996
1432847562822 1 -2.9305028915405273 9.423578262329102 3.706224203109741
1432847562832 1 -2.4133553504943848 9.27034854888916 4.07014274597168
1432847562842 1 -1.9057846069335938 9.078812599182129 4.309563159942627
1432847562852 1 -1.5131354331970215 8.935160636901855 4.443638324737549
1432847562862 1 -1.2545616626739502 8.791508674621582 4.261679172515869
1432847562873 1 -1.0247182846069336 8.667010307312012 3.907337188720703
1432847562883 1 -0.7565677165985107 8.561665534973145 3.581725835800171
1432847562893 1 -0.8236053586006165 8.494627952575684 3.514688014984131
1432847562903 1 -0.689530074596405 8.293514251708984 3.667917013168335
1432847562913 1 -0.6033388376235962 8.044517517089844 3.620033025741577
1432847562923 1 -0.3447650372982025 7.718906402587891 3.399766445159912
1432847562933 1 -0.08619125932455063 7.527369976043701 3.6104562282562256
1432847562943 1 0.2968810200691223 7.33583402633667 4.003105163574219
1432847562954 1 1.0342950820922852 7.038952827453613 4.031835556030273
1432847562964 1 1.9057846069335938 6.588842868804932 4.022258758544922
1432847562974 1 2.6815059185028076 5.793968200683594 3.993528366088867
1432847562984 1 3.5051112174987793 4.759673118591309 4.127603530883789
1432847562994 1 4.185064792633057 3.6774938106536865 4.2329487800598145
1432847563004 1 4.922478675842285 3.045424461364746 4.1180267333984375
1432847563015 1 5.477933406829834 2.82515811920166 3.974374771118164
1432847563025 1 6.052541732788086 2.75812029838562 4.022258758544922
1432847563035 1 6.722918510437012 2.3942017555236816 4.003105163574219
1432847563045 1 7.441178798675537 1.6280571222305298 3.907337188720703
1432847563055 1 8.02536392211914 0.689530074596405 3.687070608139038
1432847563065 1 8.89685344696045 -0.17238251864910126 3.514688014984131
1432847563075 1 10.046070098876953 -0.7182605266571045 3.265691041946411
1432847563086 1 11.166556358337402 -1.1492167711257935 3.4380736351013184
1432847563096 1 12.009315490722656 -1.3886369466781616 3.936067581176758
1432847563106 1 12.72757625579834 -1.5514427423477173 4.003105163574219
1432847563116 1 13.66610336303711 -1.3311761617660522 3.581725835800171
1432847563127 1 13.761871337890625 -0.9864110946655273 3.5434184074401855
1432847563137 1 13.522451400756836 -0.31603461503982544 3.4763808250427246
1432847563147 1 13.110648155212402 0.5841852426528931 3.4763808250427246
1432847563157 1 12.507309913635254 1.4652514457702637 3.533841609954834
1432847563167 1 11.951854705810547 2.231395959854126 3.7445313930511475
1432847563177 1 11.35809326171875 2.873042106628418 3.8594532012939453
1432847563187 1 10.620678901672363 3.4572272300720215 3.7636849880218506
1432847563197 1 10.055646896362305 4.156333923339844 3.8115692138671875
1432847563208 1 9.481039047241211 4.8267107009887695 3.9169139862060547
1432847563218 1 8.848969459533691 5.602431774139404 4.127603530883789
1432847563228 1 8.121131896972656 6.3302693367004395 4.32871675491333
1432847563238 1 7.527369976043701 6.847416877746582 4.596867084503174
1432847563248 1 6.943184852600098 7.33583402633667 4.7405195236206055
1432847563258 1 6.320692539215088 7.65186882019043 4.6734819412231445
1432847563268 1 5.65031623840332 7.987056732177734 4.347870349884033
1432847563278 1 4.932055473327637 8.197746276855469 3.88818359375
1432847563289 1 4.185064792633057 8.188169479370117 3.399766445159912
1432847563299 1 3.5051112174987793 8.159439086914062 3.026270866394043
1432847563309 1 2.9975404739379883 7.996633529663086 2.365471363067627
1432847563319 1 2.499546527862549 7.843404769897461 1.867477297782898
1432847563329 1 2.164358377456665 7.575253963470459 1.9919757843017578
1432847563339 1 1.886630892753601 7.259219646453857 2.049436569213867
1432847563349 1 1.580173134803772 6.962338447570801 2.030282974243164
1432847563359 1 1.216254472732544 6.751648902893066 1.9153614044189453
1432847563370 1 1.0055646896362305 6.71334171295166 1.3120225667953491
1432847563380 1 0.6991068720817566 6.856993675231934 0.6129156351089478
1432847563390 1 0.33518823981285095 6.89530086517334 0.43095630407333374
1432847563400 1 0.12449848651885986 6.933608055114746 0.6416460275650024
1432847563410 1 -0.019153613597154617 7.220912456512451 0.5554547905921936
1432847563420 1 -0.23942017555236816 7.680599212646484 0.2968810200691223
1432847563430 1 -0.4884171485900879 8.14028549194336 0.17238251864910126
1432847563440 1 -0.689530074596405 8.542511940002441 0.5267243981361389
1432847563450 1 -0.9002198576927185 8.858546257019043 1.1300631761550903
1432847563461 1 -1.072602391242981 9.193734169006348 0.9002198576927185
1432847563471 1 -1.0438719987869263 9.59596061706543 0.5363011956214905
1432847563481 1 -1.139639973640442 10.036493301391602 0.4118026793003082
1432847563491 1 -1.3982137441635132 10.448296546936035 0.6416460275650024
1432847563501 1 -1.6376339197158813 10.678139686584473 0.6703764796257019
1432847563511 1 -1.8387469053268433 11.003750801086426 0.5363011956214905
1432847563521 1 -1.9153614044189453 11.329362869262695 0.5267243981361389
1432847563531 1 -1.9919757843017578 11.712434768676758 0.6224924325942993
1432847563542 1 -2.078166961669922 12.172121047973633 0.7661445140838623
1432847563552 1 -2.1547815799713135 12.583924293518066 0.8810662031173706
1432847563562 1 -2.1356279850006104 12.842497825622559 1.1204863786697388
1432847563572 1 -2.0590133666992188 12.995726585388184 1.3982137441635132
1432847563585 1 -1.9632453918457031 13.053187370300293 1.5897499322891235
1432847563592 1 -1.8579005002975464 13.10107135772705 1.867477297782898
1432847563602 1 -1.7525556087493896 13.235146522521973 2.2601263523101807
1432847563612 1 -1.4748282432556152 13.474567413330078 2.212242364883423
1432847563623 1 -1.1875240802764893 13.819332122802734 2.0877439975738525
1432847563633 1 -0.9002198576927185 13.962984085083008 2.183511972427368
1432847563643 1 -0.7086837291717529 13.982137680053711 2.298433542251587
1432847563653 1 -0.47884035110473633 13.905523300170898 2.403778553009033
1432847563664 1 -0.3734954595565796 13.838485717773438 2.4899697303771973
1432847563674 1 -0.20111294090747833 13.781024932861328 2.6623523235321045
1432847563685 1 -0.09576806426048279 13.66610336303711 2.7006595134735107
1432847563694 1 -0.05746084079146385 13.474567413330078 2.2601263523101807
1432847563705 1 -0.08619125932455063 13.005303382873535 1.7621324062347412
1432847563715 1 -0.38307225704193115 11.750741958618164 1.2737152576446533
1432847563726 1 -0.24899697303771973 11.35809326171875 1.37906014919281
1432847563737 1 -0.13407529890537262 11.109095573425293 1.3694833517074585
1432847563746 1 -0.06703764945268631 11.08994197845459 1.1779472827911377
1432847563756 1 0.009576806798577309 11.051634788513184 1.5514427423477173
1432847563766 1 0.06703764945268631 10.879252433776855 2.2697031497955322
1432847563776 1 0.26815059781074524 10.678139686584473 2.7102363109588623
1432847563786 1 0.545877993106842 10.649409294128418 2.7772738933563232
1432847563796 1 0.871489405632019 10.553641319274902 2.8826189041137695
1432847563806 1 1.1683704853057861 10.323798179626465 2.719813108444214
1432847563817 1 1.647210717201233 10.017339706420898 2.557007312774658
1432847563827 1 1.9153614044189453 9.519346237182617 2.5953147411346436
1432847563837 1 2.2601263523101807 8.89685344696045 2.604891538619995
1432847563847 1 2.38462495803833 8.20732307434082 2.585737943649292
1432847563857 1 2.604891538619995 7.757213592529297 2.82515811920166
1432847563867 1 2.8443117141723633 7.33583402633667 3.064578056335449
1432847563877 1 2.9688100814819336 6.732495307922363 4.003105163574219
1432847563887 1 3.380612850189209 5.621585369110107 4.865017890930176
1432847563897 1 4.01268196105957 4.367023944854736 4.663905143737793
1432847563907 1 4.711789131164551 3.3901896476745605 3.9839515686035156
1432847563917 1 5.343858242034912 2.537853717803955 3.2369606494903564
1432847563928 1 5.851428985595703 1.6759412288665771 2.8826189041137695
1432847563938 1 6.205770969390869 0.9385270476341248 2.8826189041137695
1432847563948 1 6.502651691436768 0.22026655077934265 2.75812029838562
1432847563958 1 6.847416877746582 -0.2298433631658554 2.3558945655822754
1432847563968 1 6.89530086517334 -0.4596867263317108 1.7908629179000854
1432847563978 1 6.780379295349121 -0.7086837291717529 1.2258312702178955
1432847563988 1 6.560112476348877 -0.9385270476341248 0.7374141216278076
1432847563998 1 6.5696892738342285 -1.1013327836990356 0.7565677165985107
1432847564009 1 6.368576526641846 -1.5610195398330688 1.139639973640442
1432847564019 1 6.167463779449463 -1.6759412288665771 1.5514427423477173
1432847564029 1 5.975927352905273 -1.4844050407409668 2.1356279850006104
1432847564039 1 5.410895824432373 -1.0342950820922852 2.786850690841675
1432847564049 1 4.6255974769592285 -0.4213795065879822 3.3710360527038574
1432847564059 1 3.6966474056243896 0.4118026793003082 4.07014274597168
1432847564069 1 3.064578056335449 1.4939818382263184 4.788403511047363
1432847564079 1 2.5282769203186035 2.8155810832977295 6.023811340332031
1432847564089 1 2.38462495803833 4.280832767486572 7.0772600173950195
1432847564100 1 2.585737943649292 5.832275390625 7.6997528076171875
1432847564110 1 2.9305028915405273 7.201758861541748 7.910442352294922
1432847564120 1 3.246537446975708 8.101978302001953 8.02536392211914
1432847564130 1 3.2848446369171143 8.312667846679688 8.20732307434082
1432847564140 1 3.0837318897247314 7.987056732177734 8.178592681884766
1432847564150 1 2.853888511657715 7.402871608734131 7.795520782470703
1432847564160 1 2.652775526046753 6.761225700378418 7.441178798675537
1432847564170 1 2.3271639347076416 6.129156112670898 7.096413612365723
1432847564180 1 1.9823989868164062 5.659893035888672 6.828263282775879
1432847564391 1 4.07014274597168 4.702212333679199 11.262324333190918
1432847564401 1 3.734954595565796 3.955221176147461 11.013327598571777
1432847564411 1 3.3901896476745605 3.5625722408294678 11.03248119354248
1432847564421 1 3.141192674636841 3.620033025741577 10.888829231262207
1432847564431 1 3.112462282180786 3.88818359375 10.84094524383545
1432847564441 1 3.160346269607544 4.079719543457031 11.061211585998535
1432847564451 1 3.07415509223938 4.01268196105957 11.616666793823242
1432847564461 1 2.873042106628418 3.6104562282562256 12.143390655517578
1432847564472 1 2.671929121017456 3.0166940689086914 12.066776275634766
1432847564482 1 2.537853717803955 2.2601263523101807 11.731588363647461
1432847564492 1 2.3750481605529785 1.4460978507995605 11.492168426513672
1432847564502 1 2.3080103397369385 0.7757213711738586 11.453861236572266
1432847564512 1 2.3558945655822754 0.26815059781074524 11.405977249145508
1432847564522 1 2.38462495803833 0.1628057211637497 11.319786071777344
1432847564532 1 2.3750481605529785 0.363918662071228 10.96544361114502
1432847564542 1 2.403778553009033 0.8140285611152649 10.984597206115723
1432847564553 1 2.097320795059204 1.1492167711257935 10.927136421203613
1432847564563 1 1.723825216293335 1.1683704853057861 10.620678901672363
1432847564573 1 1.3886369466781616 1.0055646896362305 10.055646896362305
1432847564583 1 1.2545616626739502 0.6703764796257019 9.567230224609375
1432847564593 1 1.235408067703247 0.40222588181495667 9.509769439697266
1432847564603 1 0.6320692300796509 -0.10534487664699554 9.739612579345703
1432847564614 1 0.009576806798577309 -0.3447650372982025 9.327810287475586
1432847564624 1 -1.158793568611145 -0.38307225704193115 11.760318756103516
1432847564634 1 -2.82515811920166 0.009576806798577309 12.54561710357666
1432847564644 1 -3.6296098232269287 -0.009576806798577309 15.207969665527344
1432847564654 1 -3.5625722408294678 0.9193734526634216 15.275007247924805
1432847564664 1 -2.8634653091430664 1.3982137441635132 13.943830490112305
1432847564674 1 -1.9536685943603516 1.1013327836990356 12.334927558898926
1432847564684 1 -1.4077905416488647 0.5363011956214905 11.03248119354248
1432847564695 1 -1.2737152576446533 0.08619125932455063 9.979032516479492
1432847564705 1 -1.0630255937576294 -0.2777273952960968 6.464344501495361
1432847564716 1 -1.139639973640442 -0.6991068720817566 4.4723687171936035
1432847564725 1 -0.7661445140838623 -0.3447650372982025 5.841852188110352
1432847564735 1 -0.9385270476341248 -0.45010992884635925 11.128249168395996
1432847564745 1 -2.0590133666992188 -0.7757213711738586 15.332468032836914
1432847564755 1 -3.44765043258667 -0.6416460275650024 16.146495819091797
1432847564765 1 -3.8115692138671875 0.6991068720817566 12.248735427856445
1432847564777 1 1.0342950820922852 3.2848446369171143 4.8267107009887695
1432847564786 1 2.7485435009002686 1.8962076902389526 5.4875102043151855
1432847564796 1 1.1300631761550903 0.507570743560791 8.370129585266113
1432847564806 1 -0.40222588181495667 0.871489405632019 9.404424667358398
1432847564816 1 -1.436521053314209 0.871489405632019 10.649409294128418
1432847564827 1 -2.011129379272461 0.6033388376235962 11.118672370910645
1432847564854 1 -1.599326729774475 0.47884035110473633 10.975020408630371
1432847564855 1 -0.9097966551780701 0.6703764796257019 10.371682167053223
1432847564857 1 0.3447650372982025 0.9002198576927185 9.241618156433105
1432847564867 1 0.9289502501487732 0.689530074596405 7.805097579956055
1432847564877 1 0.43095630407333374 0.6703764796257019 7.977479934692383
1432847564887 1 -0.2777273952960968 0.7757213711738586 9.806650161743164
1432847564897 1 -0.8236053586006165 0.7948749661445618 10.879252433776855
1432847564907 1 -0.6416460275650024 0.6703764796257019 10.35252857208252
1432847564918 1 -0.22026655077934265 0.6703764796257019 9.442731857299805
1432847564928 1 0.13407529890537262 0.727837324142456 9.08838939666748
1432847564938 1 0.0 0.7565677165985107 9.35654067993164
1432847564948 1 -0.3256114423274994 0.7757213711738586 9.883264541625977
1432847564958 1 -0.4213795065879822 0.727837324142456 10.055646896362305
1432847564968 1 -0.2585737705230713 0.7757213711738586 9.59596061706543
1432847564978 1 -0.08619125932455063 0.7374141216278076 9.241618156433105
1432847564988 1 -0.09576806426048279 0.727837324142456 9.41400146484375
1432847564999 1 -0.23942017555236816 0.7469909191131592 9.835380554199219
1432847565009 1 -0.24899697303771973 0.7757213711738586 9.797073364257812
1432847565019 1 -0.19153612852096558 0.7852981686592102 9.528923034667969
1432847565029 1 -0.17238251864910126 0.7565677165985107 9.500192642211914
1432847565039 1 -0.23942017555236816 0.7565677165985107 9.691728591918945
1432847565049 1 -0.20111294090747833 0.7469909191131592 9.701305389404297
1432847565059 1 -0.19153612852096558 0.727837324142456 9.567230224609375
1432847565070 1 -0.2106897532939911 0.7469909191131592 9.557653427124023
1432847565080 1 -0.23942017555236816 0.727837324142456 9.701305389404297
1432847565090 1 -0.181959331035614 0.7086837291717529 9.701305389404297
1432847565100 1 -0.17238251864910126 0.727837324142456 9.557653427124023
1432847565110 1 -0.181959331035614 0.7086837291717529 9.586383819580078
1432847565120 1 -0.20111294090747833 0.6991068720817566 9.624691009521484
1432847565130 1 -0.23942017555236816 0.7374141216278076 9.66299819946289
1432847565141 1 -0.2106897532939911 0.7374141216278076 9.615114212036133
1432847565151 1 -0.20111294090747833 0.6991068720817566 9.605537414550781
1432847565161 1 -0.181959331035614 0.6991068720817566 9.634267807006836
1432847565171 1 -0.17238251864910126 0.7086837291717529 9.624691009521484
1432847565181 1 -0.19153612852096558 0.7086837291717529 9.557653427124023
1432847565191 1 -0.20111294090747833 0.689530074596405 9.519346237182617
1432847565202 1 -0.2106897532939911 0.7182605266571045 9.567230224609375
1432847565212 1 -0.1628057211637497 0.727837324142456 9.586383819580078
1432847565222 1 -0.1149216815829277 0.727837324142456 9.576807022094727
1432847565232 1 -0.10534487664699554 0.6799532771110535 9.59596061706543
1432847565242 1 -0.09576806426048279 0.6799532771110535 9.643844604492188
1432847565252 1 -0.1628057211637497 0.7086837291717529 9.615114212036133
1432847565263 1 -0.1628057211637497 0.6991068720817566 9.605537414550781
1432847565273 1 -0.17238251864910126 0.727837324142456 9.605537414550781
1432847565283 1 -0.20111294090747833 0.7661445140838623 9.624691009521484
1432847565293 1 -0.2106897532939911 0.7182605266571045 9.615114212036133
1432847565303 1 -0.181959331035614 0.7374141216278076 9.624691009521484
1432847565313 1 -0.17238251864910126 0.7565677165985107 9.576807022094727
1432847565333 1 -0.19153612852096558 0.6991068720817566 9.615114212036133
1432847565343 1 -0.22026655077934265 0.6991068720817566 9.605537414550781
1432847565354 1 -0.2298433631658554 0.6991068720817566 9.605537414550781
1432847565364 1 -0.181959331035614 0.7469909191131592 9.634267807006836
1432847565374 1 -0.1628057211637497 0.7182605266571045 9.615114212036133
1432847565384 1 -0.1628057211637497 0.727837324142456 9.643844604492188
1432847565394 1 -0.14365209639072418 0.7661445140838623 9.624691009521484
1432847565404 1 -0.17238251864910126 0.7086837291717529 9.605537414550781
1432847565414 1 -0.19153612852096558 0.727837324142456 9.624691009521484
1432847565424 1 -0.2106897532939911 0.6991068720817566 9.605537414550781
1432847565435 1 -0.15322890877723694 0.727837324142456 9.605537414550781
1432847565445 1 -0.1628057211637497 0.7086837291717529 9.605537414550781
1432847565455 1 -0.181959331035614 0.689530074596405 9.576807022094727
1432847565465 1 -0.1628057211637497 0.6703764796257019 9.634267807006836
1432847565475 1 -0.1628057211637497 0.6703764796257019 9.605537414550781
1432847565485 1 -0.19153612852096558 0.6416460275650024 9.624691009521484
1432847565496 1 -0.22026655077934265 0.6991068720817566 9.682151794433594
1432847565506 1 -0.19153612852096558 0.689530074596405 9.615114212036133
1432847565517 1 -0.19153612852096558 0.7374141216278076 9.624691009521484
1432847565527 1 -0.20111294090747833 0.727837324142456 9.615114212036133
1432847565537 1 -0.181959331035614 0.7086837291717529 9.624691009521484
1432847565547 1 -0.17238251864910126 0.7086837291717529 9.59596061706543
1432847565557 1 -0.20111294090747833 0.7374141216278076 9.615114212036133
1432847565567 1 -0.19153612852096558 0.7086837291717529 9.576807022094727
1432847565578 1 -0.181959331035614 0.7374141216278076 9.615114212036133
1432847565590 1 -0.19153612852096558 0.7086837291717529 9.624691009521484
1432847565600 1 -0.181959331035614 0.7086837291717529 9.59596061706543
1432847565614 1 -0.19153612852096558 0.727837324142456 9.576807022094727
1432847565621 1 -0.2298433631658554 0.689530074596405 9.643844604492188
1432847565631 1 -0.17238251864910126 0.7469909191131592 9.615114212036133
1432847565641 1 -0.15322890877723694 0.7469909191131592 9.624691009521484
1432847565651 1 -0.15322890877723694 0.6703764796257019 9.605537414550781
1432847565661 1 -0.19153612852096558 0.6991068720817566 9.605537414550781
1432847565671 1 -0.2298433631658554 0.6991068720817566 9.605537414550781
1432847565682 1 -0.22026655077934265 0.727837324142456 9.59596061706543
1432847565692 1 -0.20111294090747833 0.727837324142456 9.624691009521484
1432847565702 1 -0.20111294090747833 0.7182605266571045 9.576807022094727
1432847565712 1 -0.14365209639072418 0.689530074596405 9.548076629638672
1432847565725 1 -0.181959331035614 0.6991068720817566 9.59596061706543
1432847565733 1 -0.181959331035614 0.689530074596405 9.605537414550781
1432847565743 1 -0.2106897532939911 0.7086837291717529 9.643844604492188
1432847565753 1 -0.2106897532939911 0.6607996821403503 9.691728591918945
1432847565763 1 -0.22026655077934265 0.6607996821403503 9.624691009521484
1432847565773 1 -0.2106897532939911 0.6799532771110535 9.576807022094727
1432847565783 1 -0.2298433631658554 0.6991068720817566 9.548076629638672
1432847565793 1 -0.22026655077934265 0.6991068720817566 9.59596061706543
1432847565803 1 -0.17238251864910126 0.7086837291717529 9.605537414550781
1432847565814 1 -0.19153612852096558 0.689530074596405 9.567230224609375
1432847565824 1 -0.17238251864910126 0.6703764796257019 9.567230224609375
1432847565839 1 -0.1628057211637497 0.6607996821403503 9.653421401977539
1432847565848 1 -0.15322890877723694 0.6799532771110535 9.643844604492188
1432847565858 1 -0.17238251864910126 0.689530074596405 9.586383819580078
1432847565868 1 -0.1628057211637497 0.7661445140838623 9.605537414550781
1432847565878 1 -0.17238251864910126 0.7565677165985107 9.624691009521484
1432847565888 1 -0.2106897532939911 0.7661445140838623 9.615114212036133
1432847565898 1 -0.22026655077934265 0.727837324142456 9.624691009521484
1432847565908 1 -0.22026655077934265 0.727837324142456 9.59596061706543
1432847565918 1 -0.181959331035614 0.7469909191131592 9.624691009521484
1432847565929 1 -0.2106897532939911 0.727837324142456 9.66299819946289
1432847565939 1 -0.15322890877723694 0.689530074596405 9.624691009521484
1432847565950 1 -0.12449848651885986 0.6512228846549988 9.586383819580078
1432847565960 1 -0.13407529890537262 0.6703764796257019 9.557653427124023
1432847565970 1 -0.12449848651885986 0.689530074596405 9.567230224609375
1432847565980 1 -0.1149216815829277 0.7182605266571045 9.634267807006836
1432847565990 1 -0.1628057211637497 0.7374141216278076 9.586383819580078
1432847566000 1 -0.19153612852096558 0.727837324142456 9.576807022094727
1432847566010 1 -0.181959331035614 0.7469909191131592 9.605537414550781
1432847566020 1 -0.2298433631658554 0.7374141216278076 9.59596061706543
1432847566031 1 -0.20111294090747833 0.727837324142456 9.586383819580078
1432847566041 1 -0.20111294090747833 0.7182605266571045 9.567230224609375
1432847566051 1 -0.22026655077934265 0.727837324142456 9.605537414550781
1432847566061 1 -0.19153612852096558 0.7086837291717529 9.66299819946289
1432847566071 1 -0.1628057211637497 0.7182605266571045 9.66299819946289
1432847566081 1 -0.19153612852096558 0.7086837291717529 9.691728591918945
1432847566091 1 -0.14365209639072418 0.7086837291717529 9.605537414550781
1432847566101 1 -0.1628057211637497 0.727837324142456 9.634267807006836
1432847566112 1 -0.17238251864910126 0.7374141216278076 9.615114212036133
1432847566122 1 -0.20111294090747833 0.7565677165985107 9.624691009521484
1432847566132 1 -0.17238251864910126 0.7469909191131592 9.653421401977539
1432847566142 1 -0.1628057211637497 0.7469909191131592 9.672574996948242
1432847566152 1 -0.1628057211637497 0.7661445140838623 9.66299819946289
1432847566162 1 -0.15322890877723694 0.7661445140838623 9.605537414550781
1432847566172 1 -0.20111294090747833 0.7565677165985107 9.586383819580078
1432847566182 1 -0.1628057211637497 0.7374141216278076 9.634267807006836
1432847566192 1 -0.181959331035614 0.7757213711738586 9.66299819946289
1432847566202 1 -0.14365209639072418 0.7086837291717529 9.682151794433594
1432847566213 1 -0.13407529890537262 0.727837324142456 9.653421401977539
1432847566223 1 -0.17238251864910126 0.727837324142456 9.643844604492188
1432847566233 1 -0.17238251864910126 0.7469909191131592 9.672574996948242
1432847566243 1 -0.17238251864910126 0.7565677165985107 9.624691009521484
1432847566253 1 -0.15322890877723694 0.727837324142456 9.605537414550781
1432847566263 1 -0.1628057211637497 0.7374141216278076 9.682151794433594
1432847566273 1 -0.17238251864910126 0.727837324142456 9.66299819946289
1432847566283 1 -0.17238251864910126 0.7469909191131592 9.59596061706543
1432847566293 1 -0.22026655077934265 0.7086837291717529 9.624691009521484
1432847566303 1 -0.2106897532939911 0.689530074596405 9.634267807006836
1432847566314 1 -0.19153612852096558 0.6703764796257019 9.691728591918945
1432847566324 1 -0.24899697303771973 0.6991068720817566 9.643844604492188
1432847566334 1 -0.26815059781074524 0.6799532771110535 9.710882186889648
1432847566347 1 -0.24899697303771973 0.727837324142456 9.66299819946289
1432847566356 1 -0.23942017555236816 0.7469909191131592 9.634267807006836
1432847566366 1 -0.20111294090747833 0.7661445140838623 9.59596061706543
1432847566376 1 -0.14365209639072418 0.7852981686592102 9.615114212036133
1432847566386 1 -0.19153612852096558 0.7661445140838623 9.624691009521484
1432847566396 1 -0.20111294090747833 0.7374141216278076 9.624691009521484
1432847566406 1 -0.19153612852096558 0.7182605266571045 9.624691009521484
1432847566416 1 -0.2106897532939911 0.727837324142456 9.615114212036133
1432847566426 1 -0.181959331035614 0.7086837291717529 9.586383819580078
1432847566436 1 -0.17238251864910126 0.6991068720817566 9.605537414550781
1432847566446 1 -0.17238251864910126 0.7182605266571045 9.653421401977539
1432847566456 1 -0.15322890877723694 0.7661445140838623 9.624691009521484
1432847566466 1 -0.2106897532939911 0.7182605266571045 9.557653427124023
1432847566477 1 -0.15322890877723694 0.7757213711738586 9.615114212036133
1432847566487 1 -0.15322890877723694 0.8140285611152649 9.59596061706543
1432847566497 1 -0.181959331035614 0.7661445140838623 9.528923034667969
1432847566507 1 -0.19153612852096558 0.7565677165985107 9.548076629638672
1432847566517 1 -0.1628057211637497 0.689530074596405 9.643844604492188
1432847566527 1 -0.17238251864910126 0.727837324142456 9.624691009521484
1432847566537 1 -0.14365209639072418 0.727837324142456 9.576807022094727
1432847566547 1 -0.15322890877723694 0.7182605266571045 9.576807022094727
1432847566557 1 -0.19153612852096558 0.7182605266571045 9.615114212036133
1432847566568 1 -0.1628057211637497 0.7182605266571045 9.567230224609375
1432847566578 1 -0.19153612852096558 0.689530074596405 9.59596061706543
1432847566588 1 -0.17238251864910126 0.6799532771110535 9.586383819580078
1432847566598 1 -0.2106897532939911 0.7565677165985107 9.605537414550781
1432847566608 1 -0.2298433631658554 0.7757213711738586 9.615114212036133
1432847566618 1 -0.2106897532939911 0.7374141216278076 9.643844604492188
1432847566628 1 -0.23942017555236816 0.7182605266571045 9.643844604492188
1432847566638 1 -0.2106897532939911 0.7182605266571045 9.576807022094727
1432847566648 1 -0.181959331035614 0.7086837291717529 9.557653427124023
1432847566658 1 -0.15322890877723694 0.7469909191131592 9.615114212036133
1432847566668 1 -0.20111294090747833 0.7182605266571045 9.615114212036133
1432847566679 1 -0.22026655077934265 0.727837324142456 9.586383819580078
1432847566689 1 -0.181959331035614 0.727837324142456 9.624691009521484
1432847566699 1 -0.19153612852096558 0.7182605266571045 9.672574996948242
1432847566709 1 -0.181959331035614 0.7086837291717529 9.653421401977539
1432847566719 1 -0.19153612852096558 0.6991068720817566 9.643844604492188
1432847566729 1 -0.22026655077934265 0.6991068720817566 9.66299819946289
1432847566739 1 -0.2106897532939911 0.6991068720817566 9.643844604492188
1432847566749 1 -0.2106897532939911 0.7182605266571045 9.653421401977539
1432847566759 1 -0.23942017555236816 0.7374141216278076 9.624691009521484
1432847566769 1 -0.19153612852096558 0.7374141216278076 9.615114212036133
1432847566780 1 -0.24899697303771973 0.7661445140838623 9.605537414550781
1432847566790 1 -0.20111294090747833 0.727837324142456 9.634267807006836
1432847566800 1 -0.17238251864910126 0.7374141216278076 9.672574996948242
1432847566810 1 -0.1628057211637497 0.727837324142456 9.624691009521484
1432847566820 1 -0.19153612852096558 0.7182605266571045 9.615114212036133
1432847566830 1 -0.2106897532939911 0.7469909191131592 9.586383819580078
1432847566840 1 -0.19153612852096558 0.6991068720817566 9.605537414550781
1432847566850 1 -0.181959331035614 0.6799532771110535 9.634267807006836
1432847566861 1 -0.13407529890537262 0.6799532771110535 9.624691009521484
1432847566871 1 -0.17238251864910126 0.6799532771110535 9.59596061706543
1432847566881 1 -0.181959331035614 0.6991068720817566 9.59596061706543
1432847566891 1 -0.19153612852096558 0.6991068720817566 9.576807022094727
1432847566901 1 -0.2298433631658554 0.727837324142456 9.634267807006836
1432847566911 1 -0.22026655077934265 0.6991068720817566 9.643844604492188
1432847566921 1 -0.20111294090747833 0.7086837291717529 9.643844604492188
1432847566931 1 -0.22026655077934265 0.727837324142456 9.605537414550781
1432847566941 1 -0.181959331035614 0.7182605266571045 9.634267807006836
1432847566952 1 -0.20111294090747833 0.7374141216278076 9.59596061706543
1432847566962 1 -0.24899697303771973 0.7374141216278076 9.643844604492188
1432847566972 1 -0.2585737705230713 0.7469909191131592 9.624691009521484
1432847566982 1 -0.2106897532939911 0.7374141216278076 9.66299819946289
1432847566992 1 -0.181959331035614 0.7565677165985107 9.624691009521484
1432847567002 1 -0.14365209639072418 0.7565677165985107 9.634267807006836
1432847567012 1 -0.12449848651885986 0.7757213711738586 9.59596061706543
1432847567023 1 -0.13407529890537262 0.7374141216278076 9.567230224609375
1432847567032 1 -0.1628057211637497 0.7374141216278076 9.59596061706543
1432847567043 1 -0.1628057211637497 0.7469909191131592 9.672574996948242
1432847567053 1 -0.181959331035614 0.7661445140838623 9.653421401977539
1432847567063 1 -0.17238251864910126 0.7469909191131592 9.615114212036133
1432847567073 1 -0.19153612852096558 0.7374141216278076 9.643844604492188
1432847567084 1 -0.14365209639072418 0.7374141216278076 9.634267807006836
1432847567093 1 -0.10534487664699554 0.727837324142456 9.634267807006836
1432847567104 1 -0.08619125932455063 0.7182605266571045 9.586383819580078
1432847567115 1 -0.1149216815829277 0.6991068720817566 9.653421401977539
1432847567125 1 -0.14365209639072418 0.7565677165985107 9.624691009521484
1432847567135 1 -0.19153612852096558 0.7182605266571045 9.634267807006836
1432847567145 1 -0.181959331035614 0.727837324142456 9.615114212036133
1432847567156 1 -0.181959331035614 0.7182605266571045 9.59596061706543
1432847567166 1 -0.181959331035614 0.7469909191131592 9.59596061706543
1432847567176 1 -0.1628057211637497 0.727837324142456 9.634267807006836
1432847567186 1 -0.1628057211637497 0.7565677165985107 9.624691009521484
1432847567196 1 -0.20111294090747833 0.7086837291717529 9.567230224609375
1432847567206 1 -0.17238251864910126 0.7086837291717529 9.59596061706543
1432847567216 1 -0.19153612852096558 0.7469909191131592 9.59596061706543
1432847567226 1 -0.20111294090747833 0.7469909191131592 9.615114212036133
1432847567237 1 -0.19153612852096558 0.7565677165985107 9.605537414550781
1432847567247 1 -0.15322890877723694 0.7757213711738586 9.59596061706543
1432847567257 1 -0.14365209639072418 0.727837324142456 9.59596061706543
1432847567267 1 -0.1628057211637497 0.727837324142456 9.576807022094727
1432847567277 1 -0.181959331035614 0.7374141216278076 9.576807022094727
1432847567287 1 -0.20111294090747833 0.727837324142456 9.59596061706543
1432847567297 1 -0.2106897532939911 0.727837324142456 9.605537414550781
1432847567307 1 -0.181959331035614 0.7374141216278076 9.634267807006836
1432847567318 1 -0.181959331035614 0.7374141216278076 9.586383819580078
1432847567328 1 -0.181959331035614 0.7469909191131592 9.615114212036133
1432847567338 1 -0.17238251864910126 0.727837324142456 9.576807022094727
1432847567349 1 -0.22026655077934265 0.7374141216278076 9.624691009521484
1432847567359 1 -0.22026655077934265 0.7948749661445618 9.624691009521484
1432847567369 1 -0.22026655077934265 0.7852981686592102 9.605537414550781
1432847567379 1 -0.22026655077934265 0.727837324142456 9.624691009521484
1432847567389 1 -0.22026655077934265 0.6991068720817566 9.615114212036133
1432847567400 1 -0.24899697303771973 0.7469909191131592 9.557653427124023
1432847567409 1 -0.2106897532939911 0.7374141216278076 9.605537414550781
1432847567419 1 -0.20111294090747833 0.7757213711738586 9.624691009521484
1432847567430 1 -0.2106897532939911 0.7469909191131592 9.672574996948242
1432847567440 1 -0.20111294090747833 0.7469909191131592 9.653421401977539
1432847567450 1 -0.20111294090747833 0.7182605266571045 9.605537414550781
1432847567460 1 -0.2106897532939911 0.7182605266571045 9.615114212036133
1432847567470 1 -0.181959331035614 0.7086837291717529 9.567230224609375
1432847567480 1 -0.19153612852096558 0.727837324142456 9.557653427124023
1432847567490 1 -0.22026655077934265 0.7374141216278076 9.586383819580078
1432847567500 1 -0.20111294090747833 0.7182605266571045 9.586383819580078
1432847567511 1 -0.17238251864910126 0.727837324142456 9.643844604492188
1432847567521 1 -0.20111294090747833 0.7182605266571045 9.615114212036133
1432847567531 1 -0.17238251864910126 0.7469909191131592 9.691728591918945
1432847567541 1 -0.19153612852096558 0.7086837291717529 9.624691009521484
1432847567551 1 -0.181959331035614 0.727837324142456 9.576807022094727
1432847567561 1 -0.20111294090747833 0.7086837291717529 9.615114212036133
1432847567572 1 -0.20111294090747833 0.6991068720817566 9.624691009521484
1432847567582 1 -0.17238251864910126 0.7086837291717529 9.66299819946289
1432847567592 1 -0.14365209639072418 0.689530074596405 9.653421401977539
1432847567602 1 -0.17238251864910126 0.7182605266571045 9.643844604492188
1432847567612 1 -0.181959331035614 0.727837324142456 9.59596061706543
1432847567622 1 -0.14365209639072418 0.7182605266571045 9.59596061706543
1432847567632 1 -0.12449848651885986 0.7182605266571045 9.586383819580078
1432847567642 1 -0.14365209639072418 0.7086837291717529 9.634267807006836
1432847567652 1 -0.14365209639072418 0.6799532771110535 9.605537414550781
1432847567662 1 -0.19153612852096558 0.6991068720817566 9.634267807006836
1432847567672 1 -0.2298433631658554 0.6703764796257019 9.672574996948242
1432847567682 1 -0.20111294090747833 0.7182605266571045 9.59596061706543
1432847567693 1 -0.22026655077934265 0.7374141216278076 9.59596061706543
1432847567903 1 -0.2106897532939911 0.7565677165985107 9.643844604492188
1432847568103 1 -0.2585737705230713 0.6703764796257019 9.605537414550781
1432847568303 1 -0.2298433631658554 0.7086837291717529 9.605537414550781
1432847568503 1 -0.22026655077934265 0.7469909191131592 9.605537414550781
1432847568703 1 -0.17238251864910126 0.727837324142456 9.634267807006836
1432847568904 1 -0.17238251864910126 0.7182605266571045 9.634267807006836
1432847569104 1 -0.2298433631658554 0.689530074596405 9.682151794433594
1432847569304 1 -0.22026655077934265 0.6991068720817566 9.634267807006836
1432847569504 1 -0.19153612852096558 0.6991068720817566 9.615114212036133
1432847569704 1 -0.1628057211637497 0.6991068720817566 9.557653427124023
1432847569904 1 -0.13407529890537262 0.6991068720817566 9.615114212036133
1432847570104 1 -0.17238251864910126 0.689530074596405 9.586383819580078
1432847570304 1 -0.20111294090747833 0.7565677165985107 9.624691009521484
1432847570504 1 -0.2298433631658554 0.7469909191131592 9.672574996948242
1432847570705 1 -0.22026655077934265 0.7661445140838623 9.634267807006836
1432847570905 1 -0.2298433631658554 0.7182605266571045 9.615114212036133
1432847571105 1 -0.2106897532939911 0.7565677165985107 9.624691009521484
1432847571305 1 -0.19153612852096558 0.7469909191131592 9.701305389404297
1432847571505 1 -0.181959331035614 0.727837324142456 9.66299819946289
1432847571705 1 -0.2106897532939911 0.6991068720817566 9.567230224609375
1432847571906 1 -0.17238251864910126 0.7086837291717529 9.653421401977539
1432847572105 1 -0.19153612852096558 0.727837324142456 9.624691009521484
1432847572306 1 -0.181959331035614 0.727837324142456 9.653421401977539
1432847572506 1 -0.20111294090747833 0.727837324142456 9.653421401977539
1432847572706 1 -0.2106897532939911 0.7182605266571045 9.653421401977539
1432847572906 1 -0.19153612852096558 0.7374141216278076 9.59596061706543
1432847573106 1 -0.13407529890537262 0.7469909191131592 9.576807022094727
1432847573306 1 -0.2298433631658554 0.7086837291717529 9.624691009521484
1432847573506 1 -0.181959331035614 0.727837324142456 9.653421401977539
1432847573706 1 -0.181959331035614 0.7565677165985107 9.557653427124023
1432847573906 1 -0.20111294090747833 0.7661445140838623 9.586383819580078
1432847574107 1 -0.2106897532939911 0.7661445140838623 9.653421401977539
1432847574307 1 -0.20111294090747833 0.727837324142456 9.672574996948242
1432847574507 1 -0.2298433631658554 0.727837324142456 9.557653427124023
1432847574707 1 -0.19153612852096558 0.7469909191131592 9.624691009521484
1432847574907 1 -0.1628057211637497 0.7182605266571045 9.643844604492188
1432847575107 1 -0.19153612852096558 0.7469909191131592 9.567230224609375
1432847575307 1 -0.22026655077934265 0.727837324142456 9.576807022094727
1432847575507 1 -0.20111294090747833 0.7469909191131592 9.605537414550781
1432847575707 1 -0.19153612852096558 0.7469909191131592 9.59596061706543
1432847575910 1 -0.14365209639072418 0.727837324142456 9.567230224609375
1432847576110 1 -0.20111294090747833 0.7182605266571045 9.634267807006836
1432847576311 1 -0.2298433631658554 0.7661445140838623 9.615114212036133
1432847576511 1 -0.22026655077934265 0.7374141216278076 9.643844604492188
1432847576711 1 -0.17238251864910126 0.7757213711738586 9.605537414550781
1432847576911 1 -0.17238251864910126 0.7086837291717529 9.59596061706543
1432847577111 1 -0.13407529890537262 0.7086837291717529 9.634267807006836
1432847577311 1 -0.181959331035614 0.6991068720817566 9.567230224609375
1432847577511 1 -0.24899697303771973 0.7469909191131592 9.624691009521484
1432847577711 1 -0.2298433631658554 0.6991068720817566 9.624691009521484
1432847577911 1 -0.2298433631658554 0.7469909191131592 9.634267807006836
1432847578111 1 -0.2106897532939911 0.6416460275650024 10.160991668701172
1432847578312 1 -0.28730419278144836 0.6991068720817566 9.691728591918945
1432847578512 1 -0.181959331035614 0.727837324142456 9.615114212036133
1432847578712 1 -0.20111294090747833 0.6991068720817566 9.643844604492188
1432847578912 1 -0.22026655077934265 0.7182605266571045 9.557653427124023
1432847579112 1 -0.28730419278144836 0.7852981686592102 9.59596061706543
1432847579312 1 -0.2777273952960968 0.727837324142456 9.337387084960938
1432847579512 1 -0.24899697303771973 0.8140285611152649 9.624691009521484
1432847579712 1 -0.17238251864910126 0.7948749661445618 9.624691009521484
1432847579913 1 -0.2106897532939911 0.8044517636299133 9.624691009521484
1432847580113 1 -0.2777273952960968 0.7757213711738586 9.653421401977539
1432847580313 1 -0.2298433631658554 0.7565677165985107 9.643844604492188
1432847580513 1 -0.2777273952960968 0.7565677165985107 9.672574996948242
1432847580713 1 -0.26815059781074524 0.7469909191131592 9.605537414550781
1432847580913 1 -0.3064578175544739 0.7469909191131592 9.615114212036133
1432847581113 1 -0.2585737705230713 0.7565677165985107 9.672574996948242
1432847581313 1 -0.181959331035614 0.7948749661445618 9.605537414550781
1432847581514 1 -0.22026655077934265 0.7948749661445618 9.586383819580078
1432847581714 1 -0.28730419278144836 0.7852981686592102 9.66299819946289
1432847581914 1 -0.26815059781074524 0.7852981686592102 9.567230224609375
1432847582114 1 -0.17238251864910126 0.9576807022094727 9.433155059814453
1432847582314 1 0.2968810200691223 0.47884035110473633 9.337387084960938
1432847582514 1 0.0 0.5937620401382446 9.720458984375
1432847582714 1 -0.13407529890537262 0.7757213711738586 9.615114212036133
1432847582915 1 -0.1149216815829277 0.8140285611152649 9.624691009521484
1432847583114 1 -0.019153613597154617 0.7757213711738586 9.643844604492188
1432847583315 1 -0.028730420395731926 0.689530074596405 9.672574996948242
1432847583515 1 -0.12449848651885986 0.7469909191131592 9.701305389404297
1432847583715 1 -0.05746084079146385 0.6703764796257019 9.576807022094727
1432847583915 1 -0.08619125932455063 0.7086837291717529 9.557653427124023
