1433150424081 1 2320.0
1433150426100 0 364.0
1433150424182 1 2320.0
1433150426202 0 364.0
1433150424283 1 2066.0
1433150426303 0 364.0
1433150424385 1 1912.0
1433150426404 0 293.0
1433150424487 1 1912.0
1433150426505 0 237.0
1433150424589 1 1757.0
1433150426608 0 265.0
1433150424691 1 1757.0
1433150426707 0 420.0
1433150424792 1 2362.0
1433150426807 0 518.0
1433150424893 1 2995.0
1433150426909 0 518.0
1433150424993 1 3249.0
1433150427011 0 377.0
1433150425094 1 3249.0
1433150427112 0 264.0
1433150425195 1 3249.0
1433150427214 0 264.0
1433150425296 1 3249.0
1433150425396 1 3249.0
1433150427314 0 264.0
1433150427418 0 264.0
1433150425498 1 3530.0
1433150425600 1 3530.0
1433150427517 0 264.0
1433150427618 0 264.0
1433150425702 1 3530.0
1433150427720 0 264.0
1433150425803 1 4290.0
1433150427820 0 264.0
1433150425904 1 5331.0
1433150427922 0 264.0
1433150426005 1 5739.0
1433150426107 1 6063.0
1433150428023 0 264.0
1433150428122 0 264.0
1433150426208 1 6569.0
1433150428222 0 264.0
1433150426310 1 7076.0
1433150428324 0 264.0
1433150428426 0 264.0
1433150426411 1 7484.0
1433150426511 1 6907.0
1433150428527 0 336.0
1433150426612 1 6443.0
1433150428627 0 336.0
1433150426713 1 7484.0
1433150428728 0 631.0
1433150426815 1 6527.0
1433150428829 0 800.0
1433150426916 1 3093.0
1433150428929 0 913.0
1433150427016 1 491.0
1433150429030 0 913.0
1433150427117 1 1968.0
1433150429131 0 786.0
1433150427219 1 3797.0
1433150429233 0 533.0
1433150427320 1 6542.0
1433150429333 0 322.0
1433150427421 1 8019.0
1433150429434 0 196.0
1433150427523 1 8019.0
1433150429535 0 125.0
1433150427624 1 6598.0
1433150429636 0 118.0
1433150427726 1 5500.0
1433150429738 0 183.0
1433150427828 1 5500.0
1433150429838 0 350.0
1433150427930 1 6710.0
1433150429939 0 308.0
1433150428032 1 6710.0
1433150430041 0 336.0
1433150428134 1 6710.0
1433150430142 0 378.0
1433150428236 1 6345.0
1433150430244 0 378.0
1433150428338 1 5880.0
1433150430344 0 378.0
1433150428439 1 5880.0
1433150430444 0 378.0
1433150428540 1 8680.0
1433150430547 0 350.0
1433150428640 1 9159.0
1433150430647 0 350.0
1433150428741 1 7527.0
1433150430748 0 350.0
1433150428841 1 5162.0
1433150430850 0 350.0
1433150428943 1 5162.0
1433150430951 0 350.0
1433150429043 1 5162.0
1433150431053 0 407.0
1433150429145 1 5162.0
1433150431154 0 505.0
1433150429245 1 4783.0
1433150431255 0 505.0
1433150429347 1 5613.0
1433150431355 0 505.0
1433150429447 1 5965.0
1433150431456 0 505.0
1433150429549 1 5556.0
1433150431557 0 505.0
1433150429648 1 5163.0
1433150431658 0 477.0
1433150429748 1 4881.0
1433150431758 0 421.0
1433150429849 1 3206.0
1433150431859 0 421.0
1433150429951 1 3432.0
1433150431960 0 393.0
1433150430052 1 2925.0
1433150432062 0 393.0
1433150430153 1 2447.0
1433150432162 0 393.0
1433150430254 1 2447.0
1433150432262 0 393.0
1433150430355 1 1068.0
1433150432363 0 393.0
1433150430456 1 547.0
1433150432465 0 393.0
1433150430557 1 1631.0
1433150432566 0 393.0
1433150430658 1 1575.0
1433150432668 0 393.0
1433150430759 1 1828.0
1433150432767 0 393.0
1433150430860 1 2855.0
1433150432869 0 365.0
1433150430961 1 1208.0
1433150432970 0 365.0
1433150431062 1 210.0
1433150433071 0 365.0
1433150433172 0 365.0
1433150431163 1 632.0
1433150431264 1 1504.0
1433150433273 0 365.0
1433150431366 1 1406.0
1433150433376 0 365.0
1433150431467 1 1856.0
1433150433477 0 365.0
1433150431568 1 519.0
1433150433579 0 322.0
1433150431670 1 195.0
1433150433681 0 280.0
1433150431771 1 238.0
1433150433781 0 280.0
1433150431871 1 786.0
1433150433883 0 280.0
1433150431973 1 1195.0
1433150433984 0 280.0
1433150432073 1 1504.0
1433150434086 0 322.0
1433150432175 1 1040.0
1433150434188 0 322.0
1433150432276 1 350.0
1433150434289 0 322.0
1433150432377 1 871.0
1433150434390 0 322.0
1433150432478 1 1462.0
1433150434492 0 322.0
1433150432579 1 1743.0
1433150434594 0 322.0
1433150432680 1 1997.0
1433150434696 0 322.0
1433150432780 1 533.0
1433150434798 0 322.0
1433150432881 1 238.0
1433150434900 0 322.0
1433150432983 1 927.0
1433150435001 0 322.0
1433150433084 1 2095.0
1433150435102 0 322.0
1433150433185 1 2362.0
1433150435203 0 350.0
1433150433287 1 2728.0
1433150435304 0 393.0
1433150433389 1 1518.0
1433150435404 0 435.0
1433150433490 1 1659.0
1433150435505 0 435.0
1433150433591 1 1982.0
1433150435606 0 393.0
1433150433691 1 2306.0
1433150435708 0 365.0
1433150433792 1 3066.0
1433150435809 0 351.0
1433150433893 1 2615.0
1433150435910 0 379.0
1433150433994 1 2067.0
1433150436009 0 407.0
1433150434095 1 2545.0
1433150436109 0 449.0
1433150434196 1 2109.0
1433150436210 0 505.0
1433150434297 1 2925.0
1433150436311 0 505.0
1433150434399 1 2489.0
1433150436412 0 505.0
1433150434501 1 2165.0
1433150436514 0 491.0
1433150434603 1 1940.0
1433150436618 0 435.0
1433150434704 1 1940.0
1433150436719 0 350.0
1433150434805 1 2461.0
1433150436819 0 322.0
1433150434905 1 1377.0
1433150436920 0 210.0
1433150435005 1 1054.0
1433150437020 0 125.0
1433150435107 1 1743.0
1433150437122 0 125.0
1433150435209 1 2348.0
1433150437222 0 224.0
1433150435311 1 2672.0
1433150437324 0 238.0
1433150437425 0 238.0
1433150435413 1 2517.0
1433150435515 1 1054.0
1433150437527 0 196.0
1433150435616 1 1391.0
1433150437628 0 196.0
1433150435717 1 2081.0
1433150437730 0 168.0
1433150435819 1 2081.0
1433150437830 0 140.0
1433150435920 1 2264.0
1433150437931 0 168.0
1433150436021 1 2067.0
1433150438032 0 140.0
1433150436122 1 1462.0
1433150438133 0 111.0
1433150436224 1 435.0
1433150438234 0 111.0
1433150436326 1 575.0
1433150438335 0 111.0
1433150436427 1 575.0
1433150438438 0 111.0
1433150436528 1 491.0
1433150438538 0 111.0
1433150436629 1 1462.0
1433150438639 0 55.0
1433150436731 1 2883.0
1433150438741 0 55.0
1433150436833 1 2644.0
1433150438841 0 55.0
1433150436934 1 3502.0
1433150438943 0 64.0
1433150437035 1 5641.0
1433150439044 0 76.0
1433150439144 0 86.0
1433150437135 1 3882.0
1433150437235 1 3671.0
1433150439245 0 83.0
1433150437336 1 4684.0
1433150439346 0 83.0
1433150437436 1 3657.0
1433150439447 0 83.0
1433150439547 0 95.0
1433150437537 1 3671.0
1433150439647 0 95.0
1433150437638 1 5965.0
1433150439749 0 102.0
1433150437739 1 4980.0
1433150439850 0 111.0
1433150437840 1 4192.0
1433150439952 0 123.0
1433150437941 1 4839.0
1433150438042 1 3474.0
1433150440054 0 136.0
1433150438142 1 3980.0
1433150440156 0 136.0
1433150440257 0 364.0
1433150438243 1 3488.0
1433150440358 0 913.0
1433150438345 1 1687.0
1433150440459 0 969.0
1433150438446 1 1166.0
1433150440559 0 730.0
1433150438548 1 1377.0
1433150440660 0 449.0
1433150438649 1 1841.0
1433150440761 0 449.0
1433150438750 1 2348.0
1433150440862 0 449.0
1433150438852 1 2995.0
1433150440963 0 223.0
1433150438954 1 3685.0
1433150441063 0 153.0
1433150439054 1 3685.0
1433150441164 0 209.0
1433150439155 1 3080.0
1433150441265 0 209.0
1433150439255 1 3080.0
1433150441365 0 266.0
1433150439357 1 3769.0
1433150441466 0 294.0
1433150439458 1 3685.0
1433150441568 0 167.0
1433150439560 1 2235.0
1433150441669 0 153.0
1433150439660 1 1926.0
1433150441769 0 153.0
1433150439761 1 1926.0
1433150441870 0 153.0
1433150439863 1 1490.0
1433150441970 0 181.0
1433150439964 1 1110.0
1433150442070 0 266.0
1433150440065 1 1349.0
1433150442171 0 392.0
1433150440167 1 1560.0
1433150442273 0 280.0
1433150440268 1 842.0
1433150442372 0 378.0
1433150440370 1 702.0
1433150442474 0 617.0
1433150440470 1 913.0
1433150442574 0 814.0
1433150440571 1 1138.0
1433150442675 0 899.0
1433150440673 1 1053.0
1433150442776 0 786.0
1433150440773 1 786.0
1433150442877 0 716.0
1433150440874 1 687.0
1433150442977 0 716.0
1433150440975 1 687.0
1433150443079 0 631.0
1433150441076 1 687.0
1433150443180 0 631.0
1433150441177 1 687.0
1433150443280 0 674.0
1433150441279 1 687.0
1433150443381 0 800.0
1433150441380 1 687.0
1433150443481 0 856.0
1433150441481 1 687.0
1433150443582 0 856.0
1433150441582 1 687.0
1433150443684 0 856.0
1433150441683 1 687.0
1433150443786 0 856.0
1433150441785 1 687.0
1433150443887 0 856.0
1433150441886 1 687.0
1433150443989 0 631.0
1433150441986 1 687.0
1433150442087 1 687.0
1433150444089 0 505.0
1433150444189 0 547.0
1433150442188 1 687.0
1433150444291 0 645.0
1433150442289 1 687.0
1433150444393 0 645.0
1433150442391 1 687.0
1433150444495 0 702.0
1433150442492 1 687.0
1433150444597 0 758.0
1433150442593 1 687.0
1433150444698 0 491.0
1433150442695 1 687.0
1433150444799 0 153.0
1433150442797 1 687.0
1433150444900 0 60.0
1433150442898 1 687.0
1433150445001 0 34.0
1433150443000 1 687.0
1433150445102 0 33.0
1433150443101 1 687.0
1433150445203 0 33.0
1433150443202 1 687.0
1433150445304 0 33.0
1433150443303 1 687.0
1433150445404 0 33.0
1433150443405 1 687.0
1433150445507 0 33.0
1433150443506 1 687.0
1433150445608 0 34.0
1433150443607 1 687.0
1433150445709 0 34.0
1433150443708 1 687.0
1433150443809 1 687.0
1433150445809 0 34.0
1433150445909 0 34.0
1433150443910 1 687.0
1433150446010 0 40.0
1433150444011 1 687.0
1433150446112 0 40.0
1433150444113 1 687.0
1433150446214 0 40.0
1433150444215 1 687.0
1433150446316 0 40.0
1433150444316 1 687.0
1433150446423 0 40.0
1433150444417 1 687.0
1433150446524 0 40.0
1433150444519 1 687.0
1433150446626 0 35.0
1433150444620 1 687.0
1433150446727 0 35.0
1433150444721 1 687.0
1433150446828 0 35.0
1433150444823 1 687.0
1433150446930 0 35.0
1433150444924 1 687.0
1433150447030 0 35.0
1433150445025 1 687.0
1433150447132 0 48.0
1433150445127 1 687.0
1433150447233 0 48.0
1433150445229 1 687.0
1433150447333 0 48.0
1433150445330 1 687.0
1433150447434 0 48.0
1433150445431 1 687.0
1433150447535 0 48.0
1433150445533 1 687.0
1433150447637 0 48.0
1433150445635 1 687.0
1433150447738 0 39.0
1433150445736 1 687.0
1433150447839 0 39.0
1433150445837 1 687.0
1433150447940 0 39.0
1433150445938 1 687.0
1433150448041 0 39.0
1433150446038 1 687.0
1433150448142 0 39.0
1433150446139 1 687.0
1433150448243 0 39.0
1433150446239 1 687.0
1433150448343 0 37.0
1433150446341 1 687.0
1433150448444 0 170.0
1433150446442 1 687.0
1433150448544 0 841.0
1433150446544 1 687.0
1433150448646 0 589.0
1433150446645 1 687.0
1433150448747 0 589.0
1433150446746 1 687.0
1433150448848 0 870.0
1433150446847 1 687.0
1433150448949 0 983.0
1433150446949 1 687.0
1433150449051 0 983.0
1433150447050 1 687.0
1433150447152 1 687.0
1433150449156 0 983.0
1433150447254 1 687.0
1433150449258 0 941.0
1433150449358 0 842.0
1433150447356 1 687.0
1433150449459 0 758.0
1433150447457 1 687.0
1433150449560 0 758.0
1433150447558 1 687.0
1433150447659 1 687.0
1433150449661 0 688.0
1433150449763 0 688.0
1433150447760 1 687.0
1433150449864 0 688.0
1433150447862 1 687.0
1433150449964 0 688.0
1433150447964 1 687.0
1433150448066 1 687.0
1433150450066 0 688.0
1433150450167 0 688.0
1433150448168 1 687.0
1433150450268 0 688.0
1433150448269 1 687.0
1433150450369 0 688.0
1433150448370 1 687.0
1433150450470 0 688.0
1433150448470 1 687.0
1433150450571 0 688.0
1433150448572 1 687.0
1433150450672 0 688.0
1433150448674 1 687.0
1433150450773 0 688.0
1433150448776 1 687.0
1433150450874 0 744.0
1433150448877 1 687.0
1433150450976 0 744.0
1433150448978 1 687.0
1433150451077 0 617.0
1433150449078 1 687.0
1433150451178 0 477.0
1433150449179 1 687.0
1433150451279 0 434.0
1433150449280 1 687.0
1433150451379 0 491.0
1433150449382 1 687.0
1433150451480 0 561.0
1433150449483 1 687.0
1433150451581 0 730.0
1433150449584 1 687.0
1433150451683 0 800.0
1433150449685 1 687.0
1433150451784 0 899.0
1433150449787 1 687.0
1433150451886 0 997.0
1433150449889 1 687.0
1433150451988 0 1082.0
1433150449989 1 687.0
1433150452088 0 1082.0
1433150450090 1 687.0
1433150452190 0 997.0
1433150450192 1 687.0
1433150452291 0 1222.0
1433150450293 1 687.0
1433150452392 0 1222.0
1433150450394 1 687.0
1433150450495 1 687.0
1433150452495 0 1067.0
1433150450596 1 687.0
1433150452598 0 645.0
1433150450698 1 687.0
1433150452700 0 280.0
1433150450799 1 687.0
1433150452801 0 52.0
1433150452902 0 54.0
1433150450900 1 687.0
1433150451002 1 687.0
1433150453010 0 54.0
1433150451103 1 687.0
1433150453111 0 54.0
1433150453212 0 57.0
1433150451204 1 687.0
1433150451306 1 687.0
1433150453314 0 71.0
1433150453416 0 71.0
1433150451408 1 687.0
1433150453518 0 71.0
1433150451509 1 687.0
1433150453619 0 142.0
1433150451610 1 687.0
1433150453721 0 1038.0
1433150451712 1 687.0
1433150453822 0 800.0
1433150451812 1 687.0
1433150453924 0 800.0
1433150451913 1 687.0
1433150454025 0 800.0
1433150452015 1 687.0
1433150454126 0 1011.0
1433150452116 1 687.0
1433150454227 0 1011.0
1433150452217 1 687.0
1433150454329 0 1011.0
1433150452318 1 687.0
1433150454430 0 1011.0
1433150452420 1 687.0
1433150454533 0 1011.0
1433150452521 1 631.0
1433150454633 0 1011.0
1433150452622 1 631.0
1433150454734 0 1011.0
1433150452723 1 631.0
1433150454835 0 1011.0
1433150452825 1 631.0
1433150454936 0 771.0
1433150452926 1 631.0
1433150455037 0 771.0
1433150453027 1 631.0
1433150455138 0 771.0
1433150453129 1 631.0
1433150455239 0 659.0
1433150453231 1 631.0
1433150455340 0 659.0
1433150453333 1 631.0
1433150455441 0 659.0
1433150453435 1 631.0
1433150455544 0 659.0
1433150453536 1 631.0
1433150455644 0 659.0
1433150453637 1 631.0
1433150455745 0 659.0
1433150453737 1 631.0
1433150453837 1 631.0
1433150455857 0 532.0
1433150453938 1 631.0
1433150455959 0 490.0
1433150454039 1 631.0
1433150456059 0 490.0
1433150454141 1 631.0
1433150456160 0 490.0
1433150454242 1 631.0
1433150456260 0 490.0
1433150454343 1 631.0
1433150456360 0 490.0
1433150456462 0 490.0
1433150454444 1 631.0
1433150454546 1 631.0
1433150456561 0 490.0
1433150454647 1 631.0
1433150456662 0 490.0
1433150454747 1 631.0
1433150456762 0 433.0
1433150454848 1 631.0
1433150456862 0 616.0
1433150454948 1 631.0
1433150456963 0 842.0
1433150455049 1 631.0
1433150457063 0 842.0
1433150457164 0 842.0
1433150455151 1 631.0
1433150457264 0 842.0
1433150455252 1 631.0
1433150457365 0 842.0
1433150455353 1 631.0
1433150457466 0 842.0
1433150455453 1 927.0
1433150457567 0 842.0
1433150455553 1 1658.0
1433150457667 0 842.0
1433150455655 1 2193.0
1433150457767 0 842.0
1433150455756 1 2193.0
1433150457868 0 842.0
1433150455857 1 1869.0
1433150457969 0 842.0
1433150455959 1 1222.0
1433150458069 0 842.0
1433150456060 1 645.0
1433150458170 0 842.0
1433150456161 1 645.0
1433150458270 0 842.0
1433150456262 1 645.0
1433150458371 0 842.0
1433150456363 1 645.0
1433150458472 0 842.0
1433150456464 1 730.0
1433150458573 0 842.0
1433150456566 1 842.0
1433150458674 0 842.0
1433150456667 1 1306.0
1433150458775 0 842.0
1433150456768 1 1743.0
1433150458877 0 842.0
1433150456869 1 1926.0
1433150458978 0 842.0
1433150456970 1 1926.0
1433150459078 0 842.0
1433150457070 1 1926.0
1433150459179 0 842.0
1433150457172 1 2095.0
1433150459280 0 842.0
1433150457274 1 2221.0
1433150459381 0 842.0
1433150457374 1 2221.0
1433150459482 0 842.0
1433150457475 1 2221.0
1433150459582 0 842.0
1433150457577 1 2221.0
1433150459683 0 842.0
1433150457678 1 2221.0
1433150459784 0 842.0
1433150457779 1 2221.0
1433150459886 0 842.0
1433150457881 1 2404.0
1433150459986 0 842.0
1433150457982 1 2404.0
1433150460087 0 842.0
1433150458082 1 2404.0
1433150460187 0 842.0
1433150458184 1 2404.0
1433150460288 0 842.0
1433150458285 1 2404.0
1433150460388 0 842.0
1433150458386 1 2404.0
1433150460488 0 842.0
1433150458486 1 2517.0
1433150460589 0 842.0
1433150458587 1 2517.0
1433150460690 0 842.0
1433150458688 1 2517.0
1433150460791 0 842.0
1433150458789 1 2348.0
1433150460891 0 842.0
1433150458890 1 2348.0
1433150460991 0 842.0
1433150458991 1 2052.0
1433150461092 0 842.0
1433150459092 1 1321.0
1433150461193 0 842.0
1433150459193 1 800.0
1433150461294 0 842.0
1433150459294 1 645.0
1433150461394 0 842.0
1433150459395 1 1053.0
1433150461495 0 842.0
1433150459495 1 1532.0
1433150461597 0 842.0
1433150459596 1 1532.0
1433150461698 0 842.0
1433150459696 1 1278.0
1433150459797 1 842.0
1433150461798 0 842.0
1433150461898 0 842.0
1433150459899 1 842.0
1433150462000 0 842.0
1433150459998 1 702.0
1433150462102 0 842.0
1433150460098 1 828.0
1433150462203 0 842.0
1433150460199 1 1067.0
1433150462304 0 842.0
1433150460299 1 1433.0
1433150462405 0 842.0
1433150460399 1 1433.0
1433150462506 0 842.0
1433150460499 1 1321.0
1433150462608 0 842.0
1433150460600 1 1321.0
1433150462709 0 842.0
1433150460701 1 1208.0
1433150462809 0 842.0
1433150460803 1 1208.0
1433150462911 0 842.0
1433150460905 1 955.0
1433150463012 0 842.0
1433150461006 1 716.0
1433150463113 0 842.0
1433150461107 1 631.0
1433150463214 0 842.0
1433150461208 1 631.0
1433150463315 0 842.0
1433150461309 1 631.0
1433150463415 0 842.0
1433150461410 1 631.0
1433150463516 0 842.0
1433150461511 1 631.0
1433150463618 0 842.0
1433150461613 1 631.0
1433150463720 0 842.0
1433150461715 1 631.0
1433150463820 0 842.0
1433150461816 1 631.0
1433150463921 0 842.0
1433150461916 1 631.0
1433150464022 0 842.0
1433150462016 1 631.0
1433150462117 1 631.0
1433150464122 0 842.0
1433150462217 1 631.0
1433150464224 0 842.0
1433150464324 0 842.0
1433150462318 1 631.0
1433150464425 0 842.0
1433150462420 1 631.0
1433150464526 0 842.0
1433150462521 1 631.0
1433150464627 0 842.0
1433150462622 1 631.0
1433150464728 0 842.0
1433150462723 1 631.0
1433150464829 0 842.0
1433150462825 1 631.0
1433150464930 0 842.0
1433150462926 1 631.0
1433150465032 0 842.0
1433150463027 1 631.0
1433150465132 0 842.0
1433150463129 1 631.0
1433150465233 0 842.0
1433150463231 1 631.0
