1433150014977 0 0.0784531980752945 -0.0 10.63040828704834
1433150013042 1 0.23535959422588348 0.4314925968647003 10.238142013549805
1433150015078 0 0.0784531980752945 -0.0 10.551955223083496
1433150013143 1 0.3922659754753113 0.47071918845176697 10.238142013549805
1433150015179 0 0.03922659903764725 -0.03922659903764725 10.551955223083496
1433150013244 1 0.313812792301178 0.509945809841156 10.277368545532227
1433150015279 0 0.0784531980752945 -0.0 10.512728691101074
1433150013345 1 0.35303938388824463 0.509945809841156 10.277368545532227
1433150015379 0 0.03922659903764725 -0.0784531980752945 10.551955223083496
1433150013446 1 0.27458620071411133 0.4314925968647003 10.238142013549805
1433150015480 0 0.03922659903764725 -0.0 10.473502159118652
1433150013547 1 0.35303938388824463 0.4314925968647003 10.238142013549805
1433150015581 0 0.03922659903764725 -0.03922659903764725 10.43427562713623
1433150013647 1 0.35303938388824463 0.4314925968647003 10.355822563171387
1433150015681 0 0.03922659903764725 -0.0 10.473502159118652
1433150013747 1 0.27458620071411133 0.4314925968647003 10.238142013549805
1433150015782 0 0.0784531980752945 -0.03922659903764725 10.591181755065918
1433150013847 1 0.19613298773765564 0.4314925968647003 10.238142013549805
1433150015882 0 -0.0 -0.03922659903764725 10.512728691101074
1433150013947 1 0.313812792301178 0.4314925968647003 10.277368545532227
1433150014048 1 0.27458620071411133 0.3922659754753113 10.238142013549805
1433150015982 0 0.0784531980752945 -0.03922659903764725 10.473502159118652
1433150014149 1 0.313812792301178 0.47071918845176697 10.316595077514648
1433150016083 0 -0.0 -0.0 10.551955223083496
1433150014250 1 0.27458620071411133 0.3922659754753113 10.355822563171387
1433150016183 0 0.03922659903764725 -0.0 10.512728691101074
1433150014351 1 0.35303938388824463 0.47071918845176697 10.277368545532227
1433150016283 0 -0.0 -0.0 10.551955223083496
1433150016383 0 0.0784531980752945 -0.03922659903764725 10.473502159118652
1433150014452 1 0.35303938388824463 0.47071918845176697 10.277368545532227
1433150014553 1 0.27458620071411133 0.4314925968647003 10.198915481567383
1433150016484 0 -0.0 -0.03922659903764725 10.473502159118652
1433150014654 1 0.35303938388824463 0.47071918845176697 10.316595077514648
1433150016585 0 0.03922659903764725 -0.0 10.591181755065918
1433150014756 1 0.313812792301178 0.3922659754753113 10.316595077514648
1433150016686 0 0.03922659903764725 -0.0784531980752945 10.512728691101074
1433150014856 1 0.27458620071411133 0.3922659754753113 10.316595077514648
1433150016786 0 0.03922659903764725 -0.03922659903764725 10.512728691101074
1433150014956 1 0.27458620071411133 0.4314925968647003 10.277368545532227
1433150016886 0 0.11767979711294174 -0.03922659903764725 10.551955223083496
1433150015056 1 0.35303938388824463 0.509945809841156 10.198915481567383
1433150016986 0 0.0784531980752945 -0.03922659903764725 10.551955223083496
1433150015156 1 0.313812792301178 0.47071918845176697 10.355822563171387
1433150017087 0 0.03922659903764725 -0.0 10.473502159118652
1433150015256 1 0.156906396150589 0.27458620071411133 10.277368545532227
1433150017188 0 0.03922659903764725 0.03922659903764725 10.551955223083496
1433150015356 1 -0.0 0.0784531980752945 10.395049095153809
1433150017289 0 0.03922659903764725 -0.0784531980752945 10.591181755065918
1433150015456 1 0.11767979711294174 0.23535959422588348 10.316595077514648
1433150017390 0 0.03922659903764725 0.0784531980752945 10.512728691101074
1433150015556 1 0.11767979711294174 0.19613298773765564 10.316595077514648
1433150017490 0 0.03922659903764725 -0.0 10.669634819030762
1433150015657 1 0.23535959422588348 0.19613298773765564 10.316595077514648
1433150017590 0 0.03922659903764725 -0.0 10.395049095153809
1433150015758 1 0.11767979711294174 0.27458620071411133 10.238142013549805
1433150017691 0 0.03922659903764725 -0.03922659903764725 10.551955223083496
1433150015858 1 0.19613298773765564 0.19613298773765564 10.238142013549805
1433150017791 0 0.0784531980752945 -0.03922659903764725 10.512728691101074
1433150015958 1 2.039783239364624 0.9414383769035339 5.217137813568115
1433150017892 0 -0.03922659903764725 0.03922659903764725 10.473502159118652
1433150016058 1 -0.03922659903764725 0.0784531980752945 10.159688949584961
1433150017993 0 0.03922659903764725 -0.0 10.591181755065918
1433150016158 1 1.2160245180130005 0.627625584602356 9.022117614746094
1433150018095 0 -0.0 -0.0 10.512728691101074
1433150016259 1 0.03922659903764725 0.0784531980752945 10.748087882995605
1433150018195 0 -0.0 -0.03922659903764725 10.512728691101074
1433150016360 1 0.19613298773765564 0.23535959422588348 10.198915481567383
1433150018296 0 -0.0 -0.0 10.512728691101074
1433150016461 1 0.156906396150589 0.23535959422588348 10.277368545532227
1433150018398 0 0.11767979711294174 -0.03922659903764725 10.551955223083496
1433150016561 1 -0.9806649684906006 0.19613298773765564 10.512728691101074
1433150018499 0 -0.0 -0.03922659903764725 10.512728691101074
1433150016661 1 0.19613298773765564 -0.8629851937294006 10.748087882995605
1433150018600 0 0.11767979711294174 -0.03922659903764725 10.551955223083496
1433150016761 1 0.47071918845176697 -0.9806649684906006 10.159688949584961
1433150018701 0 0.0784531980752945 0.0784531980752945 10.512728691101074
1433150016862 1 0.7060787677764893 -2.9812214374542236 7.25692081451416
1433150018801 0 0.0784531980752945 -0.03922659903764725 10.551955223083496
1433150016963 1 2.471275806427002 -1.0591181516647339 17.45583724975586
1433150018901 0 0.11767979711294174 0.0784531980752945 10.512728691101074
1433150017064 1 1.9221034049987793 -0.0 18.27959442138672
1433150019003 0 0.03922659903764725 -0.0 10.512728691101074
1433150017165 1 7.335373878479004 3.0596747398376465 4.746418476104736
1433150019108 0 0.03922659903764725 -0.03922659903764725 10.473502159118652
1433150017266 1 -10.159688949584961 -0.313812792301178 -10.708861351013184
1433150019207 0 0.03922659903764725 -0.0 10.512728691101074
1433150017366 1 -11.964112281799316 2.000556468963623 -6.001669883728027
1433150019309 0 0.0784531980752945 -0.03922659903764725 10.512728691101074
1433150017467 1 1.2944778203964233 1.1375713348388672 -2.000556468963623
1433150019410 0 0.03922659903764725 -0.0 10.63040828704834
1433150017566 1 16.592851638793945 10.82654094696045 0.5883989930152893
1433150019511 0 0.03922659903764725 -0.03922659903764725 10.512728691101074
1433150017667 1 9.375157356262207 7.453053951263428 -4.079566478729248
1433150019611 0 0.03922659903764725 -0.0 10.473502159118652
1433150017767 1 -20.005565643310547 -2.079009771347046 -1.5690639019012451
1433150019712 0 0.0784531980752945 -0.0 10.591181755065918
1433150017868 1 9.610516548156738 -0.627625584602356 -5.413270473480225
1433150019812 0 0.0784531980752945 -0.03922659903764725 10.512728691101074
1433150017969 1 1.3729310035705566 -2.6281821727752686 -8.198359489440918
1433150019913 0 -0.0 -0.0 10.473502159118652
1433150018069 1 -9.610516548156738 -1.3729310035705566 -14.70997428894043
1433150020013 0 0.11767979711294174 -0.03922659903764725 10.551955223083496
1433150018170 1 19.88788604736328 15.612186431884766 17.534290313720703
1433150020113 0 0.0784531980752945 -0.0 10.551955223083496
1433150018271 1 -6.786201477050781 1.647517204284668 -0.5491724014282227
1433150020214 0 0.03922659903764725 -0.03922659903764725 10.473502159118652
1433150018372 1 -19.88788604736328 -10.316595077514648 -13.101683616638184
1433150020314 0 -0.0 -0.0 10.473502159118652
1433150018472 1 20.005565643310547 7.1000142097473145 -12.513284683227539
1433150020415 0 -0.0 -0.03922659903764725 10.473502159118652
1433150018573 1 2.863541841506958 -1.6867437362670898 -1.5690639019012451
1433150020515 0 0.0784531980752945 -0.0 10.512728691101074
1433150018673 1 -12.277925491333008 -7.766866683959961 -9.13979721069336
1433150020616 0 0.0784531980752945 -0.03922659903764725 10.591181755065918
1433150018773 1 20.005565643310547 5.609403610229492 -13.376270294189453
1433150020716 0 0.11767979711294174 -0.03922659903764725 10.591181755065918
1433150018875 1 -20.005565643310547 0.7453053593635559 4.82487154006958
1433150020818 0 0.03922659903764725 -0.0 10.512728691101074
1433150018975 1 16.435945510864258 10.748087882995605 -6.3154826164245605
1433150020918 0 0.03922659903764725 -0.0 10.473502159118652
1433150019075 1 0.509945809841156 9.806650161743164 4.942551612854004
1433150021020 0 0.03922659903764725 0.03922659903764725 10.473502159118652
1433150019176 1 1.255251169204712 9.257477760314941 4.785645008087158
1433150021121 0 -0.0 -0.03922659903764725 10.512728691101074
1433150019277 1 3.726526975631714 9.335930824279785 2.6674087047576904
1433150021222 0 0.03922659903764725 -0.0784531980752945 10.551955223083496
1433150019377 1 -0.4314925968647003 7.609960079193115 2.3535959720611572
1433150021324 0 0.03922659903764725 -0.0 10.551955223083496
1433150019477 1 -5.687856674194336 4.11879301071167 3.177354574203491
1433150021425 0 0.03922659903764725 -0.0 10.473502159118652
1433150019577 1 -3.687300205230713 4.82487154006958 15.925999641418457
1433150021526 0 0.03922659903764725 -0.0 10.591181755065918
1433150019679 1 -5.374043941497803 3.4127140045166016 9.414383888244629
1433150021627 0 0.0784531980752945 -0.03922659903764725 10.551955223083496
1433150019780 1 -2.2751426696777344 6.158576011657715 10.277368545532227
1433150019880 1 -3.0596747398376465 5.334817409515381 9.100570678710938
1433150019980 1 -1.6867437362670898 5.766310214996338 6.629295349121094
1433150020080 1 -1.3729310035705566 7.570733547210693 8.041452407836914
1433150020180 1 -0.6668521761894226 8.23758602142334 5.452497482299805
1433150021728 0 0.03922659903764725 -0.03922659903764725 10.473502159118652
1433150021828 0 0.03922659903764725 -0.0 10.591181755065918
1433150021928 0 0.03922659903764725 -0.03922659903764725 10.43427562713623
1433150022029 0 0.0784531980752945 -0.0784531980752945 10.551955223083496
1433150022130 0 0.03922659903764725 -0.0 10.512728691101074
1433150020280 1 -1.2160245180130005 8.080678939819336 5.648630142211914
1433150022231 0 0.03922659903764725 -0.03922659903764725 10.512728691101074
1433150022330 0 0.11767979711294174 -0.03922659903764725 10.473502159118652
1433150020381 1 -0.627625584602356 8.23758602142334 5.452497482299805
1433150022430 0 0.0784531980752945 -0.11767979711294174 10.473502159118652
1433150020483 1 -0.4314925968647003 8.982891082763672 4.864098072052002
1433150022530 0 0.0784531980752945 -0.0784531980752945 10.591181755065918
1433150020583 1 -0.7845319509506226 8.590624809265137 5.766310214996338
1433150022630 0 0.11767979711294174 -0.0 10.551955223083496
1433150020685 1 0.156906396150589 8.629851341247559 5.727083683013916
1433150022731 0 0.0784531980752945 -0.03922659903764725 10.43427562713623
1433150020786 1 -0.156906396150589 8.669078826904297 4.275699138641357
1433150022831 0 0.03922659903764725 -0.03922659903764725 10.473502159118652
1433150020886 1 0.6668521761894226 7.766866683959961 7.5315070152282715
1433150022931 0 0.0784531980752945 -0.0 10.551955223083496
1433150020987 1 6.433162212371826 6.982334613800049 13.337043762207031
1433150023031 0 -0.0 0.03922659903764725 10.473502159118652
1433150021086 1 5.962442874908447 6.119349479675293 8.904438018798828
1433150023131 0 0.11767979711294174 -0.03922659903764725 10.512728691101074
1433150021187 1 -1.2160245180130005 4.589511871337891 0.23535959422588348
1433150023232 0 0.0784531980752945 -0.0 10.551955223083496
1433150021287 1 -6.354709148406982 2.079009771347046 -0.509945809841156
1433150023333 0 0.03922659903764725 -0.0 10.512728691101074
1433150021387 1 -9.92432975769043 -0.47071918845176697 -0.27458620071411133
1433150023434 0 0.0784531980752945 -0.03922659903764725 10.512728691101074
1433150021487 1 -12.042566299438477 -3.1381278038024902 2.6281821727752686
1433150023535 0 0.03922659903764725 -0.0 10.551955223083496
1433150021588 1 -14.200028419494629 -3.7657535076141357 1.5690639019012451
1433150023636 0 0.03922659903764725 -0.0784531980752945 10.43427562713623
1433150021688 1 -5.8839898109436035 -1.3729310035705566 4.314925670623779
1433150023736 0 -0.0 -0.0 10.355822563171387
1433150021788 1 4.079566478729248 8.982891082763672 5.687856674194336
1433150023837 0 0.11767979711294174 -0.03922659903764725 10.591181755065918
1433150021889 1 1.9221034049987793 9.92432975769043 6.354709148406982
1433150021990 1 4.158019542694092 9.963556289672852 4.785645008087158
1433150023938 0 0.0784531980752945 -0.03922659903764725 10.551955223083496
1433150024039 0 0.11767979711294174 0.0784531980752945 10.591181755065918
1433150022091 1 -8.94366455078125 3.5696206092834473 -1.3337043523788452
1433150022192 1 -11.022674560546875 2.9812214374542236 0.156906396150589
1433150024140 0 0.03922659903764725 0.03922659903764725 10.512728691101074
1433150022293 1 -3.8834333419799805 2.7066352367401123 5.177911281585693
1433150024242 0 0.03922659903764725 -0.0784531980752945 10.473502159118652
1433150022394 1 -0.47071918845176697 -0.5883989930152893 4.471832275390625
1433150024344 0 0.03922659903764725 -0.03922659903764725 10.473502159118652
1433150022495 1 -22.947561264038086 2.6674087047576904 -2.3535959720611572
1433150024445 0 0.03922659903764725 -0.0 10.512728691101074
1433150022595 1 6.158576011657715 7.766866683959961 7.413827419281006
1433150024546 0 0.11767979711294174 -0.03922659903764725 10.551955223083496
1433150022696 1 9.806650161743164 8.316039085388184 8.276812553405762
1433150024647 0 -0.0 -0.0784531980752945 10.551955223083496
1433150022797 1 -19.142580032348633 -0.156906396150589 -0.35303938388824463
1433150024750 0 0.03922659903764725 -0.03922659903764725 10.473502159118652
1433150022899 1 -16.435945510864258 3.648073673248291 4.197246074676514
1433150024850 0 0.03922659903764725 -0.0 10.473502159118652
1433150022999 1 -4.864098072052002 6.51161527633667 6.629295349121094
1433150024951 0 -0.0 -0.03922659903764725 10.512728691101074
1433150023099 1 4.746418476104736 9.885103225708008 3.608847141265869
1433150025051 0 0.03922659903764725 -0.0784531980752945 10.395049095153809
1433150023199 1 -7.1392412185668945 3.9226598739624023 1.45138418674469
1433150025151 0 0.03922659903764725 -0.0784531980752945 10.512728691101074
1433150023300 1 -12.042566299438477 5.8839898109436035 -2.6674087047576904
1433150025252 0 -0.0 -0.03922659903764725 10.591181755065918
1433150023401 1 -6.040896415710449 7.296147346496582 5.80553674697876
1433150025353 0 0.0784531980752945 0.0784531980752945 10.43427562713623
1433150023502 1 -0.7453053593635559 7.806093215942383 1.255251169204712
1433150025454 0 -0.0 0.03922659903764725 10.473502159118652
1433150023602 1 -6.629295349121094 6.119349479675293 -2.863541841506958
1433150025555 0 0.156906396150589 -0.0 10.551955223083496
1433150023703 1 -6.550841808319092 6.746974945068359 5.844763278961182
1433150025656 0 -0.0 -0.0 10.395049095153809
1433150023803 1 -0.9414383769035339 8.708305358886719 2.079009771347046
1433150025757 0 0.03922659903764725 0.03922659903764725 10.395049095153809
1433150023903 1 -11.022674560546875 6.040896415710449 -5.648630142211914
1433150025859 0 0.11767979711294174 -0.0 10.591181755065918
1433150024003 1 -2.392822504043579 8.002225875854492 6.590068817138672
1433150025960 0 -0.0 -0.0 10.551955223083496
1433150024103 1 -4.158019542694092 8.904438018798828 0.6668521761894226
1433150026059 0 0.11767979711294174 -0.0 10.316595077514648
1433150024204 1 -7.727640151977539 7.649186611175537 -6.7077484130859375
1433150026159 0 0.11767979711294174 -0.03922659903764725 10.63040828704834
1433150024304 1 -5.80553674697876 5.962442874908447 5.57017707824707
1433150026259 0 0.03922659903764725 0.0784531980752945 10.473502159118652
1433150024404 1 -4.001112937927246 6.982334613800049 -8.94366455078125
1433150026360 0 0.03922659903764725 -0.03922659903764725 10.473502159118652
1433150024504 1 -4.432605743408203 7.766866683959961 3.726526975631714
1433150026460 0 -0.03922659903764725 0.03922659903764725 10.512728691101074
1433150024606 1 -9.571290016174316 5.923216342926025 -7.217694282531738
1433150026560 0 0.03922659903764725 -0.03922659903764725 10.473502159118652
1433150024707 1 -2.824315071105957 7.570733547210693 -11.650300025939941
1433150026663 0 0.0784531980752945 -0.03922659903764725 10.473502159118652
1433150024808 1 -4.7071919441223145 5.687856674194336 3.648073673248291
1433150026763 0 0.03922659903764725 -0.0 10.551955223083496
1433150024909 1 -3.295034408569336 8.002225875854492 -8.472945213317871
1433150026864 0 -0.0 -0.0 10.512728691101074
1433150025011 1 -2.5889556407928467 8.982891082763672 2.9812214374542236
1433150026965 0 0.03922659903764725 0.0784531980752945 10.551955223083496
1433150025112 1 -6.040896415710449 7.570733547210693 -2.3143694400787354
1433150027067 0 -0.0 -0.03922659903764725 10.591181755065918
1433150025212 1 -2.9419949054718018 9.022117614746094 -4.432605743408203
1433150027170 0 0.0784531980752945 -0.0 10.551955223083496
1433150025313 1 -2.1574628353118896 9.21825122833252 3.216581106185913
1433150027268 0 0.11767979711294174 -0.0784531980752945 10.512728691101074
1433150025414 1 -0.11767979711294174 9.806650161743164 2.9419949054718018
1433150027368 0 0.0784531980752945 -0.0 10.669634819030762
1433150025515 1 -4.354152679443359 9.100570678710938 -2.6674087047576904
1433150027468 0 0.03922659903764725 -0.0784531980752945 10.512728691101074
1433150025615 1 -4.903325080871582 8.316039085388184 -0.03922659903764725
1433150027568 0 0.0784531980752945 -0.0 10.43427562713623
1433150025716 1 -2.432049036026001 8.74753189086914 2.863541841506958
1433150027668 0 0.0784531980752945 -0.03922659903764725 10.43427562713623
1433150027768 0 0.03922659903764725 -0.03922659903764725 10.473502159118652
1433150025816 1 -3.4127140045166016 8.43371868133545 -4.471832275390625
1433150027868 0 0.03922659903764725 -0.03922659903764725 10.512728691101074
1433150025917 1 -1.9613299369812012 9.688969612121582 2.6674087047576904
1433150027968 0 0.0784531980752945 -0.03922659903764725 10.551955223083496
1433150026018 1 -5.099457740783691 8.198359489440918 -3.608847141265869
1433150028068 0 0.0784531980752945 -0.0 10.512728691101074
1433150026119 1 -3.9226598739624023 9.21825122833252 -5.609403610229492
1433150028168 0 -0.0 -0.0 10.43427562713623
1433150026220 1 -0.9414383769035339 10.120462417602539 0.5883989930152893
1433150028268 0 0.11767979711294174 0.03922659903764725 10.551955223083496
1433150026321 1 -4.942551612854004 7.727640151977539 0.03922659903764725
1433150028369 0 0.03922659903764725 -0.0784531980752945 10.591181755065918
1433150026422 1 -1.6082905530929565 9.414383888244629 -3.4911673069000244
1433150028470 0 0.11767979711294174 -0.0 10.473502159118652
1433150026523 1 -1.6867437362670898 9.728196144104004 2.392822504043579
1433150028571 0 0.03922659903764725 -0.0 10.473502159118652
1433150026624 1 -5.413270473480225 8.590624809265137 -2.7458620071411133
1433150028671 0 0.03922659903764725 0.03922659903764725 10.512728691101074
1433150026725 1 -2.000556468963623 9.257477760314941 -1.8828767538070679
1433150028771 0 0.0784531980752945 -0.03922659903764725 10.551955223083496
1433150026826 1 -3.216581106185913 8.825984954833984 3.295034408569336
1433150028871 0 0.0784531980752945 -0.0 10.591181755065918
1433150026927 1 -5.648630142211914 8.041452407836914 -7.49228048324585
1433150028971 0 0.0784531980752945 -0.0 10.473502159118652
1433150027027 1 -2.039783239364624 9.296704292297363 0.19613298773765564
1433150029071 0 -0.0 -0.0784531980752945 10.551955223083496
1433150027128 1 -0.35303938388824463 9.21825122833252 -1.1767979860305786
1433150029172 0 0.03922659903764725 -0.0 10.473502159118652
1433150027230 1 -4.11879301071167 8.512171745300293 -3.687300205230713
1433150029273 0 -0.0 -0.0 10.551955223083496
1433150027330 1 -1.4906107187271118 9.21825122833252 -4.393379211425781
1433150027431 1 -2.5497288703918457 8.708305358886719 -3.0989012718200684
1433150029374 0 0.156906396150589 -0.0 10.551955223083496
1433150027533 1 -1.7651969194412231 9.13979721069336 -2.9812214374542236
1433150029476 0 0.03922659903764725 -0.0784531980752945 10.512728691101074
1433150027635 1 -2.3535959720611572 8.982891082763672 -2.1966896057128906
1433150029577 0 0.11767979711294174 -0.03922659903764725 10.591181755065918
1433150029679 0 0.03922659903764725 -0.0 10.512728691101074
1433150027736 1 -2.7066352367401123 8.94366455078125 -2.392822504043579
1433150029780 0 0.0784531980752945 -0.0 10.512728691101074
1433150027837 1 -3.0204482078552246 8.786758422851562 -2.5889556407928467
1433150029880 0 0.03922659903764725 -0.03922659903764725 10.551955223083496
1433150027938 1 -3.1381278038024902 8.590624809265137 -2.6281821727752686
1433150029981 0 -0.19613298773765564 0.03922659903764725 10.277368545532227
1433150028039 1 -3.1381278038024902 8.825984954833984 -2.9419949054718018
1433150030082 0 0.627625584602356 0.7453053593635559 10.512728691101074
1433150028140 1 -2.5889556407928467 8.94366455078125 -2.6674087047576904
1433150030183 0 0.7453053593635559 -0.0784531980752945 10.473502159118652
1433150028241 1 -2.824315071105957 8.825984954833984 -2.9419949054718018
1433150030285 0 0.35303938388824463 0.0784531980752945 10.63040828704834
1433150028341 1 -2.6281821727752686 8.74753189086914 -2.9812214374542236
1433150030384 0 -0.19613298773765564 -0.11767979711294174 10.316595077514648
1433150028442 1 -2.9419949054718018 8.708305358886719 -2.510502338409424
1433150030485 0 -0.0 -0.5883989930152893 10.395049095153809
1433150028543 1 -2.5497288703918457 8.786758422851562 -2.863541841506958
1433150030585 0 0.11767979711294174 2.432049036026001 11.650300025939941
1433150028645 1 -2.079009771347046 8.708305358886719 -3.334260940551758
1433150030685 0 3.255807638168335 0.9806649684906006 11.532620429992676
1433150028746 1 -2.000556468963623 8.512171745300293 -4.158019542694092
1433150030786 0 7.374600410461426 2.471275806427002 9.179023742675781
1433150028847 1 -1.6867437362670898 8.669078826904297 -4.158019542694092
1433150030887 0 10.081235885620117 3.334260940551758 4.746418476104736
1433150028948 1 -1.4906107187271118 8.708305358886719 -4.079566478729248
1433150030988 0 10.787314414978027 0.9806649684906006 2.471275806427002
1433150029048 1 -1.2944778203964233 8.786758422851562 -4.11879301071167
1433150031088 0 8.23758602142334 0.823758602142334 -0.0784531980752945
1433150029149 1 -1.647517204284668 8.629851341247559 -3.8834333419799805
1433150031188 0 9.64974308013916 -2.7066352367401123 3.687300205230713
1433150029250 1 -1.6082905530929565 8.786758422851562 -3.608847141265869
1433150031289 0 6.472388744354248 -1.255251169204712 4.628738880157471
1433150029352 1 -1.7651969194412231 8.708305358886719 -3.8442068099975586
1433150031389 0 8.825984954833984 4.746418476104736 2.3143694400787354
1433150029453 1 -1.3729310035705566 9.257477760314941 -4.2364726066589355
1433150031489 0 8.080678939819336 4.511058807373047 8.551398277282715
1433150029554 1 0.313812792301178 8.590624809265137 -4.550285339355469
1433150031590 0 6.982334613800049 -2.392822504043579 7.060787677764893
1433150029656 1 -17.10279655456543 0.8629851937294006 -4.511058807373047
1433150031692 0 5.256364345550537 -6.2762556076049805 10.43427562713623
1433150029757 1 -0.313812792301178 0.5491724014282227 22.829879760742188
1433150031792 0 1.2944778203964233 -2.1966896057128906 12.160245895385742
1433150029858 1 -9.375157356262207 3.648073673248291 -7.413827419281006
1433150031893 0 -1.4121575355529785 1.0591181516647339 9.296704292297363
1433150029959 1 -3.961886405944824 8.198359489440918 0.7453053593635559
1433150031993 0 -1.7259703874588013 3.334260940551758 10.787314414978027
1433150030060 1 -3.0596747398376465 5.687856674194336 -0.5491724014282227
1433150032093 0 0.509945809841156 2.5889556407928467 10.081235885620117
1433150030161 1 1.2160245180130005 7.296147346496582 -1.255251169204712
1433150032194 0 1.647517204284668 1.8828767538070679 10.198915481567383
1433150030262 1 5.452497482299805 2.1182363033294678 -0.7453053593635559
1433150032294 0 2.079009771347046 3.0204482078552246 9.688969612121582
1433150030363 1 10.551955223083496 3.687300205230713 -0.3922659754753113
1433150032394 0 2.039783239364624 3.0596747398376465 9.610516548156738
1433150030464 1 13.02323055267334 3.726526975631714 2.6281821727752686
1433150032494 0 2.3535959720611572 3.7657535076141357 9.257477760314941
1433150030565 1 13.80776309967041 2.000556468963623 8.080678939819336
1433150032595 0 1.9221034049987793 4.11879301071167 9.571290016174316
1433150030666 1 8.041452407836914 0.823758602142334 3.687300205230713
1433150032696 0 2.1182363033294678 4.197246074676514 9.21825122833252
1433150030767 1 27.184032440185547 -8.43371868133545 25.026569366455078
1433150032797 0 2.392822504043579 4.2364726066589355 9.13979721069336
1433150030869 1 6.3154826164245605 -1.45138418674469 10.748087882995605
1433150032898 0 2.392822504043579 3.961886405944824 9.296704292297363
1433150030969 1 4.432605743408203 0.156906396150589 7.806093215942383
1433150033000 0 2.824315071105957 3.648073673248291 9.335930824279785
1433150031070 1 -3.5696206092834473 0.8629851937294006 10.63040828704834
1433150033101 0 3.8442068099975586 3.0989012718200684 10.316595077514648
1433150031172 1 0.0784531980752945 0.9414383769035339 14.866881370544434
1433150033202 0 3.3734874725341797 4.589511871337891 9.492836952209473
1433150031273 1 0.156906396150589 -0.11767979711294174 10.551955223083496
1433150033304 0 0.7453053593635559 6.903881549835205 6.7077484130859375
1433150031374 1 -0.0 0.156906396150589 10.277368545532227
1433150033405 0 -0.0 8.23758602142334 5.021004676818848
1433150031476 1 0.11767979711294174 0.11767979711294174 10.120462417602539
1433150033504 0 -1.2944778203964233 8.394492149353027 3.0204482078552246
1433150031576 1 0.03922659903764725 0.11767979711294174 10.159688949584961
1433150033604 0 -0.03922659903764725 6.433162212371826 6.825428009033203
1433150031676 1 0.03922659903764725 0.03922659903764725 10.081235885620117
1433150033704 0 -1.1375713348388672 7.688413619995117 7.609960079193115
1433150031776 1 0.0784531980752945 0.19613298773765564 10.198915481567383
1433150033805 0 0.35303938388824463 8.865211486816406 7.25692081451416
1433150031876 1 0.03922659903764725 0.03922659903764725 10.395049095153809
1433150033905 0 4.001112937927246 8.551398277282715 14.906107902526855
1433150031977 1 0.03922659903764725 0.0784531980752945 10.198915481567383
1433150034005 0 -6.590068817138672 -1.2944778203964233 1.2160245180130005
1433150032077 1 0.11767979711294174 0.0784531980752945 10.238142013549805
1433150034106 0 -2.2359161376953125 -1.4121575355529785 -19.181806564331055
1433150032177 1 -0.0 0.156906396150589 10.238142013549805
1433150034206 0 -2.2359161376953125 -6.433162212371826 -12.866324424743652
1433150032277 1 0.23535959422588348 0.0784531980752945 10.316595077514648
1433150034307 0 -1.0983448028564453 -2.90276837348938 16.945890426635742
1433150032377 1 0.0784531980752945 0.156906396150589 10.198915481567383
1433150034407 0 -6.433162212371826 5.295590877532959 -19.65252685546875
1433150032477 1 0.03922659903764725 0.156906396150589 10.159688949584961
1433150034508 0 -4.667965412139893 4.040339469909668 11.84643268585205
1433150032577 1 -0.0 0.156906396150589 10.316595077514648
1433150034609 0 -8.825984954833984 -0.19613298773765564 -13.572402954101562
1433150032677 1 0.11767979711294174 0.11767979711294174 10.277368545532227
1433150034709 0 -4.981778144836426 4.001112937927246 18.750314712524414
1433150032777 1 0.11767979711294174 -0.0 10.277368545532227
1433150034810 0 -5.295590877532959 -8.551398277282715 -21.574628829956055
1433150032877 1 0.03922659903764725 -0.03922659903764725 10.198915481567383
1433150032977 1 0.156906396150589 -0.0 10.198915481567383
1433150034910 0 -4.550285339355469 -5.374043941497803 26.007234573364258
1433150033077 1 0.11767979711294174 0.03922659903764725 10.159688949584961
1433150035012 0 -11.689526557922363 -9.296704292297363 -14.278482437133789
1433150033177 1 -0.0 0.0784531980752945 10.120462417602539
1433150035112 0 -6.393935680389404 -3.4911673069000244 1.0591181516647339
1433150033277 1 0.11767979711294174 0.03922659903764725 10.198915481567383
1433150035213 0 -8.080678939819336 -6.040896415710449 -5.491724014282227
1433150033377 1 0.0784531980752945 0.156906396150589 10.159688949584961
1433150035313 0 -5.452497482299805 0.156906396150589 -2.471275806427002
1433150033477 1 0.0784531980752945 0.03922659903764725 10.238142013549805
1433150035413 0 -11.218807220458984 -6.590068817138672 -3.8442068099975586
1433150033577 1 0.156906396150589 0.03922659903764725 10.277368545532227
1433150035513 0 -9.179023742675781 1.2160245180130005 -0.7845319509506226
1433150033677 1 0.11767979711294174 0.0784531980752945 10.081235885620117
1433150035615 0 -9.64974308013916 -3.8834333419799805 -2.863541841506958
1433150033777 1 0.03922659903764725 0.156906396150589 10.159688949584961
1433150035716 0 -4.314925670623779 6.550841808319092 2.432049036026001
1433150033877 1 0.11767979711294174 0.156906396150589 10.277368545532227
1433150035817 0 -7.021561145782471 2.3143694400787354 -5.334817409515381
1433150033977 1 0.03922659903764725 0.03922659903764725 10.238142013549805
1433150035918 0 -4.981778144836426 11.218807220458984 -1.255251169204712
1433150034077 1 0.0784531980752945 0.0784531980752945 10.238142013549805
1433150036018 0 -1.9613299369812012 -3.255807638168335 8.198359489440918
1433150034177 1 -0.03922659903764725 0.156906396150589 10.277368545532227
1433150036118 0 -3.8442068099975586 7.374600410461426 -7.49228048324585
1433150034277 1 0.19613298773765564 0.156906396150589 10.159688949584961
1433150036219 0 -3.5303938388824463 -5.374043941497803 4.158019542694092
1433150034377 1 0.03922659903764725 0.156906396150589 10.277368545532227
1433150036320 0 -10.355822563171387 4.158019542694092 -8.23758602142334
1433150034477 1 0.156906396150589 0.03922659903764725 10.159688949584961
1433150036421 0 -3.0204482078552246 -8.43371868133545 4.550285339355469
1433150034577 1 0.11767979711294174 0.11767979711294174 10.238142013549805
1433150036521 0 -11.414939880371094 3.8442068099975586 -7.5315070152282715
1433150034677 1 0.156906396150589 0.0784531980752945 10.238142013549805
1433150036622 0 -2.392822504043579 0.11767979711294174 11.258033752441406
1433150034777 1 0.156906396150589 -0.03922659903764725 10.159688949584961
1433150036723 0 -5.413270473480225 6.746974945068359 -21.417722702026367
1433150034877 1 0.11767979711294174 0.23535959422588348 10.120462417602539
1433150036824 0 -1.7259703874588013 -2.2359161376953125 23.182920455932617
1433150034977 1 0.0784531980752945 0.11767979711294174 10.355822563171387
1433150036925 0 -6.550841808319092 6.158576011657715 -30.20448112487793
1433150035077 1 0.0784531980752945 0.27458620071411133 10.238142013549805
1433150037024 0 -1.5298373699188232 -5.021004676818848 29.106136322021484
1433150035177 1 -0.0 0.0784531980752945 10.042009353637695
1433150037125 0 -7.296147346496582 5.530950546264648 -29.106136322021484
1433150035277 1 0.03922659903764725 0.03922659903764725 10.159688949584961
1433150037226 0 -1.8436501026153564 1.45138418674469 22.829879760742188
1433150035377 1 0.03922659903764725 0.0784531980752945 10.277368545532227
1433150037327 0 -9.296704292297363 4.511058807373047 -22.319934844970703
1433150035477 1 -0.0 0.27458620071411133 10.238142013549805
1433150037428 0 -3.8442068099975586 0.627625584602356 17.769649505615234
1433150035577 1 0.03922659903764725 0.156906396150589 10.159688949584961
1433150037529 0 -6.158576011657715 5.413270473480225 -21.888442993164062
1433150035677 1 -0.0 0.0784531980752945 10.277368545532227
1433150037631 0 -0.9806649684906006 0.509945809841156 19.65252685546875
1433150035777 1 0.11767979711294174 0.156906396150589 10.198915481567383
1433150037731 0 -10.90499496459961 -6.825428009033203 -15.376827239990234
1433150035877 1 0.03922659903764725 0.11767979711294174 10.198915481567383
1433150037831 0 1.8044235706329346 3.5696206092834473 6.903881549835205
1433150035977 1 0.03922659903764725 0.11767979711294174 10.277368545532227
1433150037933 0 -5.021004676818848 -3.3734874725341797 -19.574073791503906
1433150036077 1 0.0784531980752945 0.156906396150589 10.159688949584961
1433150038033 0 0.8629851937294006 9.100570678710938 12.944777488708496
1433150036178 1 0.0784531980752945 0.156906396150589 10.198915481567383
1433150038133 0 -3.4911673069000244 2.039783239364624 -14.906107902526855
1433150036279 1 0.11767979711294174 0.11767979711294174 10.238142013549805
1433150038233 0 -0.3922659754753113 4.11879301071167 12.238698959350586
1433150036380 1 -0.0 0.156906396150589 10.198915481567383
1433150038334 0 -11.414939880371094 0.5883989930152893 -16.043678283691406
1433150036481 1 0.11767979711294174 0.156906396150589 10.159688949584961
1433150038435 0 -3.177354574203491 2.5889556407928467 9.688969612121582
1433150036582 1 0.03922659903764725 0.03922659903764725 10.198915481567383
1433150038536 0 -11.101127624511719 0.23535959422588348 -19.181806564331055
1433150036683 1 0.0784531980752945 0.0784531980752945 10.159688949584961
1433150038637 0 1.4121575355529785 0.627625584602356 14.906107902526855
1433150036784 1 -0.0 0.156906396150589 10.120462417602539
1433150038737 0 -6.943108081817627 4.040339469909668 -24.477397918701172
1433150036885 1 -0.0 0.19613298773765564 10.277368545532227
1433150038840 0 2.5497288703918457 -2.392822504043579 22.86910629272461
1433150036985 1 -0.0 0.19613298773765564 10.277368545532227
1433150038940 0 -9.21825122833252 3.5303938388824463 -25.928781509399414
1433150037086 1 0.03922659903764725 -0.0 10.355822563171387
1433150039040 0 0.35303938388824463 -2.6281821727752686 21.143136978149414
1433150037187 1 0.0784531980752945 0.156906396150589 10.198915481567383
1433150039141 0 -9.963556289672852 2.1966896057128906 -25.1834774017334
1433150037288 1 0.03922659903764725 0.0784531980752945 10.238142013549805
1433150039242 0 -1.5690639019012451 4.7071919441223145 18.86799430847168
1433150037389 1 0.0784531980752945 0.156906396150589 10.159688949584961
1433150039342 0 -6.237029075622559 4.197246074676514 -19.574073791503906
1433150037490 1 0.03922659903764725 0.156906396150589 10.277368545532227
1433150039443 0 -0.5491724014282227 1.7259703874588013 23.967451095581055
1433150037591 1 0.11767979711294174 0.11767979711294174 10.120462417602539
1433150039543 0 -8.198359489440918 6.080122947692871 -22.04534912109375
1433150037692 1 0.11767979711294174 0.11767979711294174 10.198915481567383
1433150039643 0 -2.2751426696777344 -0.4314925968647003 21.613855361938477
1433150037794 1 0.03922659903764725 0.11767979711294174 10.120462417602539
1433150039748 0 -9.688969612121582 4.667965412139893 -20.437057495117188
1433150037896 1 0.11767979711294174 0.11767979711294174 10.042009353637695
1433150039848 0 -2.079009771347046 -3.4127140045166016 23.339826583862305
1433150037997 1 0.11767979711294174 0.11767979711294174 10.120462417602539
1433150039949 0 -11.964112281799316 0.9806649684906006 -16.396718978881836
1433150038097 1 0.0784531980752945 -0.0784531980752945 10.198915481567383
1433150040050 0 -1.4906107187271118 -4.7071919441223145 25.85032844543457
1433150038197 1 0.11767979711294174 0.156906396150589 10.238142013549805
1433150040150 0 -10.944221496582031 0.9806649684906006 -15.141467094421387
1433150038298 1 0.19613298773765564 0.11767979711294174 10.238142013549805
1433150040250 0 -0.509945809841156 2.000556468963623 10.90499496459961
1433150038399 1 -0.03922659903764725 0.0784531980752945 10.277368545532227
1433150040350 0 -9.414383888244629 0.9806649684906006 -14.70997428894043
1433150038500 1 0.03922659903764725 0.11767979711294174 10.159688949584961
1433150040453 0 -1.8044235706329346 -0.6668521761894226 21.535402297973633
1433150038601 1 0.19613298773765564 0.11767979711294174 10.198915481567383
1433150040554 0 -9.179023742675781 1.019891619682312 -12.199472427368164
1433150038700 1 0.03922659903764725 -0.0 10.277368545532227
1433150040655 0 -2.5497288703918457 3.334260940551758 7.9629998207092285
1433150038800 1 -0.0 0.03922659903764725 10.002782821655273
1433150040756 0 -10.277368545532227 -0.156906396150589 -10.159688949584961
1433150038900 1 -0.0 0.0784531980752945 10.120462417602539
1433150040857 0 -2.471275806427002 3.8442068099975586 6.158576011657715
1433150039000 1 0.0784531980752945 0.11767979711294174 10.198915481567383
1433150040958 0 -9.022117614746094 -0.27458620071411133 -7.806093215942383
1433150039101 1 0.03922659903764725 0.23535959422588348 10.198915481567383
1433150041058 0 -4.981778144836426 6.982334613800049 3.687300205230713
1433150039202 1 0.0784531980752945 0.156906396150589 10.238142013549805
1433150041159 0 -7.021561145782471 -2.863541841506958 -4.628738880157471
1433150039303 1 0.0784531980752945 0.11767979711294174 10.198915481567383
1433150041260 0 -6.080122947692871 6.550841808319092 1.0591181516647339
1433150039403 1 0.0784531980752945 0.03922659903764725 10.238142013549805
1433150041361 0 -5.923216342926025 -2.6674087047576904 -5.334817409515381
1433150039504 1 0.11767979711294174 0.19613298773765564 10.159688949584961
1433150041462 0 -6.040896415710449 8.041452407836914 0.7845319509506226
1433150039605 1 0.19613298773765564 -0.03922659903764725 10.238142013549805
1433150041563 0 -4.314925670623779 -1.5690639019012451 -2.2359161376953125
1433150039706 1 0.0784531980752945 0.11767979711294174 10.159688949584961
1433150041665 0 -4.432605743408203 10.512728691101074 1.7651969194412231
1433150039808 1 0.19613298773765564 0.03922659903764725 10.198915481567383
1433150041766 0 -0.9022117853164673 -0.7060787677764893 4.471832275390625
1433150039908 1 -0.0 0.11767979711294174 10.159688949584961
1433150041867 0 -10.316595077514648 6.472388744354248 -8.865211486816406
1433150040008 1 -0.0 0.156906396150589 10.238142013549805
1433150041969 0 -1.2160245180130005 -1.7651969194412231 14.121575355529785
1433150040109 1 0.03922659903764725 0.11767979711294174 10.316595077514648
1433150042069 0 -7.9629998207092285 6.943108081817627 -20.47628402709961
1433150040210 1 0.156906396150589 -0.03922659903764725 10.316595077514648
1433150042170 0 -4.197246074676514 -0.3922659754753113 23.967451095581055
1433150040311 1 0.11767979711294174 0.11767979711294174 10.198915481567383
1433150042270 0 -10.512728691101074 6.354709148406982 -18.08346176147461
1433150040413 1 0.156906396150589 0.0784531980752945 10.238142013549805
1433150042370 0 -5.844763278961182 -1.3729310035705566 18.43650245666504
1433150040515 1 0.0784531980752945 0.03922659903764725 10.238142013549805
1433150042471 0 -7.609960079193115 3.687300205230713 -19.2602596282959
1433150040616 1 0.0784531980752945 -0.0 10.198915481567383
1433150042572 0 -3.9226598739624023 1.2944778203964233 20.51551055908203
1433150040717 1 0.0784531980752945 0.0784531980752945 10.198915481567383
1433150042672 0 -9.571290016174316 5.766310214996338 -19.377939224243164
1433150040818 1 0.11767979711294174 0.03922659903764725 10.238142013549805
1433150042772 0 -3.648073673248291 -1.1375713348388672 25.41883659362793
1433150040919 1 0.03922659903764725 0.0784531980752945 10.238142013549805
1433150042873 0 -10.708861351013184 5.844763278961182 -17.730422973632812
1433150041020 1 0.03922659903764725 0.0784531980752945 10.159688949584961
1433150042973 0 -3.687300205230713 -1.9613299369812012 18.47572898864746
1433150041121 1 -0.03922659903764725 0.156906396150589 10.277368545532227
1433150043073 0 -10.708861351013184 7.296147346496582 -10.355822563171387
1433150041222 1 -0.03922659903764725 0.03922659903764725 10.042009353637695
1433150043174 0 -5.217137813568115 -1.2944778203964233 5.295590877532959
1433150041323 1 -0.0 0.03922659903764725 10.198915481567383
1433150043274 0 -7.806093215942383 9.100570678710938 -4.942551612854004
1433150041424 1 0.03922659903764725 0.156906396150589 10.277368545532227
1433150043374 0 -5.413270473480225 -1.4121575355529785 -0.9414383769035339
1433150041525 1 0.0784531980752945 0.156906396150589 10.198915481567383
1433150043475 0 -4.903325080871582 8.708305358886719 -1.4121575355529785
1433150041626 1 0.11767979711294174 0.03922659903764725 10.198915481567383
1433150043576 0 -5.766310214996338 1.1767979860305786 -5.609403610229492
1433150041727 1 -0.0 0.23535959422588348 10.316595077514648
1433150043676 0 -2.9812214374542236 6.982334613800049 1.5690639019012451
1433150041828 1 0.03922659903764725 0.11767979711294174 10.120462417602539
1433150043776 0 -4.589511871337891 2.3143694400787354 -10.159688949584961
1433150041929 1 0.0784531980752945 0.19613298773765564 10.238142013549805
1433150043876 0 -2.3535959720611572 7.688413619995117 5.138684272766113
1433150042030 1 0.03922659903764725 0.03922659903764725 10.277368545532227
1433150043976 0 -6.3154826164245605 6.472388744354248 -9.963556289672852
1433150042131 1 0.03922659903764725 0.23535959422588348 10.238142013549805
1433150044077 0 -2.9812214374542236 6.825428009033203 6.080122947692871
1433150042232 1 0.0784531980752945 -0.0 10.198915481567383
1433150044178 0 -1.3729310035705566 8.94366455078125 0.156906396150589
1433150042334 1 0.11767979711294174 0.03922659903764725 10.238142013549805
1433150044279 0 1.0983448028564453 9.688969612121582 0.509945809841156
1433150042436 1 0.0784531980752945 0.11767979711294174 10.198915481567383
1433150044379 0 3.0989012718200684 8.629851341247559 0.5491724014282227
1433150042536 1 0.03922659903764725 0.11767979711294174 10.238142013549805
1433150044479 0 5.334817409515381 7.49228048324585 3.334260940551758
1433150042637 1 0.19613298773765564 0.0784531980752945 10.316595077514648
1433150044580 0 6.080122947692871 6.237029075622559 3.608847141265869
1433150042738 1 0.11767979711294174 0.11767979711294174 10.159688949584961
1433150044681 0 7.5315070152282715 5.530950546264648 4.667965412139893
1433150042837 1 0.11767979711294174 0.156906396150589 10.355822563171387
1433150044782 0 7.766866683959961 4.903325080871582 4.785645008087158
1433150042937 1 0.03922659903764725 0.0784531980752945 10.198915481567383
1433150044883 0 6.472388744354248 4.2364726066589355 5.844763278961182
1433150043037 1 0.156906396150589 0.11767979711294174 10.277368545532227
1433150044984 0 6.786201477050781 3.8834333419799805 6.982334613800049
1433150043137 1 0.0784531980752945 0.19613298773765564 10.198915481567383
1433150045085 0 6.354709148406982 3.4127140045166016 6.943108081817627
1433150043238 1 -0.03922659903764725 0.156906396150589 10.198915481567383
1433150045187 0 6.7077484130859375 3.5696206092834473 6.903881549835205
1433150043339 1 0.03922659903764725 0.03922659903764725 10.238142013549805
1433150045287 0 6.590068817138672 3.0204482078552246 7.374600410461426
1433150043440 1 0.03922659903764725 0.156906396150589 10.238142013549805
1433150045388 0 6.2762556076049805 1.4906107187271118 7.49228048324585
1433150043541 1 0.0784531980752945 0.03922659903764725 10.277368545532227
1433150045488 0 6.472388744354248 0.313812792301178 7.806093215942383
1433150043642 1 0.03922659903764725 0.11767979711294174 10.277368545532227
1433150045588 0 6.903881549835205 -0.4314925968647003 8.041452407836914
1433150043743 1 0.0784531980752945 0.11767979711294174 10.198915481567383
1433150045689 0 6.903881549835205 -0.9806649684906006 7.923772811889648
1433150043844 1 0.156906396150589 0.156906396150589 10.159688949584961
1433150045790 0 6.590068817138672 -1.3337043523788452 7.453053951263428
1433150043945 1 0.0784531980752945 0.19613298773765564 10.159688949584961
1433150045891 0 7.413827419281006 -1.6082905530929565 7.1392412185668945
1433150044046 1 0.11767979711294174 0.156906396150589 10.198915481567383
1433150045991 0 6.864655017852783 -2.471275806427002 7.335373878479004
1433150044147 1 0.03922659903764725 0.0784531980752945 10.355822563171387
1433150046092 0 6.51161527633667 -2.6674087047576904 7.413827419281006
1433150044248 1 0.11767979711294174 -0.0 10.238142013549805
1433150046193 0 6.158576011657715 -2.785088539123535 7.727640151977539
1433150044349 1 0.0784531980752945 0.11767979711294174 10.159688949584961
1433150046294 0 5.923216342926025 -2.7458620071411133 7.806093215942383
1433150044450 1 -0.0 0.03922659903764725 10.316595077514648
1433150046395 0 5.844763278961182 -2.510502338409424 8.159132957458496
1433150044552 1 -0.03922659903764725 0.27458620071411133 10.238142013549805
1433150046496 0 5.452497482299805 -2.1966896057128906 8.119906425476074
1433150044653 1 0.156906396150589 0.0784531980752945 10.198915481567383
1433150046596 0 5.491724014282227 -2.039783239364624 10.002782821655273
1433150044754 1 -0.03922659903764725 0.23535959422588348 10.238142013549805
1433150046696 0 4.667965412139893 -1.6082905530929565 9.296704292297363
1433150044855 1 0.0784531980752945 0.156906396150589 10.277368545532227
1433150046796 0 4.393379211425781 -1.1767979860305786 9.257477760314941
1433150044955 1 0.0784531980752945 0.11767979711294174 10.238142013549805
1433150046897 0 4.628738880157471 -0.6668521761894226 9.45361042022705
1433150045055 1 -0.03922659903764725 0.03922659903764725 10.238142013549805
1433150046998 0 4.354152679443359 -0.313812792301178 8.512171745300293
1433150045156 1 0.03922659903764725 -0.0 10.238142013549805
1433150047098 0 4.511058807373047 -0.11767979711294174 9.610516548156738
1433150045256 1 0.156906396150589 0.11767979711294174 10.159688949584961
1433150047198 0 3.608847141265869 -0.156906396150589 9.688969612121582
1433150045356 1 0.156906396150589 -0.0 10.238142013549805
1433150047298 0 3.648073673248291 -0.19613298773765564 9.92432975769043
1433150045455 1 0.03922659903764725 0.19613298773765564 10.198915481567383
1433150047399 0 3.8834333419799805 -0.27458620071411133 9.532063484191895
1433150045555 1 0.03922659903764725 0.19613298773765564 10.159688949584961
1433150047500 0 3.8049800395965576 -0.156906396150589 9.492836952209473
1433150045655 1 0.0784531980752945 0.03922659903764725 10.277368545532227
1433150047601 0 3.726526975631714 -0.19613298773765564 9.571290016174316
1433150045756 1 0.0784531980752945 0.03922659903764725 10.238142013549805
1433150047701 0 3.1381278038024902 -0.19613298773765564 9.767423629760742
1433150045857 1 -0.03922659903764725 0.0784531980752945 10.159688949584961
1433150047801 0 2.392822504043579 -0.27458620071411133 10.198915481567383
1433150045958 1 0.11767979711294174 0.0784531980752945 9.92432975769043
1433150047902 0 2.6674087047576904 -0.27458620071411133 9.963556289672852
1433150046059 1 0.11767979711294174 0.11767979711294174 10.355822563171387
1433150048003 0 -0.03922659903764725 -0.11767979711294174 13.02323055267334
