1432907046057 0 0.5491724014282227 5.177911281585693 9.414383888244629
1432907046112 0 0.4314925968647003 5.138684272766113 8.394492149353027
1432907046312 0 0.35303938388824463 5.491724014282227 8.94366455078125
1432907046518 0 0.03922659903764725 4.864098072052002 9.022117614746094
1432907046713 0 -0.03922659903764725 3.648073673248291 9.257477760314941
1432907046913 0 0.5883989930152893 3.961886405944824 10.316595077514648
1432907047127 0 0.823758602142334 4.354152679443359 8.159132957458496
1432907047312 0 -0.03922659903764725 3.687300205230713 9.963556289672852
1432907047515 0 1.019891619682312 4.432605743408203 9.414383888244629
1432907047714 0 0.3922659754753113 4.2364726066589355 9.610516548156738
1432907047918 0 0.7060787677764893 4.393379211425781 9.532063484191895
1432907048113 0 0.4314925968647003 4.432605743408203 9.375157356262207
1432907048313 0 0.313812792301178 4.393379211425781 9.414383888244629
1432907048513 0 0.3922659754753113 4.393379211425781 9.335930824279785
1432907048713 0 0.47071918845176697 4.471832275390625 9.296704292297363
1432907048913 0 0.4314925968647003 4.589511871337891 9.335930824279785
1432907049113 0 0.3922659754753113 4.550285339355469 9.375157356262207
1432907049313 0 0.35303938388824463 4.667965412139893 9.532063484191895
1432907049513 0 0.4314925968647003 4.667965412139893 9.296704292297363
1432907049712 0 0.19613298773765564 4.667965412139893 9.492836952209473
1432907049918 0 0.313812792301178 4.746418476104736 9.571290016174316
1432907050113 0 0.313812792301178 4.589511871337891 9.610516548156738
1432907050312 0 0.27458620071411133 4.628738880157471 9.414383888244629
1432907050513 0 0.313812792301178 4.82487154006958 9.492836952209473
1432907050714 0 0.35303938388824463 4.667965412139893 9.335930824279785
1432907050913 0 0.35303938388824463 4.7071919441223145 9.414383888244629
1432907051113 0 0.3922659754753113 4.667965412139893 9.375157356262207
1432907051313 0 0.27458620071411133 4.746418476104736 9.45361042022705
1432907051513 0 0.19613298773765564 4.628738880157471 9.296704292297363
1432907051713 0 0.11767979711294174 4.589511871337891 9.492836952209473
1432907051913 0 0.23535959422588348 4.7071919441223145 9.532063484191895
1432907051336 1 0.11767979711294174 4.942551612854004 8.786758422851562
1432907052113 0 0.27458620071411133 4.746418476104736 9.375157356262207
1432907051521 1 0.19613298773765564 5.021004676818848 8.786758422851562
1432907052313 0 0.23535959422588348 4.746418476104736 9.375157356262207
1432907051722 1 0.0784531980752945 5.021004676818848 9.022117614746094
1432907052513 0 0.156906396150589 4.7071919441223145 9.257477760314941
1432907051922 1 0.27458620071411133 5.099457740783691 9.13979721069336
1432907052714 0 0.27458620071411133 4.82487154006958 9.296704292297363
1432907052122 1 0.509945809841156 4.079566478729248 9.100570678710938
1432907052913 0 0.156906396150589 4.628738880157471 9.414383888244629
1432907052322 1 -0.5883989930152893 4.11879301071167 9.492836952209473
1432907053113 0 0.11767979711294174 4.667965412139893 9.296704292297363
1432907052522 1 -0.8629851937294006 4.393379211425781 9.100570678710938
1432907053313 0 0.19613298773765564 4.628738880157471 9.571290016174316
1432907052723 1 -0.4314925968647003 3.4127140045166016 9.728196144104004
1432907053513 0 0.156906396150589 4.628738880157471 9.375157356262207
1432907052923 1 -2.863541841506958 4.079566478729248 9.963556289672852
1432907053713 0 0.03922659903764725 4.667965412139893 9.296704292297363
1432907053122 1 -0.19613298773765564 4.11879301071167 9.688969612121582
1432907053913 0 0.156906396150589 4.667965412139893 9.414383888244629
1432907053322 1 -0.6668521761894226 4.82487154006958 9.061344146728516
1432907054113 0 0.19613298773765564 4.628738880157471 9.335930824279785
1432907053527 1 -0.4314925968647003 5.217137813568115 8.904438018798828
1432907054313 0 0.156906396150589 4.7071919441223145 9.414383888244629
1432907053723 1 -0.27458620071411133 5.452497482299805 8.669078826904297
1432907054513 0 0.19613298773765564 4.746418476104736 9.64974308013916
1432907053921 1 -0.23535959422588348 5.491724014282227 8.669078826904297
1432907054713 0 0.5491724014282227 5.021004676818848 8.74753189086914
1432907054122 1 -0.156906396150589 5.452497482299805 8.629851341247559
1432907054913 0 0.5883989930152893 5.0602312088012695 9.21825122833252
1432907054322 1 -0.11767979711294174 5.452497482299805 8.512171745300293
1432907055113 0 0.47071918845176697 5.099457740783691 8.825984954833984
1432907054522 1 -0.23535959422588348 5.530950546264648 8.904438018798828
1432907055312 0 0.7845319509506226 4.942551612854004 9.13979721069336
1432907054722 1 -0.11767979711294174 4.981778144836426 8.708305358886719
1432907055513 0 0.627625584602356 4.942551612854004 9.257477760314941
1432907054922 1 -0.0 4.354152679443359 8.982891082763672
1432907055713 0 0.7453053593635559 4.864098072052002 9.45361042022705
1432907055122 1 0.47071918845176697 3.8049800395965576 9.13979721069336
1432907055913 0 0.627625584602356 4.589511871337891 9.571290016174316
1432907055322 1 0.5491724014282227 3.5696206092834473 9.845876693725586
1432907056113 0 0.7453053593635559 4.511058807373047 9.532063484191895
1432907055521 1 0.509945809841156 3.295034408569336 9.532063484191895
1432907056313 0 0.627625584602356 4.432605743408203 9.532063484191895
1432907055727 1 1.1767979860305786 2.824315071105957 9.767423629760742
1432907056513 0 0.7845319509506226 4.589511871337891 9.492836952209473
1432907055922 1 1.4906107187271118 2.9419949054718018 9.728196144104004
1432907056713 0 0.5883989930152893 4.550285339355469 9.414383888244629
1432907056121 1 1.2944778203964233 3.8834333419799805 9.45361042022705
1432907056913 0 0.5491724014282227 4.7071919441223145 9.375157356262207
1432907056322 1 0.9414383769035339 3.8049800395965576 9.767423629760742
1432907057113 0 0.5883989930152893 4.550285339355469 9.335930824279785
1432907056522 1 0.9414383769035339 3.8049800395965576 9.64974308013916
1432907057313 0 0.627625584602356 4.628738880157471 9.492836952209473
