1432904894514 1 -0.5491724014282227 -0.0 10.316595077514648
1432904895305 0 -0.35303938388824463 0.4314925968647003 10.473502159118652
1432904894715 1 -0.5491724014282227 0.0784531980752945 10.277368545532227
1432904895507 0 -0.313812792301178 0.47071918845176697 10.43427562713623
1432904894914 1 -0.5883989930152893 0.0784531980752945 10.316595077514648
1432904895706 0 -0.27458620071411133 0.47071918845176697 10.43427562713623
1432904895112 1 -0.5883989930152893 0.03922659903764725 10.277368545532227
1432904895905 0 -0.27458620071411133 0.509945809841156 10.944221496582031
1432904895314 1 -0.627625584602356 0.03922659903764725 10.238142013549805
1432904896104 0 -0.3922659754753113 0.27458620071411133 10.708861351013184
1432904895513 1 -0.5491724014282227 -0.0 10.198915481567383
1432904896304 0 -0.19613298773765564 0.47071918845176697 11.375713348388672
1432904895713 1 -0.5883989930152893 0.0784531980752945 10.277368545532227
1432904896505 0 2.471275806427002 0.03922659903764725 9.767423629760742
1432904895914 1 -0.5883989930152893 -0.03922659903764725 10.277368545532227
1432904896705 0 0.27458620071411133 -0.8629851937294006 10.238142013549805
1432904896113 1 -0.627625584602356 0.03922659903764725 10.316595077514648
1432904896906 0 0.4314925968647003 0.5883989930152893 11.022674560546875
1432904896312 1 -0.627625584602356 -0.11767979711294174 10.159688949584961
1432904897106 0 -2.392822504043579 0.3922659754753113 11.022674560546875
1432904896515 1 -0.509945809841156 -0.0 10.238142013549805
1432904897304 0 1.8044235706329346 -0.627625584602356 9.492836952209473
1432904896715 1 -0.5883989930152893 -0.0 10.277368545532227
1432904897505 0 6.2762556076049805 1.6867437362670898 7.178467750549316
1432904896915 1 -0.47071918845176697 -0.0 10.238142013549805
1432904897704 0 15.141467094421387 2.2751426696777344 4.589511871337891
1432904897113 1 -0.509945809841156 -0.0 10.238142013549805
1432904897904 0 -1.1767979860305786 4.589511871337891 1.4906107187271118
1432904897314 1 -0.509945809841156 -0.03922659903764725 10.159688949584961
1432904898105 0 1.6082905530929565 7.727640151977539 -9.296704292297363
1432904897514 1 -0.5491724014282227 -0.03922659903764725 10.238142013549805
1432904898304 0 -3.334260940551758 -3.0596747398376465 -20.005565643310547
1432904897714 1 -0.5883989930152893 -0.0784531980752945 10.198915481567383
1432904898504 0 2.824315071105957 5.256364345550537 -20.005565643310547
1432904897915 1 -0.5883989930152893 -0.03922659903764725 10.238142013549805
1432904898704 0 9.92432975769043 10.748087882995605 -20.005565643310547
1432904898113 1 -0.5491724014282227 -0.0784531980752945 10.355822563171387
1432904898902 0 12.199472427368164 10.120462417602539 -14.200028419494629
1432904898313 1 -0.509945809841156 -0.0784531980752945 10.277368545532227
1432904899104 0 16.90666389465332 6.472388744354248 -9.728196144104004
1432904898513 1 -0.509945809841156 -0.0 10.316595077514648
1432904899304 0 14.9845609664917 4.550285339355469 -5.727083683013916
1432904898713 1 -0.5491724014282227 -0.03922659903764725 10.316595077514648
1432904899504 0 13.690083503723145 6.158576011657715 -1.7259703874588013
1432904898915 1 -0.4314925968647003 -0.03922659903764725 10.120462417602539
1432904899703 0 14.866881370544434 2.785088539123535 -0.7453053593635559
1432904899112 1 -0.3922659754753113 -0.03922659903764725 10.277368545532227
1432904899904 0 13.650856018066406 2.6674087047576904 -0.9414383769035339
1432904899312 1 -0.47071918845176697 0.03922659903764725 10.316595077514648
1432904900104 0 9.571290016174316 2.2751426696777344 1.4906107187271118
1432904899513 1 -0.47071918845176697 -0.0 10.238142013549805
1432904899714 1 -0.27458620071411133 0.03922659903764725 10.316595077514648
1432904900304 0 10.512728691101074 4.550285339355469 1.5690639019012451
1432904900504 0 9.532063484191895 1.2944778203964233 3.7657535076141357
1432904899915 1 -0.4314925968647003 0.03922659903764725 10.316595077514648
1432904900114 1 -0.35303938388824463 -0.0 10.316595077514648
1432904900704 0 2.039783239364624 -6.7077484130859375 15.141467094421387
1432904900904 0 -11.728753089904785 -13.768536567687988 20.005565643310547
1432904900314 1 -0.3922659754753113 -0.0 10.277368545532227
1432904901104 0 -17.181249618530273 -0.03922659903764725 20.005565643310547
1432904900513 1 -0.3922659754753113 -0.03922659903764725 10.277368545532227
1432904901303 0 5.766310214996338 -20.005565643310547 20.005565643310547
1432904900715 1 -0.3922659754753113 -0.0 10.238142013549805
1432904900912 1 -0.3922659754753113 -0.0784531980752945 10.277368545532227
1432904901505 0 13.572402954101562 -20.005565643310547 14.670747756958008
1432904901704 0 -8.629851341247559 4.314925670623779 -20.005565643310547
1432904901115 1 -0.3922659754753113 -0.0 10.316595077514648
1432904901905 0 -7.335373878479004 6.943108081817627 -17.534290313720703
1432904901314 1 -0.3922659754753113 -0.0 10.238142013549805
1432904902104 0 0.47071918845176697 8.708305358886719 -12.905550956726074
1432904901514 1 -0.3922659754753113 0.11767979711294174 10.238142013549805
1432904902303 0 5.295590877532959 10.983448028564453 -11.414939880371094
1432904901714 1 -0.3922659754753113 -0.0 10.238142013549805
1432904902504 0 12.513284683227539 11.414939880371094 -6.197802543640137
1432904901915 1 -0.313812792301178 -0.0 10.198915481567383
1432904902704 0 7.923772811889648 3.0596747398376465 5.295590877532959
1432904902116 1 -0.313812792301178 -0.0 10.277368545532227
1432904902904 0 -0.11767979711294174 -3.8442068099975586 20.005565643310547
1432904902316 1 -0.35303938388824463 -0.0 10.238142013549805
1432904903103 0 -11.022674560546875 1.4121575355529785 20.005565643310547
1432904902514 1 -0.3922659754753113 -0.0 10.238142013549805
1432904903305 0 8.982891082763672 -20.005565643310547 20.005565643310547
1432904902714 1 -0.27458620071411133 0.03922659903764725 10.238142013549805
1432904903504 0 6.080122947692871 -12.160245895385742 4.628738880157471
1432904902914 1 -0.3922659754753113 -0.0 10.316595077514648
1432904903704 0 -4.314925670623779 -6.001669883728027 -9.963556289672852
1432904903116 1 -0.313812792301178 -0.0 10.277368545532227
1432904903904 0 -8.355265617370605 -2.1966896057128906 -20.005565643310547
1432904903314 1 -0.4314925968647003 -0.0784531980752945 10.198915481567383
1432904904104 0 -6.197802543640137 9.963556289672852 -20.005565643310547
1432904903513 1 -0.3922659754753113 -0.0 10.277368545532227
1432904904305 0 -8.316039085388184 7.25692081451416 -20.005565643310547
1432904903714 1 -0.35303938388824463 -0.0 10.277368545532227
1432904904504 0 -6.158576011657715 -5.138684272766113 -20.005565643310547
1432904903915 1 -0.27458620071411133 -0.03922659903764725 10.198915481567383
1432904904704 0 16.27903938293457 16.082904815673828 -7.845319747924805
1432904904115 1 -0.35303938388824463 -0.0 10.277368545532227
1432904904904 0 10.787314414978027 6.119349479675293 -1.8828767538070679
1432904904314 1 -0.313812792301178 -0.0 10.238142013549805
1432904905104 0 2.5889556407928467 -9.414383888244629 13.690083503723145
1432904904513 1 -0.27458620071411133 0.03922659903764725 10.238142013549805
1432904905302 0 -12.787871360778809 -3.3734874725341797 20.005565643310547
1432904904713 1 -0.313812792301178 -0.03922659903764725 10.355822563171387
1432904905504 0 4.040339469909668 -20.005565643310547 20.005565643310547
1432904904913 1 -0.27458620071411133 -0.03922659903764725 10.277368545532227
1432904905704 0 10.591181755065918 -20.005565643310547 14.945334434509277
1432904905114 1 -0.313812792301178 -0.0 10.238142013549805
1432904905904 0 3.0596747398376465 4.197246074676514 -19.88788604736328
1432904905313 1 -0.313812792301178 -0.0 10.277368545532227
1432904906104 0 17.220476150512695 10.63040828704834 -7.217694282531738
1432904905513 1 -0.313812792301178 0.03922659903764725 10.238142013549805
1432904906304 0 14.317708969116211 2.5889556407928467 -0.5883989930152893
1432904905714 1 -0.27458620071411133 0.03922659903764725 10.355822563171387
1432904906503 0 8.865211486816406 -5.8839898109436035 6.982334613800049
1432904905914 1 -0.313812792301178 -0.0 10.277368545532227
1432904906704 0 1.1375713348388672 -16.71053123474121 19.456392288208008
1432904906112 1 -0.27458620071411133 0.03922659903764725 10.316595077514648
1432904906904 0 -2.471275806427002 -18.985673904418945 20.005565643310547
1432904906315 1 -0.23535959422588348 0.03922659903764725 10.198915481567383
1432904907103 0 8.394492149353027 -12.984004020690918 13.337043762207031
1432904906515 1 -0.35303938388824463 -0.0 10.277368545532227
1432904907304 0 5.962442874908447 -13.690083503723145 11.454167366027832
1432904906715 1 -0.27458620071411133 0.03922659903764725 10.238142013549805
1432904907503 0 5.727083683013916 -9.492836952209473 8.159132957458496
1432904906915 1 -0.35303938388824463 0.03922659903764725 10.277368545532227
1432904907703 0 10.120462417602539 -2.3143694400787354 1.1375713348388672
1432904907114 1 -0.35303938388824463 0.11767979711294174 10.277368545532227
1432904907904 0 7.217694282531738 -12.513284683227539 3.334260940551758
1432904907314 1 -0.27458620071411133 -0.03922659903764725 10.355822563171387
1432904908104 0 -1.6082905530929565 -16.435945510864258 20.005565643310547
1432904907515 1 -0.35303938388824463 0.03922659903764725 10.238142013549805
1432904908304 0 -3.8049800395965576 -15.4945068359375 20.005565643310547
1432904907714 1 -0.27458620071411133 -0.0 10.355822563171387
1432904908504 0 -3.255807638168335 -15.023787498474121 20.005565643310547
1432904907914 1 -0.313812792301178 -0.0 10.316595077514648
1432904908704 0 -3.608847141265869 -18.86799430847168 20.005565643310547
1432904908114 1 -0.313812792301178 -0.03922659903764725 10.316595077514648
1432904908903 0 -14.160801887512207 -13.572402954101562 20.005565643310547
1432904908315 1 -0.27458620071411133 -0.0 10.277368545532227
1432904909103 0 -18.08346176147461 -6.040896415710449 20.005565643310547
1432904909303 0 -9.13979721069336 -15.063014030456543 20.005565643310547
1432904908714 1 -0.35303938388824463 0.03922659903764725 10.355822563171387
1432904909503 0 -4.667965412139893 -11.807206153869629 20.005565643310547
1432904908914 1 -0.35303938388824463 0.03922659903764725 10.277368545532227
1432904909703 0 -0.509945809841156 -11.218807220458984 20.005565643310547
1432904909115 1 -0.27458620071411133 -0.0 10.316595077514648
1432904909904 0 -9.885103225708008 5.530950546264648 -20.005565643310547
1432904909317 1 -0.23535959422588348 -0.03922659903764725 10.277368545532227
1432904910103 0 -14.749200820922852 8.041452407836914 -20.005565643310547
1432904909513 1 -0.27458620071411133 -0.0 10.277368545532227
1432904910303 0 -8.629851341247559 6.354709148406982 -20.005565643310547
1432904909715 1 -0.313812792301178 0.03922659903764725 10.277368545532227
1432904910504 0 2.039783239364624 7.178467750549316 -13.337043762207031
1432904909914 1 -0.313812792301178 -0.0 10.277368545532227
1432904910707 0 7.060787677764893 8.825984954833984 5.530950546264648
1432904910115 1 -0.27458620071411133 0.03922659903764725 10.238142013549805
1432904910907 0 6.119349479675293 3.1381278038024902 7.688413619995117
1432904910316 1 -0.3922659754753113 0.0784531980752945 10.395049095153809
1432904911105 0 3.961886405944824 -0.3922659754753113 9.885103225708008
1432904910513 1 -0.313812792301178 -0.03922659903764725 10.238142013549805
1432904911305 0 1.6867437362670898 -1.5298373699188232 11.061901092529297
1432904910714 1 -0.313812792301178 -0.0 10.198915481567383
1432904911507 0 5.177911281585693 -3.0596747398376465 9.45361042022705
1432904910914 1 -0.313812792301178 0.03922659903764725 10.277368545532227
1432904911705 0 2.9419949054718018 -1.9613299369812012 6.786201477050781
1432904911114 1 -0.23535959422588348 -0.03922659903764725 10.238142013549805
1432904911904 0 2.392822504043579 -1.019891619682312 9.022117614746094
1432904911314 1 -0.23535959422588348 -0.0 10.277368545532227
1432904912105 0 0.9022117853164673 -0.5491724014282227 10.355822563171387
1432904911513 1 -0.313812792301178 -0.0 10.198915481567383
1432904912307 0 1.0591181516647339 -0.823758602142334 9.45361042022705
1432904911713 1 -0.313812792301178 0.03922659903764725 10.238142013549805
1432904912506 0 -0.23535959422588348 0.509945809841156 10.473502159118652
1432904911913 1 -0.313812792301178 -0.0 10.238142013549805
1432904912706 0 -0.11767979711294174 0.47071918845176697 10.43427562713623
1432904912113 1 -0.27458620071411133 -0.0 10.355822563171387
1432904912906 0 -0.11767979711294174 0.47071918845176697 10.473502159118652
1432904912318 1 -0.23535959422588348 -0.03922659903764725 10.355822563171387
1432904913105 0 -0.11767979711294174 0.3922659754753113 10.512728691101074
1432904912514 1 -0.27458620071411133 0.03922659903764725 10.277368545532227
1432904913305 0 -0.11767979711294174 0.47071918845176697 10.395049095153809
1432904912714 1 -0.23535959422588348 -0.0 10.277368545532227
1432904913505 0 -0.19613298773765564 0.4314925968647003 10.43427562713623
1432904912913 1 -0.35303938388824463 -0.0 10.238142013549805
1432904913704 0 -0.156906396150589 0.5491724014282227 10.43427562713623
1432904913114 1 -0.3922659754753113 -0.03922659903764725 10.198915481567383
1432904913314 1 -0.3922659754753113 -0.0 10.316595077514648
1432904913905 0 -0.19613298773765564 0.509945809841156 10.512728691101074
1432904914105 0 -0.156906396150589 0.509945809841156 10.512728691101074
1432904913513 1 -0.313812792301178 -0.0 10.238142013549805
1432904913714 1 -0.23535959422588348 -0.0 10.277368545532227
1432904914305 0 -0.19613298773765564 0.47071918845176697 10.473502159118652
1432904914505 0 -0.19613298773765564 0.3922659754753113 10.512728691101074
1432904913915 1 -0.156906396150589 -0.03922659903764725 10.277368545532227
1432904914115 1 -0.19613298773765564 0.03922659903764725 10.277368545532227
1432904914706 0 -0.11767979711294174 0.4314925968647003 10.512728691101074
1432904914906 0 -0.19613298773765564 0.509945809841156 10.43427562713623
1432904914317 1 -0.23535959422588348 0.03922659903764725 10.43427562713623
1432904914514 1 -0.19613298773765564 0.03922659903764725 10.198915481567383
1432904915105 0 -0.11767979711294174 0.47071918845176697 10.43427562713623
1432904915303 0 -0.19613298773765564 0.3922659754753113 10.512728691101074
1432904914715 1 -0.23535959422588348 0.0784531980752945 10.238142013549805
1432904914915 1 -0.156906396150589 -0.0 10.277368545532227
1432904915505 0 -0.156906396150589 0.47071918845176697 10.43427562713623
1432904915705 0 -0.156906396150589 0.47071918845176697 10.512728691101074
1432904915114 1 -0.23535959422588348 -0.0 10.277368545532227
1432904915906 0 -0.0784531980752945 0.509945809841156 10.43427562713623
1432904915315 1 -0.11767979711294174 0.03922659903764725 10.277368545532227
1432904916105 0 -0.11767979711294174 0.4314925968647003 10.551955223083496
1432904915514 1 -0.156906396150589 -0.0 10.238142013549805
1432904916307 0 -0.23535959422588348 0.47071918845176697 10.395049095153809
1432904915713 1 -0.19613298773765564 0.03922659903764725 10.316595077514648
1432904916506 0 -0.11767979711294174 0.47071918845176697 10.473502159118652
1432904915915 1 -0.156906396150589 -0.03922659903764725 10.316595077514648
1432904916705 0 -0.11767979711294174 0.47071918845176697 10.512728691101074
1432904916115 1 -0.156906396150589 -0.0 10.355822563171387
1432904916905 0 -0.156906396150589 0.4314925968647003 10.473502159118652
1432904916315 1 -0.23535959422588348 -0.0 10.355822563171387
1432904917105 0 -0.156906396150589 0.5491724014282227 10.43427562713623
1432904916512 1 -0.27458620071411133 -0.03922659903764725 10.198915481567383
1432904917307 0 -0.156906396150589 0.509945809841156 10.551955223083496
1432904916713 1 -0.23535959422588348 -0.0 10.277368545532227
1432904917506 0 -0.156906396150589 0.509945809841156 10.395049095153809
1432904916914 1 -0.23535959422588348 0.0784531980752945 10.316595077514648
1432904917705 0 -0.11767979711294174 0.4314925968647003 10.512728691101074
1432904917113 1 -0.23535959422588348 -0.03922659903764725 10.238142013549805
1432904917906 0 -0.19613298773765564 0.4314925968647003 10.43427562713623
1432904917314 1 -0.19613298773765564 0.03922659903764725 10.277368545532227
1432904918105 0 -0.03922659903764725 0.156906396150589 10.198915481567383
1432904917514 1 -0.27458620071411133 0.0784531980752945 10.316595077514648
1432904918307 0 -0.156906396150589 0.509945809841156 10.473502159118652
1432904917715 1 -0.23535959422588348 0.03922659903764725 10.198915481567383
1432904917914 1 -0.19613298773765564 0.03922659903764725 10.355822563171387
1432904918706 0 -0.19613298773765564 0.4314925968647003 10.473502159118652
1432904918114 1 -0.19613298773765564 0.03922659903764725 10.277368545532227
1432904918905 0 -0.156906396150589 0.509945809841156 10.473502159118652
1432904918314 1 -0.19613298773765564 -0.0 10.238142013549805
1432904919105 0 -0.0784531980752945 0.3922659754753113 10.43427562713623
1432904918513 1 -0.19613298773765564 -0.0 10.355822563171387
1432904919306 0 -0.156906396150589 0.509945809841156 10.43427562713623
1432904918715 1 -0.19613298773765564 0.03922659903764725 10.355822563171387
1432904919505 0 -0.156906396150589 0.509945809841156 10.473502159118652
1432904918914 1 -0.19613298773765564 -0.0 10.316595077514648
1432904919705 0 1.255251169204712 3.0204482078552246 12.199472427368164
1432904919114 1 -0.156906396150589 0.0784531980752945 10.238142013549805
1432904919905 0 -1.4121575355529785 -1.8044235706329346 10.82654094696045
1432904919315 1 -0.0784531980752945 0.03922659903764725 10.238142013549805
1432904920106 0 -1.4121575355529785 -5.452497482299805 10.708861351013184
1432904919513 1 -0.11767979711294174 -0.0 10.316595077514648
1432904920306 0 2.6674087047576904 -2.863541841506958 5.413270473480225
1432904919715 1 -0.11767979711294174 0.03922659903764725 10.238142013549805
1432904920505 0 0.7453053593635559 -8.825984954833984 9.414383888244629
1432904919913 1 -0.19613298773765564 0.03922659903764725 10.198915481567383
1432904920705 0 -0.5883989930152893 -1.019891619682312 3.334260940551758
1432904920115 1 1.7259703874588013 -1.4121575355529785 9.296704292297363
1432904920905 0 0.0784531980752945 -0.03922659903764725 0.3922659754753113
1432904920313 1 -0.23535959422588348 0.0784531980752945 10.395049095153809
1432904921105 0 0.7453053593635559 0.19613298773765564 10.473502159118652
1432904920513 1 -0.156906396150589 0.11767979711294174 10.395049095153809
1432904921304 0 0.03922659903764725 0.156906396150589 10.473502159118652
1432904920714 1 -0.11767979711294174 0.0784531980752945 10.277368545532227
1432904921504 0 0.03922659903764725 0.11767979711294174 10.473502159118652
1432904920913 1 -0.0784531980752945 -0.03922659903764725 10.316595077514648
1432904921114 1 0.0784531980752945 -0.0 10.277368545532227
1432904921314 1 1.0591181516647339 -1.0591181516647339 10.473502159118652
1432904921904 0 0.11767979711294174 0.0784531980752945 10.591181755065918
1432904922105 0 0.0784531980752945 0.156906396150589 10.591181755065918
1432904921512 1 0.313812792301178 -0.3922659754753113 10.944221496582031
1432904921713 1 -0.3922659754753113 -5.256364345550537 10.591181755065918
1432904922304 0 0.0784531980752945 0.03922659903764725 10.473502159118652
1432904922504 0 0.0784531980752945 0.0784531980752945 10.473502159118652
1432904921913 1 0.7845319509506226 -0.3922659754753113 9.100570678710938
1432904922114 1 4.746418476104736 -5.021004676818848 9.21825122833252
1432904922706 0 0.03922659903764725 0.03922659903764725 10.63040828704834
1432904922906 0 0.0784531980752945 0.156906396150589 10.473502159118652
1432904922315 1 -0.23535959422588348 -4.275699138641357 10.865767478942871
1432904923105 0 0.11767979711294174 -0.0 10.042009353637695
1432904922515 1 -1.8044235706329346 0.19613298773765564 9.532063484191895
1432904923305 0 0.03922659903764725 0.11767979711294174 10.591181755065918
1432904922715 1 -0.03922659903764725 0.11767979711294174 10.238142013549805
1432904923507 0 0.0784531980752945 0.03922659903764725 10.512728691101074
1432904922915 1 -0.0 0.156906396150589 10.355822563171387
1432904923705 0 0.156906396150589 0.03922659903764725 10.512728691101074
1432904923114 1 0.03922659903764725 0.11767979711294174 10.277368545532227
1432904923905 0 0.0784531980752945 0.03922659903764725 10.512728691101074
1432904923315 1 -0.0 0.03922659903764725 10.198915481567383
1432904924105 0 0.11767979711294174 0.0784531980752945 10.512728691101074
1432904923512 1 -0.0 0.03922659903764725 10.355822563171387
1432904924304 0 0.156906396150589 0.0784531980752945 10.591181755065918
1432904923715 1 0.03922659903764725 0.0784531980752945 10.238142013549805
1432904924511 0 0.0784531980752945 0.11767979711294174 10.43427562713623
1432904923915 1 -0.0 0.03922659903764725 10.277368545532227
1432904924705 0 0.0784531980752945 0.03922659903764725 10.551955223083496
1432904924115 1 -0.0 0.156906396150589 10.277368545532227
1432904924907 0 0.03922659903764725 0.03922659903764725 10.591181755065918
1432904924313 1 -0.0 0.03922659903764725 10.277368545532227
1432904925105 0 0.11767979711294174 0.0784531980752945 10.512728691101074
1432904924517 1 0.03922659903764725 0.03922659903764725 10.238142013549805
1432904925307 0 0.03922659903764725 -0.0 10.551955223083496
1432904924714 1 0.0784531980752945 0.0784531980752945 10.316595077514648
1432904925505 0 0.03922659903764725 0.03922659903764725 10.473502159118652
1432904924915 1 -0.0 0.0784531980752945 10.395049095153809
1432904925706 0 0.0784531980752945 0.0784531980752945 10.512728691101074
1432904925114 1 -0.0 0.0784531980752945 10.316595077514648
1432904925906 0 0.11767979711294174 0.0784531980752945 10.512728691101074
1432904925314 1 -0.0 0.0784531980752945 10.277368545532227
1432904926105 0 0.03922659903764725 0.03922659903764725 10.43427562713623
1432904925515 1 -0.03922659903764725 0.11767979711294174 10.316595077514648
1432904926303 0 0.11767979711294174 0.03922659903764725 10.551955223083496
1432904925714 1 0.0784531980752945 0.03922659903764725 10.238142013549805
1432904926503 0 0.03922659903764725 0.03922659903764725 10.551955223083496
1432904925915 1 -0.0 0.0784531980752945 10.316595077514648
1432904926711 0 0.11767979711294174 -0.0 10.512728691101074
1432904926115 1 -0.0 0.03922659903764725 10.277368545532227
1432904926905 0 0.0784531980752945 0.156906396150589 10.591181755065918
1432904926313 1 -0.0 0.11767979711294174 10.316595077514648
1432904927105 0 0.11767979711294174 0.0784531980752945 10.591181755065918
1432904926515 1 0.03922659903764725 0.03922659903764725 10.238142013549805
