1433150283392 1 -2.079009771347046 3.0204482078552246 9.414383888244629
1433150285394 0 3.255807638168335 4.864098072052002 8.23758602142334
1433150285495 0 3.8442068099975586 5.177911281585693 8.982891082763672
1433150283493 1 -1.8044235706329346 3.334260940551758 9.21825122833252
1433150283594 1 -1.4906107187271118 2.9419949054718018 9.845876693725586
1433150285596 0 3.295034408569336 4.981778144836426 8.74753189086914
1433150283694 1 -1.7651969194412231 3.0596747398376465 9.728196144104004
1433150285697 0 3.177354574203491 4.82487154006958 8.629851341247559
1433150283795 1 -2.039783239364624 3.0596747398376465 9.64974308013916
1433150285798 0 3.648073673248291 5.021004676818848 8.355265617370605
1433150285899 0 3.5696206092834473 5.021004676818848 8.590624809265137
1433150283897 1 -1.9613299369812012 3.0596747398376465 9.610516548156738
1433150283996 1 -1.6082905530929565 2.9419949054718018 9.532063484191895
1433150286000 0 3.4127140045166016 4.942551612854004 8.472945213317871
1433150284097 1 -1.647517204284668 2.824315071105957 9.532063484191895
1433150286101 0 3.5303938388824463 4.746418476104736 8.23758602142334
1433150284197 1 -1.6867437362670898 2.824315071105957 9.571290016174316
1433150286203 0 3.4519407749176025 4.471832275390625 8.708305358886719
1433150284297 1 -2.000556468963623 3.0989012718200684 9.845876693725586
1433150286304 0 4.589511871337891 5.138684272766113 8.002225875854492
1433150284397 1 -1.647517204284668 2.9419949054718018 9.728196144104004
1433150286407 0 6.354709148406982 5.177911281585693 8.080678939819336
1433150284497 1 -1.6082905530929565 2.90276837348938 9.688969612121582
1433150286508 0 17.338157653808594 7.296147346496582 12.866324424743652
1433150284597 1 -1.8044235706329346 2.824315071105957 9.64974308013916
1433150286609 0 -6.982334613800049 1.6867437362670898 -4.432605743408203
1433150284697 1 -1.7651969194412231 2.9419949054718018 9.532063484191895
1433150286710 0 -8.159132957458496 -5.295590877532959 5.491724014282227
1433150284797 1 -1.5690639019012451 2.863541841506958 9.806650161743164
1433150284897 1 -1.5298373699188232 2.6674087047576904 9.688969612121582
1433150286811 0 12.238698959350586 2.5889556407928467 20.005565643310547
1433150284997 1 -1.6867437362670898 2.6674087047576904 9.688969612121582
1433150286911 0 6.864655017852783 2.6674087047576904 5.648630142211914
1433150285097 1 -1.6867437362670898 2.785088539123535 9.885103225708008
1433150287012 0 -9.92432975769043 -0.9022117853164673 -1.1375713348388672
1433150287111 0 16.357492446899414 5.413270473480225 15.023787498474121
1433150285197 1 -1.8828767538070679 3.0596747398376465 9.492836952209473
1433150287212 0 17.14202308654785 11.414939880371094 8.119906425476074
1433150285298 1 -1.5690639019012451 2.6674087047576904 9.492836952209473
1433150285398 1 -1.2944778203964233 2.432049036026001 9.688969612121582
1433150287313 0 -14.200028419494629 3.8442068099975586 -6.550841808319092
1433150285499 1 -2.039783239364624 2.9419949054718018 10.277368545532227
1433150287415 0 11.297260284423828 1.2944778203964233 16.357492446899414
1433150285600 1 -2.2751426696777344 2.5889556407928467 9.532063484191895
1433150287515 0 2.7458620071411133 3.4519407749176025 6.393935680389404
1433150285701 1 -1.2160245180130005 2.432049036026001 9.179023742675781
1433150287616 0 -2.1182363033294678 2.5889556407928467 5.452497482299805
1433150285800 1 -1.2160245180130005 2.6674087047576904 10.63040828704834
1433150287717 0 7.453053951263428 0.627625584602356 13.376270294189453
1433150285900 1 -2.1182363033294678 2.2359161376953125 9.257477760314941
1433150287817 0 4.667965412139893 2.471275806427002 9.45361042022705
1433150286000 1 -1.9221034049987793 2.863541841506958 9.45361042022705
1433150287919 0 -9.100570678710938 2.1182363033294678 -8.002225875854492
1433150286100 1 -1.2944778203964233 2.1966896057128906 10.159688949584961
1433150288020 0 13.140911102294922 6.3154826164245605 10.238142013549805
1433150286200 1 -1.8436501026153564 2.510502338409424 9.688969612121582
1433150288120 0 8.94366455078125 5.687856674194336 6.001669883728027
1433150286301 1 -1.6867437362670898 2.5497288703918457 9.688969612121582
1433150288221 0 -4.511058807373047 2.824315071105957 -5.217137813568115
1433150286402 1 -1.6867437362670898 2.3535959720611572 9.845876693725586
1433150288322 0 8.94366455078125 7.570733547210693 2.785088539123535
1433150286502 1 -1.8044235706329346 2.510502338409424 9.885103225708008
1433150288423 0 8.316039085388184 6.786201477050781 3.961886405944824
1433150286603 1 -1.647517204284668 2.392822504043579 9.885103225708008
1433150288524 0 6.746974945068359 6.197802543640137 2.90276837348938
1433150286704 1 -1.4906107187271118 2.392822504043579 9.885103225708008
1433150288626 0 7.25692081451416 6.3154826164245605 3.5696206092834473
1433150286805 1 -1.8044235706329346 2.392822504043579 10.002782821655273
1433150288728 0 7.413827419281006 6.040896415710449 4.040339469909668
1433150286906 1 -1.5298373699188232 2.3143694400787354 9.45361042022705
1433150288829 0 7.335373878479004 6.001669883728027 3.5696206092834473
1433150287007 1 -1.1375713348388672 2.3143694400787354 10.042009353637695
1433150288929 0 7.178467750549316 5.844763278961182 3.8442068099975586
1433150287108 1 -1.4121575355529785 2.3143694400787354 10.002782821655273
1433150289030 0 7.1000142097473145 5.844763278961182 4.197246074676514
1433150287209 1 -2.000556468963623 2.6674087047576904 9.806650161743164
1433150289130 0 7.25692081451416 5.923216342926025 3.8834333419799805
1433150289232 0 7.453053951263428 5.923216342926025 4.040339469909668
1433150287310 1 -1.6867437362670898 2.510502338409424 9.845876693725586
1433150289333 0 7.413827419281006 5.844763278961182 3.9226598739624023
1433150287411 1 -1.45138418674469 2.5889556407928467 9.610516548156738
1433150289434 0 7.335373878479004 5.844763278961182 4.079566478729248
1433150287513 1 -1.5298373699188232 2.5497288703918457 9.885103225708008
1433150289533 0 7.1000142097473145 5.727083683013916 4.197246074676514
1433150287613 1 -1.647517204284668 2.5889556407928467 9.806650161743164
1433150289633 0 7.217694282531738 5.766310214996338 4.079566478729248
1433150287715 1 -1.6867437362670898 2.510502338409424 9.767423629760742
1433150289734 0 7.217694282531738 5.727083683013916 4.001112937927246
1433150287816 1 -1.4906107187271118 2.3535959720611572 9.688969612121582
1433150289835 0 7.374600410461426 5.766310214996338 4.2364726066589355
1433150287915 1 -1.6082905530929565 2.5889556407928467 9.963556289672852
1433150289936 0 7.1392412185668945 5.727083683013916 4.11879301071167
1433150288016 1 -1.5298373699188232 2.3143694400787354 9.64974308013916
1433150290036 0 7.335373878479004 5.609403610229492 4.314925670623779
1433150288117 1 -1.6082905530929565 2.432049036026001 9.845876693725586
1433150290137 0 7.335373878479004 5.766310214996338 4.197246074676514
1433150288217 1 -1.4906107187271118 2.3535959720611572 9.885103225708008
1433150290237 0 7.374600410461426 5.609403610229492 4.314925670623779
1433150288318 1 -1.5690639019012451 2.3143694400787354 9.885103225708008
1433150290338 0 7.453053951263428 5.609403610229492 4.275699138641357
1433150288418 1 -1.7259703874588013 2.3143694400787354 9.845876693725586
1433150290438 0 7.413827419281006 5.609403610229492 4.589511871337891
1433150288518 1 -1.7259703874588013 2.3143694400787354 9.845876693725586
1433150290538 0 7.25692081451416 5.530950546264648 4.393379211425781
1433150288618 1 -1.4906107187271118 2.1966896057128906 9.92432975769043
1433150290638 0 7.296147346496582 5.648630142211914 4.314925670623779
1433150288718 1 -1.647517204284668 2.1966896057128906 9.845876693725586
1433150290739 0 7.25692081451416 5.609403610229492 4.354152679443359
1433150288819 1 -1.6867437362670898 2.000556468963623 9.21825122833252
1433150290840 0 7.217694282531738 5.57017707824707 4.393379211425781
1433150288920 1 -1.0983448028564453 2.471275806427002 9.845876693725586
1433150290941 0 7.25692081451416 5.491724014282227 4.471832275390625
1433150289019 1 -2.785088539123535 2.1966896057128906 10.473502159118652
1433150289119 1 -2.5889556407928467 2.432049036026001 9.21825122833252
1433150291042 0 7.25692081451416 5.530950546264648 4.393379211425781
1433150289219 1 -2.079009771347046 2.3143694400787354 10.159688949584961
1433150291144 0 7.374600410461426 5.648630142211914 4.511058807373047
1433150289319 1 -1.6867437362670898 2.510502338409424 10.042009353637695
1433150291246 0 7.335373878479004 5.609403610229492 4.550285339355469
1433150289420 1 -1.3337043523788452 1.647517204284668 10.395049095153809
1433150291346 0 6.943108081817627 5.491724014282227 5.491724014282227
1433150291446 0 5.727083683013916 5.217137813568115 6.472388744354248
1433150289521 1 -2.1966896057128906 2.1574628353118896 10.355822563171387
1433150291547 0 5.138684272766113 5.452497482299805 6.472388744354248
1433150289622 1 -2.3535959720611572 1.8828767538070679 10.591181755065918
1433150291647 0 6.864655017852783 5.217137813568115 8.198359489440918
1433150289723 1 -1.9613299369812012 2.039783239364624 9.610516548156738
1433150291747 0 20.005565643310547 12.748644828796387 5.766310214996338
1433150289824 1 -1.019891619682312 1.4906107187271118 9.257477760314941
1433150291848 0 -15.376827239990234 3.608847141265869 -5.295590877532959
1433150289925 1 -1.647517204284668 2.1574628353118896 9.610516548156738
1433150291948 0 8.669078826904297 -3.0989012718200684 18.47572898864746
1433150290027 1 -1.255251169204712 2.824315071105957 9.21825122833252
1433150292048 0 -5.8839898109436035 2.90276837348938 2.90276837348938
1433150290127 1 -0.9806649684906006 2.863541841506958 10.591181755065918
1433150292149 0 -3.0204482078552246 3.687300205230713 5.530950546264648
1433150290229 1 -0.6668521761894226 4.275699138641357 10.591181755065918
1433150292250 0 11.101127624511719 2.9812214374542236 16.161357879638672
1433150290330 1 -1.6082905530929565 5.295590877532959 10.669634819030762
1433150292350 0 14.356935501098633 13.337043762207031 -3.3734874725341797
1433150290431 1 -2.039783239364624 3.7657535076141357 10.748087882995605
1433150292450 0 -7.5315070152282715 -0.35303938388824463 -1.0983448028564453
1433150290533 1 -0.313812792301178 4.746418476104736 9.335930824279785
1433150292551 0 4.746418476104736 4.550285339355469 9.375157356262207
1433150290635 1 1.2160245180130005 3.9226598739624023 8.865211486816406
1433150292652 0 20.005565643310547 10.277368545532227 -1.6867437362670898
1433150290736 1 0.9414383769035339 4.746418476104736 7.217694282531738
1433150292753 0 6.903881549835205 3.1381278038024902 8.43371868133545
1433150290837 1 0.11767979711294174 4.589511871337891 9.061344146728516
1433150292854 0 9.45361042022705 7.335373878479004 3.0596747398376465
1433150290938 1 -0.509945809841156 4.903325080871582 7.649186611175537
1433150292955 0 -4.82487154006958 2.3535959720611572 -8.159132957458496
1433150291038 1 0.3922659754753113 3.295034408569336 9.610516548156738
1433150293055 0 13.180137634277344 5.491724014282227 15.847545623779297
1433150291139 1 0.7453053593635559 4.11879301071167 9.688969612121582
1433150293156 0 5.609403610229492 4.040339469909668 4.864098072052002
1433150291240 1 0.156906396150589 3.5303938388824463 9.061344146728516
1433150293257 0 0.03922659903764725 3.608847141265869 2.3143694400787354
1433150291341 1 1.0591181516647339 3.8442068099975586 9.375157356262207
1433150293358 0 8.198359489440918 3.255807638168335 6.864655017852783
1433150291442 1 2.5497288703918457 4.158019542694092 9.532063484191895
1433150291543 1 3.0596747398376465 4.746418476104736 9.13979721069336
1433150293458 0 2.079009771347046 1.5690639019012451 10.43427562713623
1433150293559 0 11.297260284423828 5.80553674697876 6.7077484130859375
1433150291644 1 2.5497288703918457 3.1381278038024902 9.64974308013916
1433150291745 1 2.471275806427002 2.432049036026001 9.963556289672852
1433150293660 0 4.314925670623779 3.726526975631714 8.904438018798828
1433150291845 1 3.177354574203491 3.4127140045166016 9.688969612121582
1433150293762 0 2.785088539123535 4.158019542694092 8.316039085388184
1433150291946 1 3.0204482078552246 3.961886405944824 8.276812553405762
1433150293863 0 13.690083503723145 9.845876693725586 3.8049800395965576
1433150292046 1 3.177354574203491 3.608847141265869 9.610516548156738
1433150293964 0 -4.511058807373047 3.334260940551758 -3.177354574203491
1433150292146 1 3.334260940551758 3.334260940551758 9.296704292297363
1433150294066 0 5.844763278961182 2.90276837348938 14.827654838562012
1433150292246 1 3.4519407749176025 3.4127140045166016 9.257477760314941
1433150294166 0 14.160801887512207 8.590624809265137 4.511058807373047
1433150292347 1 3.334260940551758 4.158019542694092 8.23758602142334
1433150294268 0 3.9226598739624023 4.864098072052002 3.3734874725341797
1433150292448 1 2.9419949054718018 3.255807638168335 9.92432975769043
1433150294369 0 6.197802543640137 4.942551612854004 7.9629998207092285
1433150292549 1 2.7066352367401123 3.4911673069000244 8.904438018798828
1433150294470 0 7.609960079193115 6.080122947692871 3.5696206092834473
1433150292650 1 3.295034408569336 3.7657535076141357 9.296704292297363
1433150294571 0 6.943108081817627 6.080122947692871 3.334260940551758
1433150292751 1 3.0989012718200684 3.334260940551758 9.100570678710938
1433150294671 0 7.5315070152282715 6.197802543640137 3.8442068099975586
1433150292853 1 3.255807638168335 3.7657535076141357 9.100570678710938
1433150294773 0 7.021561145782471 6.119349479675293 3.726526975631714
1433150292955 1 3.3734874725341797 3.648073673248291 8.982891082763672
1433150294873 0 6.825428009033203 5.8839898109436035 4.079566478729248
1433150293056 1 2.90276837348938 3.4127140045166016 9.022117614746094
1433150294973 0 7.060787677764893 6.001669883728027 4.040339469909668
1433150293157 1 3.334260940551758 3.8442068099975586 9.335930824279785
1433150295074 0 6.943108081817627 5.962442874908447 4.2364726066589355
1433150293257 1 3.177354574203491 3.687300205230713 9.061344146728516
1433150295175 0 6.982334613800049 5.962442874908447 3.961886405944824
1433150293357 1 3.177354574203491 3.608847141265869 9.179023742675781
1433150295276 0 7.217694282531738 6.197802543640137 4.158019542694092
1433150293458 1 3.1381278038024902 3.726526975631714 9.061344146728516
1433150295377 0 7.1000142097473145 6.040896415710449 4.001112937927246
1433150293559 1 3.295034408569336 3.8049800395965576 8.982891082763672
1433150295477 0 6.943108081817627 6.001669883728027 4.001112937927246
1433150293660 1 3.1381278038024902 3.687300205230713 8.94366455078125
1433150295580 0 7.178467750549316 6.119349479675293 4.001112937927246
1433150293760 1 3.216581106185913 3.7657535076141357 8.74753189086914
1433150295681 0 7.021561145782471 6.119349479675293 4.040339469909668
1433150293860 1 3.216581106185913 3.8834333419799805 9.179023742675781
1433150295781 0 7.060787677764893 6.080122947692871 4.079566478729248
1433150293960 1 3.0989012718200684 3.7657535076141357 8.825984954833984
1433150295881 0 7.021561145782471 6.001669883728027 4.001112937927246
1433150294060 1 3.255807638168335 3.8442068099975586 8.94366455078125
1433150295982 0 7.1000142097473145 6.119349479675293 4.079566478729248
1433150294160 1 3.255807638168335 4.001112937927246 9.061344146728516
1433150296083 0 7.1000142097473145 6.080122947692871 4.001112937927246
1433150294260 1 3.216581106185913 3.961886405944824 8.74753189086914
1433150296184 0 6.943108081817627 5.962442874908447 4.001112937927246
1433150294361 1 3.1381278038024902 3.8049800395965576 8.825984954833984
1433150296285 0 7.217694282531738 6.001669883728027 4.314925670623779
1433150294462 1 3.177354574203491 3.8834333419799805 8.74753189086914
1433150296385 0 6.982334613800049 6.001669883728027 4.040339469909668
1433150294562 1 3.1381278038024902 4.001112937927246 8.865211486816406
1433150296487 0 7.060787677764893 6.080122947692871 4.197246074676514
1433150294663 1 3.4911673069000244 4.158019542694092 9.061344146728516
1433150296588 0 7.060787677764893 6.001669883728027 4.079566478729248
1433150294764 1 3.4519407749176025 4.040339469909668 8.629851341247559
1433150296689 0 7.060787677764893 6.040896415710449 4.158019542694092
1433150294865 1 3.255807638168335 4.040339469909668 8.629851341247559
1433150296789 0 6.864655017852783 5.923216342926025 4.197246074676514
1433150294966 1 3.1381278038024902 4.001112937927246 8.74753189086914
1433150296890 0 7.060787677764893 6.040896415710449 4.11879301071167
1433150295067 1 3.4911673069000244 4.11879301071167 8.512171745300293
1433150296990 0 7.021561145782471 6.040896415710449 4.393379211425781
1433150297091 0 6.786201477050781 6.001669883728027 4.158019542694092
1433150295167 1 3.216581106185913 4.354152679443359 8.825984954833984
1433150297192 0 7.021561145782471 6.040896415710449 4.2364726066589355
1433150295268 1 2.7066352367401123 5.727083683013916 8.472945213317871
1433150295369 1 4.550285339355469 6.943108081817627 6.825428009033203
1433150297293 0 6.903881549835205 6.040896415710449 4.2364726066589355
1433150295471 1 4.589511871337891 5.177911281585693 9.64974308013916
1433150297395 0 6.982334613800049 5.923216342926025 4.314925670623779
1433150295572 1 4.628738880157471 5.177911281585693 7.25692081451416
1433150297496 0 7.021561145782471 6.001669883728027 4.314925670623779
1433150295673 1 4.550285339355469 5.334817409515381 7.453053951263428
1433150297597 0 6.982334613800049 5.923216342926025 4.354152679443359
1433150297698 0 6.943108081817627 6.001669883728027 4.2364726066589355
1433150295775 1 4.471832275390625 5.844763278961182 5.256364345550537
1433150297798 0 6.982334613800049 6.001669883728027 4.354152679443359
1433150295876 1 4.11879301071167 6.825428009033203 5.021004676818848
1433150297898 0 6.982334613800049 5.962442874908447 4.197246074676514
1433150295977 1 5.217137813568115 6.629295349121094 5.844763278961182
1433150297998 0 7.021561145782471 5.962442874908447 4.354152679443359
1433150296078 1 4.746418476104736 6.197802543640137 5.491724014282227
1433150298099 0 7.178467750549316 6.001669883728027 4.471832275390625
1433150296178 1 4.432605743408203 6.590068817138672 6.51161527633667
1433150298199 0 7.25692081451416 5.923216342926025 4.275699138641357
1433150296278 1 4.393379211425781 6.51161527633667 6.943108081817627
1433150298300 0 6.982334613800049 5.962442874908447 4.275699138641357
1433150296378 1 4.040339469909668 6.158576011657715 6.982334613800049
1433150296479 1 4.628738880157471 5.727083683013916 7.021561145782471
1433150298402 0 7.021561145782471 6.001669883728027 4.354152679443359
1433150296580 1 3.687300205230713 5.687856674194336 7.845319747924805
1433150298503 0 7.021561145782471 6.040896415710449 4.354152679443359
1433150296680 1 4.158019542694092 5.8839898109436035 8.080678939819336
1433150298603 0 7.021561145782471 5.8839898109436035 4.2364726066589355
1433150296780 1 4.589511871337891 6.982334613800049 7.296147346496582
1433150298704 0 7.021561145782471 5.923216342926025 4.314925670623779
1433150296880 1 1.3729310035705566 6.746974945068359 8.316039085388184
1433150298804 0 6.982334613800049 5.923216342926025 4.432605743408203
1433150296980 1 2.392822504043579 3.0204482078552246 6.001669883728027
1433150298904 0 7.060787677764893 5.923216342926025 4.511058807373047
1433150297081 1 10.002782821655273 6.2762556076049805 6.001669883728027
1433150299004 0 6.903881549835205 5.80553674697876 4.2364726066589355
1433150297182 1 9.492836952209473 6.629295349121094 2.079009771347046
1433150299105 0 6.982334613800049 5.8839898109436035 4.354152679443359
1433150297283 1 2.432049036026001 1.45138418674469 1.4906107187271118
1433150299206 0 7.060787677764893 5.923216342926025 4.275699138641357
1433150297384 1 4.314925670623779 5.923216342926025 14.70997428894043
1433150299308 0 7.178467750549316 5.923216342926025 4.393379211425781
1433150297485 1 1.5690639019012451 5.021004676818848 9.13979721069336
1433150299409 0 7.021561145782471 5.962442874908447 4.314925670623779
1433150297586 1 6.786201477050781 4.903325080871582 7.1392412185668945
1433150299510 0 7.060787677764893 5.8839898109436035 4.432605743408203
1433150297687 1 5.609403610229492 6.237029075622559 6.590068817138672
1433150299610 0 6.982334613800049 6.001669883728027 4.2364726066589355
1433150297788 1 4.903325080871582 5.766310214996338 5.491724014282227
1433150299712 0 7.1000142097473145 6.040896415710449 4.197246074676514
1433150297889 1 6.040896415710449 5.452497482299805 3.8834333419799805
1433150299813 0 6.982334613800049 5.844763278961182 4.275699138641357
1433150297989 1 6.433162212371826 5.57017707824707 2.2359161376953125
1433150299913 0 6.943108081817627 5.766310214996338 4.275699138641357
1433150298089 1 7.453053951263428 6.2762556076049805 4.001112937927246
1433150300014 0 7.1000142097473145 5.962442874908447 4.275699138641357
1433150298189 1 8.002225875854492 6.590068817138672 4.040339469909668
1433150300114 0 7.021561145782471 6.001669883728027 4.275699138641357
1433150300215 0 7.1000142097473145 5.8839898109436035 4.432605743408203
1433150298289 1 7.806093215942383 5.962442874908447 1.2160245180130005
1433150298390 1 6.590068817138672 4.981778144836426 2.392822504043579
1433150300319 0 6.982334613800049 6.001669883728027 4.354152679443359
1433150298490 1 6.040896415710449 7.060787677764893 2.1966896057128906
1433150300421 0 6.943108081817627 5.923216342926025 4.354152679443359
1433150298591 1 5.452497482299805 7.413827419281006 4.628738880157471
1433150300521 0 6.982334613800049 5.923216342926025 4.314925670623779
1433150298692 1 6.354709148406982 6.943108081817627 3.295034408569336
1433150300621 0 7.1000142097473145 6.080122947692871 4.275699138641357
1433150298794 1 4.2364726066589355 7.649186611175537 1.0591181516647339
1433150300721 0 6.903881549835205 5.80553674697876 4.314925670623779
1433150298894 1 2.471275806427002 6.982334613800049 7.649186611175537
1433150300822 0 6.903881549835205 5.923216342926025 4.275699138641357
1433150298995 1 5.962442874908447 7.649186611175537 7.060787677764893
1433150300923 0 7.1000142097473145 5.962442874908447 4.393379211425781
1433150299096 1 4.158019542694092 6.550841808319092 4.942551612854004
1433150301023 0 7.1000142097473145 6.001669883728027 4.432605743408203
1433150299196 1 7.178467750549316 6.080122947692871 9.571290016174316
1433150301124 0 6.943108081817627 5.962442874908447 4.393379211425781
1433150299297 1 20.005565643310547 13.454723358154297 3.0989012718200684
1433150301225 0 6.864655017852783 6.001669883728027 4.354152679443359
1433150299397 1 -1.8828767538070679 -9.375157356262207 -0.313812792301178
1433150301326 0 7.021561145782471 5.923216342926025 4.471832275390625
1433150299497 1 20.005565643310547 2.3535959720611572 13.454723358154297
1433150301428 0 6.943108081817627 5.8839898109436035 4.197246074676514
1433150299597 1 -20.005565643310547 -20.005565643310547 -20.005565643310547
1433150301527 0 6.903881549835205 5.923216342926025 4.432605743408203
1433150299698 1 -5.80553674697876 -8.316039085388184 18.86799430847168
1433150301628 0 6.903881549835205 5.8839898109436035 4.197246074676514
1433150299798 1 20.005565643310547 -0.823758602142334 18.750314712524414
1433150301729 0 6.903881549835205 5.8839898109436035 4.314925670623779
1433150299898 1 -20.005565643310547 -20.005565643310547 -15.808319091796875
1433150301830 0 6.943108081817627 5.8839898109436035 4.275699138641357
1433150299998 1 -13.768536567687988 -20.005565643310547 10.395049095153809
1433150301931 0 7.060787677764893 5.8839898109436035 4.550285339355469
1433150300098 1 20.005565643310547 -4.785645008087158 20.005565643310547
1433150302031 0 7.1392412185668945 6.001669883728027 4.314925670623779
1433150300199 1 20.005565643310547 11.532620429992676 20.005565643310547
1433150302131 0 6.903881549835205 5.844763278961182 4.197246074676514
1433150300299 1 -9.571290016174316 0.313812792301178 -8.119906425476074
1433150302231 0 6.943108081817627 5.8839898109436035 4.471832275390625
1433150300400 1 9.688969612121582 8.276812553405762 12.199472427368164
1433150302331 0 7.1000142097473145 6.001669883728027 4.275699138641357
1433150300500 1 7.217694282531738 -7.374600410461426 7.060787677764893
1433150302432 0 6.982334613800049 5.962442874908447 4.275699138641357
1433150300601 1 20.005565643310547 -14.435388565063477 9.728196144104004
1433150302533 0 6.943108081817627 5.962442874908447 4.275699138641357
1433150300702 1 -20.005565643310547 -20.005565643310547 -16.435945510864258
1433150302634 0 7.060787677764893 5.8839898109436035 4.471832275390625
1433150300803 1 11.728753089904785 -7.021561145782471 20.005565643310547
1433150302735 0 6.982334613800049 5.962442874908447 4.314925670623779
1433150300903 1 -4.275699138641357 -20.005565643310547 15.141467094421387
1433150302836 0 7.021561145782471 5.8839898109436035 4.314925670623779
1433150301003 1 -20.005565643310547 -20.005565643310547 -8.041452407836914
1433150302937 0 6.982334613800049 5.8839898109436035 4.314925670623779
1433150301104 1 20.005565643310547 18.554182052612305 20.005565643310547
1433150303038 0 7.178467750549316 5.8839898109436035 4.432605743408203
1433150301204 1 -20.005565643310547 -20.005565643310547 11.84643268585205
1433150303140 0 6.864655017852783 5.844763278961182 4.2364726066589355
1433150301304 1 -20.005565643310547 -20.005565643310547 0.7845319509506226
1433150303240 0 6.982334613800049 5.923216342926025 4.511058807373047
1433150301405 1 18.044235229492188 14.51384162902832 20.005565643310547
1433150303340 0 7.060787677764893 5.8839898109436035 4.511058807373047
1433150301506 1 20.005565643310547 -19.730979919433594 12.748644828796387
1433150303440 0 7.021561145782471 5.923216342926025 4.393379211425781
1433150301607 1 -20.005565643310547 -20.005565643310547 -9.061344146728516
1433150303541 0 6.943108081817627 5.844763278961182 4.393379211425781
1433150301708 1 6.746974945068359 -9.963556289672852 20.005565643310547
1433150303642 0 7.021561145782471 5.8839898109436035 4.550285339355469
1433150301809 1 20.005565643310547 -0.313812792301178 20.005565643310547
1433150303743 0 7.060787677764893 5.80553674697876 4.275699138641357
1433150301909 1 -20.005565643310547 -20.005565643310547 -6.825428009033203
1433150303843 0 7.060787677764893 5.8839898109436035 4.550285339355469
1433150302010 1 -19.10335350036621 -20.005565643310547 5.413270473480225
1433150303943 0 7.021561145782471 5.844763278961182 4.432605743408203
1433150302110 1 20.005565643310547 11.885659217834473 20.005565643310547
1433150304046 0 7.060787677764893 5.923216342926025 4.432605743408203
1433150302211 1 0.627625584602356 -20.005565643310547 14.00389575958252
1433150304148 0 6.864655017852783 5.8839898109436035 4.354152679443359
1433150302312 1 -20.005565643310547 -20.005565643310547 -18.161914825439453
1433150304248 0 7.1000142097473145 5.923216342926025 4.432605743408203
1433150302413 1 20.005565643310547 -0.9806649684906006 20.005565643310547
1433150304349 0 7.217694282531738 5.844763278961182 4.275699138641357
1433150302513 1 4.746418476104736 -20.005565643310547 14.749200820922852
1433150304449 0 7.021561145782471 5.8839898109436035 4.197246074676514
1433150302614 1 -20.005565643310547 -20.005565643310547 -20.005565643310547
1433150304550 0 7.021561145782471 5.962442874908447 4.393379211425781
1433150302715 1 20.005565643310547 -5.217137813568115 20.005565643310547
1433150304651 0 7.413827419281006 6.001669883728027 4.589511871337891
1433150302815 1 20.005565643310547 18.12268829345703 20.005565643310547
1433150304751 0 7.1392412185668945 6.550841808319092 3.5696206092834473
1433150302916 1 -20.005565643310547 -20.005565643310547 5.491724014282227
1433150304852 0 7.453053951263428 5.727083683013916 3.7657535076141357
1433150303016 1 -20.005565643310547 -20.005565643310547 -2.2751426696777344
1433150304953 0 7.060787677764893 6.237029075622559 4.864098072052002
1433150303117 1 20.005565643310547 0.627625584602356 20.005565643310547
1433150305053 0 6.158576011657715 6.119349479675293 5.609403610229492
1433150303217 1 19.456392288208008 -20.005565643310547 17.534290313720703
1433150305154 0 4.903325080871582 7.9629998207092285 10.63040828704834
1433150303317 1 -20.005565643310547 -20.005565643310547 -20.005565643310547
1433150305254 0 2.1574628353118896 1.8828767538070679 16.592851638793945
1433150303418 1 20.005565643310547 -4.275699138641357 13.572402954101562
1433150305355 0 9.061344146728516 -15.69063949584961 -19.377939224243164
1433150303518 1 20.005565643310547 19.338712692260742 20.005565643310547
1433150305456 0 -19.024900436401367 -20.005565643310547 -20.005565643310547
1433150303619 1 -20.005565643310547 -20.005565643310547 -3.726526975631714
1433150305557 0 20.005565643310547 16.67130470275879 -20.005565643310547
1433150303719 1 -20.005565643310547 -12.238698959350586 11.179580688476562
1433150305657 0 20.005565643310547 -18.08346176147461 20.005565643310547
1433150303819 1 20.005565643310547 12.003339767456055 20.005565643310547
1433150305757 0 20.005565643310547 -20.005565643310547 20.005565643310547
1433150303919 1 -20.005565643310547 -20.005565643310547 5.609403610229492
1433150305858 0 20.005565643310547 -20.005565643310547 -20.005565643310547
1433150305959 0 20.005565643310547 -17.69119644165039 -20.005565643310547
1433150304020 1 -20.005565643310547 -5.099457740783691 -9.21825122833252
1433150306059 0 20.005565643310547 -10.395049095153809 -15.965226173400879
1433150304120 1 20.005565643310547 20.005565643310547 20.005565643310547
1433150306160 0 20.005565643310547 -12.984004020690918 20.005565643310547
1433150304221 1 -20.005565643310547 -20.005565643310547 20.005565643310547
1433150306261 0 20.005565643310547 -18.67186164855957 20.005565643310547
1433150304322 1 -20.005565643310547 -20.005565643310547 -19.927112579345703
1433150306360 0 20.005565643310547 -20.005565643310547 3.216581106185913
1433150304422 1 20.005565643310547 -2.7458620071411133 20.005565643310547
1433150306461 0 20.005565643310547 -17.965782165527344 9.061344146728516
1433150304522 1 -20.005565643310547 -20.005565643310547 20.005565643310547
1433150306562 0 20.005565643310547 -20.005565643310547 -15.769092559814453
1433150304623 1 -20.005565643310547 -20.005565643310547 -11.14035415649414
1433150306662 0 20.005565643310547 -20.005565643310547 -20.005565643310547
1433150304723 1 20.005565643310547 19.06412696838379 20.005565643310547
1433150306763 0 20.005565643310547 -6.864655017852783 -14.592294692993164
1433150304823 1 7.688413619995117 -20.005565643310547 18.47572898864746
1433150306864 0 20.005565643310547 -20.005565643310547 13.219364166259766
1433150304924 1 -20.005565643310547 -20.005565643310547 -10.708861351013184
1433150306965 0 14.121575355529785 -20.005565643310547 2.510502338409424
1433150305025 1 20.005565643310547 20.005565643310547 20.005565643310547
1433150307067 0 -20.005565643310547 -20.005565643310547 -14.317708969116211
1433150305126 1 -20.005565643310547 -20.005565643310547 14.356935501098633
1433150307167 0 20.005565643310547 -15.063014030456543 12.905550956726074
1433150305227 1 -9.963556289672852 -2.1182363033294678 -20.005565643310547
1433150307267 0 20.005565643310547 5.099457740783691 8.472945213317871
1433150305328 1 12.787871360778809 -20.005565643310547 20.005565643310547
1433150307367 0 -19.417165756225586 -20.005565643310547 9.767423629760742
1433150305428 1 -0.313812792301178 -20.005565643310547 -20.005565643310547
1433150307468 0 20.005565643310547 -20.005565643310547 20.005565643310547
1433150305529 1 -0.823758602142334 0.9022117853164673 -20.005565643310547
1433150307569 0 20.005565643310547 -20.005565643310547 -1.3337043523788452
1433150305629 1 -9.688969612121582 -20.005565643310547 20.005565643310547
1433150305729 1 20.005565643310547 5.177911281585693 -20.005565643310547
1433150307670 0 20.005565643310547 -16.945890426635742 -20.005565643310547
1433150305829 1 -19.06412696838379 -20.005565643310547 20.005565643310547
1433150307771 0 20.005565643310547 -20.005565643310547 -16.200586318969727
1433150305930 1 11.218807220458984 -10.198915481567383 -20.005565643310547
1433150307872 0 20.005565643310547 -20.005565643310547 16.004451751708984
1433150306031 1 3.295034408569336 -20.005565643310547 20.005565643310547
1433150307972 0 20.005565643310547 -20.005565643310547 19.84865951538086
1433150308072 0 6.903881549835205 -19.966339111328125 1.1375713348388672
1433150306132 1 14.553068161010742 -10.120462417602539 -20.005565643310547
1433150308173 0 1.7651969194412231 -7.217694282531738 6.786201477050781
1433150306233 1 20.005565643310547 -20.005565643310547 -18.554182052612305
1433150308274 0 20.005565643310547 -10.512728691101074 5.962442874908447
1433150306333 1 20.005565643310547 -20.005565643310547 -20.005565643310547
1433150306435 1 20.005565643310547 -20.005565643310547 -4.903325080871582
1433150308375 0 20.005565643310547 -20.005565643310547 -19.966339111328125
1433150306535 1 20.005565643310547 -20.005565643310547 -20.005565643310547
1433150308477 0 20.005565643310547 -20.005565643310547 -20.005565643310547
1433150306635 1 20.005565643310547 -20.005565643310547 1.8436501026153564
1433150308579 0 20.005565643310547 -20.005565643310547 20.005565643310547
1433150306736 1 20.005565643310547 -20.005565643310547 -20.005565643310547
1433150308679 0 20.005565643310547 -10.395049095153809 9.375157356262207
1433150306836 1 20.005565643310547 -20.005565643310547 -20.005565643310547
1433150308779 0 -20.005565643310547 -20.005565643310547 -3.8049800395965576
1433150306936 1 20.005565643310547 -20.005565643310547 -17.10279655456543
1433150308879 0 -0.7845319509506226 -16.945890426635742 20.005565643310547
1433150308980 0 7.335373878479004 -13.611629486083984 7.884546279907227
1433150307036 1 20.005565643310547 -20.005565643310547 -20.005565643310547
1433150307137 1 20.005565643310547 -20.005565643310547 4.864098072052002
1433150309080 0 -14.592294692993164 -20.005565643310547 0.47071918845176697
1433150307236 1 20.005565643310547 -20.005565643310547 -20.005565643310547
1433150309181 0 18.789541244506836 -13.454723358154297 20.005565643310547
1433150307336 1 20.005565643310547 -20.005565643310547 2.7458620071411133
1433150309281 0 -20.005565643310547 -20.005565643310547 -20.005565643310547
1433150309382 0 16.985116958618164 -20.005565643310547 20.005565643310547
1433150307436 1 20.005565643310547 -20.005565643310547 -20.005565643310547
1433150309482 0 -20.005565643310547 -11.964112281799316 -20.005565643310547
1433150307536 1 4.864098072052002 -20.005565643310547 20.005565643310547
1433150309582 0 20.005565643310547 12.003339767456055 20.005565643310547
1433150307636 1 20.005565643310547 1.1767979860305786 -20.005565643310547
1433150309683 0 -20.005565643310547 -20.005565643310547 -20.005565643310547
1433150307737 1 4.667965412139893 -20.005565643310547 20.005565643310547
1433150309783 0 7.727640151977539 -12.866324424743652 20.005565643310547
1433150307837 1 12.395605087280273 -10.002782821655273 -20.005565643310547
1433150309883 0 9.532063484191895 -1.7259703874588013 -16.12213134765625
1433150307938 1 11.807206153869629 -20.005565643310547 20.005565643310547
1433150309984 0 -20.005565643310547 -20.005565643310547 20.005565643310547
1433150308038 1 9.688969612121582 -13.02323055267334 -20.005565643310547
1433150310085 0 20.005565643310547 -20.005565643310547 20.005565643310547
1433150308139 1 16.161357879638672 -20.005565643310547 20.005565643310547
1433150308239 1 20.005565643310547 -20.005565643310547 -20.005565643310547
1433150310185 0 4.2364726066589355 -20.005565643310547 8.904438018798828
1433150308340 1 20.005565643310547 -20.005565643310547 -15.572959899902344
1433150310286 0 11.728753089904785 -20.005565643310547 -19.966339111328125
1433150310387 0 20.005565643310547 -17.65196990966797 0.7845319509506226
1433150308441 1 20.005565643310547 -20.005565643310547 -20.005565643310547
1433150308541 1 20.005565643310547 -20.005565643310547 -20.005565643310547
1433150310487 0 -12.552511215209961 -20.005565643310547 -5.452497482299805
1433150308641 1 20.005565643310547 -20.005565643310547 -19.88788604736328
1433150310589 0 17.220476150512695 -2.392822504043579 8.43371868133545
1433150308742 1 20.005565643310547 -20.005565643310547 -20.005565643310547
1433150310690 0 -20.005565643310547 -20.005565643310547 3.608847141265869
1433150310790 0 9.610516548156738 -16.004451751708984 20.005565643310547
1433150308843 1 20.005565643310547 -20.005565643310547 -8.080678939819336
1433150308944 1 20.005565643310547 3.608847141265869 -20.005565643310547
1433150310891 0 16.12213134765625 5.687856674194336 20.005565643310547
1433150310992 0 16.318265914916992 -20.005565643310547 0.313812792301178
1433150309044 1 3.7657535076141357 -20.005565643310547 20.005565643310547
1433150309145 1 18.201141357421875 5.766310214996338 -20.005565643310547
1433150311093 0 10.159688949584961 -20.005565643310547 19.142580032348633
1433150309245 1 -20.005565643310547 -20.005565643310547 20.005565643310547
1433150311196 0 20.005565643310547 -20.005565643310547 -14.749200820922852
1433150309345 1 9.296704292297363 12.395605087280273 -20.005565643310547
1433150311297 0 20.005565643310547 -7.845319747924805 20.005565643310547
1433150309446 1 -13.454723358154297 -20.005565643310547 20.005565643310547
1433150311398 0 20.005565643310547 -1.647517204284668 16.357492446899414
1433150309546 1 -9.728196144104004 -20.005565643310547 -20.005565643310547
1433150311499 0 20.005565643310547 -20.005565643310547 -0.35303938388824463
1433150311600 0 20.005565643310547 -20.005565643310547 20.005565643310547
1433150309646 1 20.005565643310547 6.3154826164245605 -4.746418476104736
1433150309746 1 -20.005565643310547 -20.005565643310547 8.512171745300293
1433150311700 0 -20.005565643310547 -19.730979919433594 -20.005565643310547
1433150309846 1 -20.005565643310547 -20.005565643310547 -11.454167366027832
1433150311801 0 10.591181755065918 -6.943108081817627 7.923772811889648
1433150309946 1 20.005565643310547 14.592294692993164 20.005565643310547
1433150311901 0 17.612743377685547 -12.395605087280273 20.005565643310547
1433150310046 1 -16.788984298706055 -20.005565643310547 10.355822563171387
1433150312001 0 20.005565643310547 -19.730979919433594 9.414383888244629
1433150310146 1 -20.005565643310547 -20.005565643310547 -4.001112937927246
1433150312102 0 10.591181755065918 -17.259702682495117 -5.766310214996338
1433150310247 1 -19.927112579345703 -20.005565643310547 20.005565643310547
1433150312202 0 20.005565643310547 -19.06412696838379 -20.005565643310547
1433150310348 1 20.005565643310547 10.865767478942871 20.005565643310547
1433150312302 0 20.005565643310547 -20.005565643310547 18.161914825439453
1433150310449 1 -20.005565643310547 -20.005565643310547 -6.393935680389404
1433150312402 0 20.005565643310547 -20.005565643310547 -8.355265617370605
1433150312503 0 20.005565643310547 -16.47517204284668 20.005565643310547
1433150310550 1 -20.005565643310547 -20.005565643310547 9.728196144104004
1433150310651 1 20.005565643310547 0.509945809841156 20.005565643310547
1433150312603 0 -20.005565643310547 -20.005565643310547 -20.005565643310547
1433150310751 1 -20.005565643310547 -20.005565643310547 3.961886405944824
1433150312705 0 -8.786758422851562 -20.005565643310547 20.005565643310547
1433150310851 1 -20.005565643310547 -20.005565643310547 15.965226173400879
1433150312805 0 -1.8436501026153564 -9.963556289672852 4.11879301071167
1433150312905 0 -8.23758602142334 -20.005565643310547 -3.648073673248291
1433150310951 1 20.005565643310547 2.392822504043579 20.005565643310547
1433150311052 1 -14.356935501098633 -20.005565643310547 12.866324424743652
1433150313006 0 20.005565643310547 20.005565643310547 -6.982334613800049
1433150313106 0 -11.022674560546875 0.11767979711294174 17.259702682495117
1433150311152 1 -20.005565643310547 -20.005565643310547 -9.845876693725586
1433150311253 1 20.005565643310547 12.395605087280273 20.005565643310547
1433150313207 0 -13.219364166259766 -20.005565643310547 11.61107349395752
1433150311353 1 -12.434831619262695 -20.005565643310547 13.886216163635254
1433150313307 0 20.005565643310547 -6.2762556076049805 20.005565643310547
1433150313408 0 -17.769649505615234 -20.005565643310547 20.005565643310547
1433150311453 1 -20.005565643310547 -20.005565643310547 -8.551398277282715
1433150313508 0 20.005565643310547 -20.005565643310547 -20.005565643310547
1433150311553 1 20.005565643310547 14.200028419494629 20.005565643310547
1433150313608 0 19.966339111328125 -20.005565643310547 -1.9221034049987793
1433150311653 1 20.005565643310547 -16.004451751708984 17.534290313720703
1433150313709 0 -20.005565643310547 -20.005565643310547 5.57017707824707
1433150311754 1 -20.005565643310547 -20.005565643310547 -12.395605087280273
1433150311855 1 20.005565643310547 -10.277368545532227 20.005565643310547
1433150313809 0 20.005565643310547 2.079009771347046 20.005565643310547
1433150311958 1 20.005565643310547 2.5889556407928467 7.335373878479004
1433150313910 0 -20.005565643310547 -20.005565643310547 7.021561145782471
1433150312058 1 -20.005565643310547 -20.005565643310547 9.179023742675781
1433150314010 0 19.730979919433594 -20.005565643310547 20.005565643310547
1433150312159 1 -20.005565643310547 -16.945890426635742 -6.943108081817627
1433150314111 0 10.591181755065918 -20.005565643310547 18.201141357421875
1433150312259 1 20.005565643310547 10.395049095153809 20.005565643310547
1433150314211 0 20.005565643310547 -20.005565643310547 4.11879301071167
1433150312359 1 -20.005565643310547 -20.005565643310547 6.786201477050781
1433150314311 0 11.885659217834473 -20.005565643310547 6.943108081817627
1433150312459 1 -20.005565643310547 -19.456392288208008 4.903325080871582
1433150314412 0 3.9226598739624023 -20.005565643310547 2.392822504043579
1433150312560 1 20.005565643310547 -19.49561882019043 14.121575355529785
1433150314512 0 10.159688949584961 -20.005565643310547 3.3734874725341797
1433150312660 1 -20.005565643310547 -20.005565643310547 -20.005565643310547
1433150314612 0 -14.043122291564941 -20.005565643310547 -7.806093215942383
1433150312761 1 20.005565643310547 -20.005565643310547 20.005565643310547
1433150314713 0 20.005565643310547 -11.84643268585205 14.239255905151367
1433150312862 1 -5.844763278961182 -20.005565643310547 20.005565643310547
1433150314814 0 -20.005565643310547 -20.005565643310547 5.57017707824707
1433150314915 0 20.005565643310547 20.005565643310547 20.005565643310547
1433150312962 1 -20.005565643310547 -20.005565643310547 -0.156906396150589
1433150315016 0 -20.005565643310547 -20.005565643310547 17.69119644165039
1433150313062 1 20.005565643310547 -5.844763278961182 13.650856018066406
1433150315116 0 20.005565643310547 20.005565643310547 20.005565643310547
1433150313163 1 -20.005565643310547 -20.005565643310547 13.376270294189453
1433150315217 0 -20.005565643310547 -20.005565643310547 -2.392822504043579
1433150313264 1 -18.397274017333984 -12.160245895385742 -2.039783239364624
1433150313365 1 20.005565643310547 -4.393379211425781 11.689526557922363
1433150315317 0 20.005565643310547 20.005565643310547 20.005565643310547
1433150313466 1 -15.533733367919922 -15.259146690368652 -9.45361042022705
1433150315418 0 -20.005565643310547 -20.005565643310547 11.924885749816895
1433150313567 1 20.005565643310547 13.180137634277344 20.005565643310547
1433150315519 0 20.005565643310547 20.005565643310547 15.455280303955078
1433150313668 1 -20.005565643310547 -20.005565643310547 -6.237029075622559
1433150315619 0 -13.925442695617676 -20.005565643310547 20.005565643310547
1433150313769 1 20.005565643310547 18.946447372436523 20.005565643310547
1433150315719 0 20.005565643310547 -20.005565643310547 9.375157356262207
1433150313869 1 -5.021004676818848 -14.866881370544434 -7.335373878479004
1433150315819 0 20.005565643310547 -20.005565643310547 7.923772811889648
1433150313969 1 20.005565643310547 -7.1000142097473145 7.1000142097473145
1433150315919 0 20.005565643310547 18.86799430847168 20.005565643310547
1433150314069 1 -3.0989012718200684 -2.3535959720611572 -6.433162212371826
1433150316020 0 20.005565643310547 -19.88788604736328 14.396162033081055
1433150314169 1 -20.005565643310547 -20.005565643310547 11.101127624511719
1433150316120 0 20.005565643310547 -20.005565643310547 1.45138418674469
1433150314270 1 5.727083683013916 4.2364726066589355 -13.180137634277344
1433150316220 0 20.005565643310547 -20.005565643310547 -10.748087882995605
1433150314371 1 -20.005565643310547 -20.005565643310547 4.746418476104736
1433150316320 0 20.005565643310547 18.044235229492188 20.005565643310547
1433150314472 1 -5.217137813568115 -11.297260284423828 -20.005565643310547
1433150316420 0 20.005565643310547 -20.005565643310547 4.040339469909668
1433150314573 1 20.005565643310547 3.0989012718200684 9.414383888244629
1433150316520 0 -1.6082905530929565 -20.005565643310547 20.005565643310547
1433150314674 1 -20.005565643310547 -20.005565643310547 -11.179580688476562
1433150316621 0 20.005565643310547 -20.005565643310547 4.981778144836426
1433150314778 1 20.005565643310547 13.925442695617676 20.005565643310547
1433150316721 0 20.005565643310547 20.005565643310547 20.005565643310547
1433150314877 1 8.041452407836914 -20.005565643310547 15.21992015838623
1433150316822 0 20.005565643310547 -20.005565643310547 0.6668521761894226
1433150314977 1 -16.082904815673828 -20.005565643310547 -0.8629851937294006
1433150316922 0 20.005565643310547 -20.005565643310547 -20.005565643310547
1433150315077 1 20.005565643310547 -0.156906396150589 20.005565643310547
1433150317022 0 20.005565643310547 20.005565643310547 16.23981285095215
1433150315178 1 -20.005565643310547 -20.005565643310547 13.101683616638184
1433150317122 0 20.005565643310547 -20.005565643310547 10.865767478942871
1433150315278 1 -20.005565643310547 -19.417165756225586 -4.903325080871582
1433150317222 0 2.7066352367401123 -20.005565643310547 20.005565643310547
1433150315379 1 16.71053123474121 15.69063949584961 10.159688949584961
1433150317322 0 20.005565643310547 -20.005565643310547 20.005565643310547
1433150315479 1 4.314925670623779 5.334817409515381 5.334817409515381
1433150317422 0 20.005565643310547 20.005565643310547 -8.825984954833984
1433150315580 1 4.628738880157471 6.001669883728027 3.0204482078552246
1433150317523 0 20.005565643310547 -20.005565643310547 -17.220476150512695
1433150315680 1 7.1000142097473145 6.825428009033203 2.9812214374542236
1433150317623 0 20.005565643310547 -3.5303938388824463 20.005565643310547
1433150315780 1 7.1392412185668945 6.472388744354248 3.216581106185913
1433150317724 0 -6.590068817138672 -20.005565643310547 -20.005565643310547
1433150315880 1 7.5315070152282715 6.550841808319092 2.9419949054718018
1433150317824 0 3.687300205230713 -20.005565643310547 -20.005565643310547
1433150315981 1 7.413827419281006 6.197802543640137 3.0204482078552246
1433150317924 0 -20.005565643310547 -20.005565643310547 20.005565643310547
1433150316082 1 7.374600410461426 5.923216342926025 3.0989012718200684
1433150318024 0 20.005565643310547 -20.005565643310547 -10.43427562713623
1433150316183 1 7.296147346496582 5.609403610229492 2.9812214374542236
1433150318124 0 -20.005565643310547 -20.005565643310547 3.0989012718200684
1433150316284 1 7.649186611175537 5.727083683013916 3.177354574203491
1433150318225 0 -17.14202308654785 -20.005565643310547 20.005565643310547
1433150316384 1 7.766866683959961 5.648630142211914 2.9419949054718018
1433150318325 0 20.005565643310547 -20.005565643310547 -1.8828767538070679
1433150316485 1 8.002225875854492 5.413270473480225 2.90276837348938
1433150318425 0 -18.514955520629883 -20.005565643310547 -14.827654838562012
1433150316586 1 7.806093215942383 5.217137813568115 2.824315071105957
1433150318525 0 11.022674560546875 -20.005565643310547 20.005565643310547
1433150316687 1 8.119906425476074 5.374043941497803 2.785088539123535
1433150318625 0 20.005565643310547 -20.005565643310547 3.5303938388824463
1433150316788 1 7.9629998207092285 5.177911281585693 2.863541841506958
