1436866902176 1 1.8962076902389526 5.774814605712891 7.4316020011901855
1436866902276 1 2.049436569213867 5.736507415771484 7.46033239364624
1436866902376 1 1.8483237028121948 5.841852188110352 7.508216381072998
1436866902477 1 2.0207061767578125 5.70777702331543 7.364564418792725
1436866902577 1 1.8962076902389526 5.736507415771484 7.613561630249023
1436866902677 1 1.944091796875 5.70777702331543 7.565677165985107
1436866902777 1 2.0015525817871094 5.688623428344727 7.422025203704834
1436866902877 1 1.9728221893310547 5.688623428344727 7.556100368499756
1436866902977 1 2.0207061767578125 5.679046630859375 7.4986395835876465
1436866903077 1 2.011129379272461 5.669469833374023 7.546523571014404
1436866903177 1 2.078166961669922 5.70777702331543 7.441178798675537
1436866903277 1 2.078166961669922 5.679046630859375 7.422025203704834
1436866903377 1 2.0015525817871094 5.698200225830078 7.536946773529053
1436866903478 1 2.0398597717285156 5.717353820800781 7.565677165985107
1436866903579 1 2.2409727573394775 5.621585369110107 7.383718013763428
1436866903679 1 2.145204782485962 5.736507415771484 7.489062786102295
1436866903784 1 2.250549554824829 5.659893035888672 7.412448406219482
1436866903885 1 2.212242364883423 5.70777702331543 7.479485988616943
1436866903985 1 2.3271639347076416 5.631162166595459 7.422025203704834
1436866904086 1 2.2888567447662354 5.688623428344727 7.383718013763428
1436866904187 1 2.31758713722229 5.631162166595459 7.383718013763428
1436866904287 1 2.31758713722229 5.65031623840332 7.51779317855835
1436866904388 1 2.499546527862549 5.564124584197998 7.249642848968506
1436866904489 1 2.4133553504943848 5.439626216888428 7.642292022705078
1436866904589 1 2.432508945465088 5.257667064666748 7.757213592529297
1436866904690 1 2.537853717803955 5.353435039520264 7.565677165985107
1436866904791 1 2.5474305152893066 5.430049419403076 7.4316020011901855
1436866904890 1 2.6431987285614014 5.20978307723999 7.65186882019043
1436866904990 1 2.5091233253479004 5.458779811859131 7.65186882019043
1436866905091 1 2.4612393379211426 5.458779811859131 7.671022415161133
1436866905191 1 2.604891538619995 5.363011837005615 7.402871608734131
1436866905292 1 2.4803929328918457 5.564124584197998 7.393294811248779
1436866905394 1 2.470816135406494 5.420472621917725 7.632715225219727
1436866905494 1 2.5665841102600098 5.410895824432373 7.489062786102295
1436866905595 1 2.4899697303771973 5.477933406829834 7.508216381072998
1436866905695 1 2.518700122833252 5.410895824432373 7.536946773529053
1436866905796 1 2.4803929328918457 5.4875102043151855 7.527369976043701
1436866905897 1 2.4803929328918457 5.458779811859131 7.508216381072998
1436866905997 1 2.5474305152893066 5.449203014373779 7.307103633880615
1436866906097 1 2.3750481605529785 5.784391403198242 7.0772600173950195
1436866906198 1 1.9345149993896484 4.299986362457275 8.848969459533691
1436866906299 1 1.7621324062347412 4.529829502105713 8.494627952575684
1436866906399 1 1.1013327836990356 4.5394062995910645 8.724471092224121
1436866906499 1 1.1013327836990356 4.20421838760376 9.222464561462402
1436866906599 1 0.9385270476341248 4.845864295959473 8.33182144165039
1436866906700 1 0.9385270476341248 4.663905143737793 8.743624687194824
1436866906800 1 1.3215993642807007 4.529829502105713 8.197746276855469
1436866906900 1 1.3503297567367554 4.596867084503174 8.47547435760498
1436866907000 1 1.3886369466781616 4.797980308532715 8.303091049194336
1436866907102 1 1.4844050407409668 4.788403511047363 7.939172744750977
1436866907203 1 1.2545616626739502 4.778826713562012 8.044517517089844
1436866907303 1 1.1013327836990356 4.750096321105957 9.02135181427002
1436866907403 1 1.2641384601593018 5.027823448181152 8.638279914855957
1436866907504 1 1.522712230682373 4.970362663269043 7.0772600173950195
1436866907604 1 1.3311761617660522 5.07570743560791 7.948749542236328
1436866907704 1 1.139639973640442 4.941632270812988 8.044517517089844
1436866907804 1 1.235408067703247 4.855441093444824 8.111555099487305
1436866911146 0 1.8100165128707886 5.947196960449219 7.4316020011901855
1436866911246 0 1.7908629179000854 5.889736175537109 7.412448406219482
1436866911346 0 1.886630892753601 5.918466567993164 7.259219646453857
1436866911446 0 1.8770540952682495 5.928043365478516 7.4316020011901855
1436866911547 0 1.7812861204147339 5.899312973022461 7.383718013763428
1436866911646 0 1.7908629179000854 5.841852188110352 7.374141216278076
1436866911746 0 1.8195933103561401 5.880159378051758 7.536946773529053
1436866911846 0 1.9057846069335938 5.822698593139648 7.364564418792725
1436866911946 0 1.8770540952682495 5.765237808227539 7.489062786102295
1436866912046 0 1.8291701078414917 5.841852188110352 7.4316020011901855
1436866912146 0 1.8962076902389526 5.803544998168945 7.508216381072998
1436866912246 0 1.9536685943603516 5.765237808227539 7.3454108238220215
1436866912346 0 1.8483237028121948 5.832275390625 7.4316020011901855
1436866912446 0 1.9632453918457031 5.765237808227539 7.354987621307373
1436866912546 0 1.8962076902389526 5.7556610107421875 7.479485988616943
1436866912647 0 1.867477297782898 5.784391403198242 7.479485988616943
1436866912747 0 1.944091796875 5.659893035888672 7.469909191131592
1436866912847 0 2.63362193107605 5.698200225830078 8.53293514251709
1436866912948 0 1.8579005002975464 5.966350555419922 7.546523571014404
1436866913048 0 2.049436569213867 5.583278179168701 7.594407558441162
1436866913148 0 2.6240451335906982 5.525817394256592 7.766790390014648
1436866913248 0 1.656787633895874 6.042964935302734 7.479485988616943
1436866913349 0 1.3215993642807007 5.2480902671813965 6.885724067687988
1436866913450 0 2.2601263523101807 5.525817394256592 6.904877662658691
1436866913550 0 2.0015525817871094 5.65031623840332 7.65186882019043
1436866913651 0 2.6815059185028076 5.018246650695801 7.7763671875
1436866913751 0 1.800439715385437 5.746084213256836 7.805097579956055
1436866913851 0 2.9496564865112305 5.276820659637451 7.948749542236328
1436866913951 0 1.7046716213226318 6.023811340332031 7.5848307609558105
1436866914051 0 3.265691041946411 3.19865345954895 7.527369976043701
1436866914151 0 1.7334020137786865 6.023811340332031 7.90086555480957
1436866914251 0 0.7852981686592102 4.778826713562012 8.370129585266113
1436866914352 0 2.231395959854126 5.458779811859131 6.789956092834473
1436866914451 0 1.1683704853057861 7.3454108238220215 7.354987621307373
1436866914552 0 2.3558945655822754 5.027823448181152 7.422025203704834
1436866914651 0 2.0685901641845703 11.674127578735352 3.3901896476745605
1436866914752 0 2.7964274883270264 4.797980308532715 7.058106422424316
1436866914851 0 1.656787633895874 6.129156112670898 7.7763671875
1436866914951 0 3.4380736351013184 4.462791919708252 7.948749542236328
1436866915052 0 1.5514427423477173 6.110002517700195 7.824251174926758
1436866915153 0 3.9456443786621094 4.63517427444458 8.073247909545898
1436866915253 0 1.8579005002975464 6.042964935302734 7.671022415161133
1436866915353 0 3.1316158771514893 4.8937482833862305 7.90086555480957
1436866915453 0 2.0685901641845703 5.793968200683594 7.642292022705078
1436866915553 0 3.9169139862060547 4.2329487800598145 8.159439086914062
1436866915653 0 1.9919757843017578 6.0621185302734375 7.671022415161133
1436866915753 0 2.7102363109588623 3.4955344200134277 8.762778282165527
1436866915854 0 2.2601263523101807 5.9088897705078125 7.297526836395264
1436866915954 0 1.7142484188079834 2.9688100814819336 8.753201484680176
1436866916054 0 2.9305028915405273 4.95120906829834 6.435614109039307
1436866916154 0 1.9728221893310547 5.975927352905273 7.805097579956055
1436866916254 0 3.428496837615967 4.481945514678955 7.594407558441162
1436866916355 0 1.8195933103561401 5.985504150390625 7.872135162353516
1436866916455 0 3.3518824577331543 4.616020679473877 7.51779317855835
1436866916555 0 2.2218191623687744 5.95677375793457 7.4986395835876465
1436866916656 0 2.873042106628418 3.955221176147461 8.78193187713623
1436866916756 0 2.31758713722229 5.832275390625 7.441178798675537
1436866916857 0 1.6184803247451782 3.620033025741577 8.504204750061035
1436866916957 0 2.365471363067627 5.640739440917969 7.4316020011901855
1436866917057 0 2.5091233253479004 5.305551052093506 7.603984832763672
1436866917158 0 2.786850690841675 5.430049419403076 6.57926607131958
1436866917258 0 2.298433542251587 5.525817394256592 7.642292022705078
1436866917358 0 3.399766445159912 4.529829502105713 7.4986395835876465
1436866917458 0 1.8770540952682495 6.186617374420166 7.996633529663086
1436866917558 0 3.7158010005950928 4.520252704620361 8.02536392211914
1436866917658 0 2.2409727573394775 5.937620162963867 7.393294811248779
1436866917758 0 1.4269442558288574 3.8307228088378906 8.628703117370605
1436866917858 0 2.82515811920166 5.420472621917725 6.876147270202637
1436866917958 0 2.5091233253479004 5.353435039520264 7.766790390014648
1436866918059 0 3.361459255218506 4.280832767486572 7.086836814880371
1436866918158 0 2.3942017555236816 5.803544998168945 7.785943984985352
1436866918259 0 4.108449935913086 3.4093432426452637 8.360552787780762
1436866918359 0 2.920926094055176 5.420472621917725 7.489062786102295
1436866918460 0 1.7717092037200928 6.196194171905518 6.809109687805176
1436866918560 0 3.600879430770874 4.1180267333984375 7.1921820640563965
1436866918661 0 2.691082715988159 5.372588634490967 7.8529815673828125
1436866918761 0 2.9975404739379883 4.884171485900879 7.881711959838867
1436866918862 0 2.9496564865112305 4.855441093444824 7.814674377441406
1436866918962 0 3.1890766620635986 4.807557106018066 9.337387084960938
1436866919063 0 3.0837318897247314 4.932055473327637 7.7763671875
1436866919163 0 2.2888567447662354 4.51067590713501 7.603984832763672
1436866919264 0 3.8307228088378906 5.793968200683594 8.255207061767578
1436866919364 0 2.0685901641845703 5.659893035888672 8.130708694458008
1436866919464 0 2.9305028915405273 4.932055473327637 7.326257228851318
1436866919565 0 2.470816135406494 4.970362663269043 8.111555099487305
1436866919665 0 3.045424461364746 4.376600742340088 7.374141216278076
1436866919766 0 2.5665841102600098 5.07570743560791 7.967903137207031
1436866919865 0 4.01268196105957 4.280832767486572 8.121131896972656
1436866919965 0 2.4899697303771973 5.497087001800537 7.690176010131836
1436866920065 0 3.8498764038085938 3.9647979736328125 9.318233489990234
1436866920166 0 2.7485435009002686 5.420472621917725 7.690176010131836
1436866920266 0 2.691082715988159 6.378153324127197 7.393294811248779
1436866920366 0 3.1699230670928955 4.721365928649902 7.15387487411499
1436866920605 0 2.7102363109588623 5.276820659637451 7.402871608734131
1436866920705 0 1.6663644313812256 3.9456443786621094 8.858546257019043
1436866920805 0 2.82515811920166 5.0469770431518555 7.307103633880615
1436866920905 0 1.8770540952682495 6.3302693367004395 8.054094314575195
1436866921006 0 3.3039982318878174 4.309563159942627 7.1921820640563965
1436866921105 0 2.470816135406494 5.324704647064209 7.833827972412109
1436866921206 0 3.265691041946411 4.156333923339844 7.671022415161133
1436866921306 0 2.4420857429504395 5.544970989227295 7.795520782470703
1436866921407 0 3.4955344200134277 3.6583402156829834 8.360552787780762
1436866921508 0 2.4420857429504395 5.51624059677124 7.766790390014648
1436866921609 0 2.403778553009033 4.32871675491333 8.734047889709473
1436866921710 0 2.671929121017456 5.114014625549316 7.613561630249023
1436866921811 0 2.738966703414917 4.941632270812988 7.632715225219727
1436866921911 0 2.9017724990844727 4.7405195236206055 7.680599212646484
1436866922013 0 2.585737943649292 5.094861030578613 7.728483200073242
1436866922114 0 3.19865345954895 3.5051112174987793 8.044517517089844
1436866922214 0 2.671929121017456 5.39174222946167 7.709329605102539
1436866922314 0 2.8826189041137695 3.2561142444610596 9.730035781860352
1436866922414 0 2.6623523235321045 5.324704647064209 7.412448406219482
1436866922514 0 2.0877439975738525 6.550535678863525 6.540958881378174
1436866922614 0 3.7828385829925537 4.098873138427734 7.173028469085693
1436866922714 0 2.3080103397369385 5.631162166595459 7.977479934692383
1436866922814 0 3.955221176147461 3.2848446369171143 8.034940719604492
1436866922914 0 2.4612393379211426 5.420472621917725 8.14028549194336
1436866923015 0 2.346317768096924 2.978386878967285 10.189722061157227
1436866923116 0 2.786850690841675 4.95120906829834 7.1921820640563965
1436866923216 0 2.4803929328918457 4.836287498474121 8.063671112060547
1436866923316 0 2.6431987285614014 4.663905143737793 8.216899871826172
1436866923417 0 2.3942017555236816 4.730942726135254 8.02536392211914
1436866923518 0 2.346317768096924 4.63517427444458 8.274360656738281
1436866923619 0 2.365471363067627 4.759673118591309 8.111555099487305
1436866923719 0 2.403778553009033 4.817133903503418 8.054094314575195
1436866923819 0 2.5953147411346436 4.817133903503418 7.814674377441406
1436866923920 0 2.4420857429504395 4.395754337310791 8.274360656738281
1436866924019 0 2.0877439975738525 4.520252704620361 8.389283180236816
1436866924120 0 1.9919757843017578 4.6734819412231445 8.255207061767578
1436866924220 0 2.078166961669922 4.395754337310791 8.33182144165039
1436866924320 0 2.049436569213867 4.376600742340088 8.360552787780762
1436866924420 0 1.944091796875 4.520252704620361 8.255207061767578
1436866924521 0 1.886630892753601 4.501099109649658 8.33182144165039
1436866924622 0 1.867477297782898 4.462791919708252 8.398859977722168
1436866924722 0 1.8195933103561401 4.414907932281494 8.47547435760498
1436866924822 0 1.8579005002975464 4.4532151222229 8.35097599029541
1436866924922 0 1.7812861204147339 4.414907932281494 8.552088737487793
1436866925023 0 1.7046716213226318 4.376600742340088 8.609549522399902
1436866925123 0 1.8962076902389526 4.165910720825195 8.255207061767578
1436866925224 0 1.800439715385437 4.357447147369385 8.427590370178223
1436866925323 0 1.8483237028121948 4.2329487800598145 8.542511940002441
1436866925424 0 1.9728221893310547 4.041412353515625 8.504204750061035
1436866925525 0 1.9536685943603516 4.165910720825195 8.465897560119629
1436866925626 0 1.9823989868164062 4.185064792633057 8.580819129943848
1436866925726 0 2.0207061767578125 4.079719543457031 8.580819129943848
1436866925826 0 2.0590133666992188 4.050989151000977 8.5903959274292
1436866925926 0 1.9919757843017578 4.108449935913086 8.619126319885254
1436866926026 0 2.0685901641845703 4.060565948486328 8.53293514251709
1436866926127 0 2.0590133666992188 4.07014274597168 8.456320762634277
1436866926228 0 2.030282974243164 4.041412353515625 8.571242332458496
1436866926328 0 2.078166961669922 4.156333923339844 8.485051155090332
1436866926429 0 2.164358377456665 3.993528366088867 8.465897560119629
1436866926530 0 2.126051187515259 4.137180328369141 8.465897560119629
1436866926630 0 2.145204782485962 4.137180328369141 8.437167167663574
1436866926730 0 2.0685901641845703 4.089296340942383 8.494627952575684
1436866926831 0 2.0685901641845703 4.108449935913086 8.427590370178223
1436866926931 0 2.1068975925445557 4.127603530883789 8.427590370178223
1436866927032 0 2.1068975925445557 4.089296340942383 8.485051155090332
1436866927132 0 2.030282974243164 4.3191399574279785 8.418013572692871
1436866927232 0 2.1547815799713135 4.223371982574463 8.47547435760498
1436866927332 0 2.0590133666992188 4.261679172515869 8.494627952575684
1436866927433 0 1.8100165128707886 4.596867084503174 8.389283180236816
1436866927533 0 2.1930887699127197 4.462791919708252 8.073247909545898
1436866927633 0 1.886630892753601 4.884171485900879 8.26478385925293
1436866927733 0 1.9057846069335938 5.228936672210693 7.489062786102295
1436866927833 0 1.867477297782898 4.970362663269043 8.034940719604492
1436866927934 0 1.8195933103561401 4.932055473327637 7.814674377441406
1436866928033 0 1.656787633895874 4.845864295959473 8.446743965148926
1436866928134 0 1.3120225667953491 4.8267107009887695 8.504204750061035
1436866928235 0 1.37906014919281 4.865017890930176 8.35097599029541
1436866928335 0 1.436521053314209 4.836287498474121 8.274360656738281
1436866928435 0 1.3886369466781616 4.9799394607543945 8.149862289428711
1436866928536 0 1.3503297567367554 4.865017890930176 8.293514251708984
1436866928636 0 1.3982137441635132 4.8937482833862305 8.216899871826172
1436866928737 0 1.3407529592514038 4.95120906829834 8.044517517089844
1436866928839 0 1.2066776752471924 4.922478675842285 8.370129585266113
1436866928939 0 1.1971008777618408 4.903325080871582 8.303091049194336
1436866929041 0 1.1013327836990356 5.018246650695801 8.312667846679688
1436866929141 0 1.2066776752471924 4.941632270812988 8.121131896972656
1436866929242 0 1.0821791887283325 4.989516258239746 8.130708694458008
1436866929342 0 1.139639973640442 4.922478675842285 8.197746276855469
1436866929443 0 1.1013327836990356 4.903325080871582 8.178592681884766
1436866929543 0 1.1013327836990356 4.9799394607543945 8.08282470703125
1436866929643 0 0.8906430602073669 4.8937482833862305 8.197746276855469
1436866929744 0 0.7661445140838623 4.941632270812988 7.910442352294922
1436866929844 0 0.6512228846549988 4.491522312164307 8.47547435760498
1436866929944 0 0.24899697303771973 3.4955344200134277 9.078812599182129
1436866930044 0 -0.3734954595565796 2.7772738933563232 8.935160636901855
1436866930144 0 -1.5897499322891235 2.6144683361053467 7.575253963470459
1436866930244 0 -3.8307228088378906 1.8291701078414917 8.485051155090332
1436866930346 0 -3.8594532012939453 0.4692635238170624 5.861005783081055
1436866930446 0 -2.279279947280884 -0.08619125932455063 2.145204782485962
1436866930546 0 -1.3215993642807007 0.545877993106842 5.468356609344482
1436866930646 0 -0.24899697303771973 0.019153613597154617 10.984597206115723
1436866930746 0 -0.047884032130241394 0.07661445438861847 9.691728591918945
1436866930846 0 -0.047884032130241394 0.1149216815829277 9.500192642211914
1436866930948 0 0.0 0.07661445438861847 9.643844604492188
1436866931048 0 0.019153613597154617 0.07661445438861847 9.701305389404297
1436866931148 0 0.0 0.12449848651885986 9.624691009521484
1436866931248 0 0.009576806798577309 0.09576806426048279 9.576807022094727
1436866931348 0 0.009576806798577309 0.08619125932455063 9.624691009521484
1436866931448 0 -0.019153613597154617 0.10534487664699554 9.643844604492188
1436866931549 0 -0.019153613597154617 0.10534487664699554 9.624691009521484
1436866931649 0 0.0 0.09576806426048279 9.643844604492188
1436866931749 0 -0.07661445438861847 0.047884032130241394 9.605537414550781
1436866931850 0 -0.009576806798577309 0.07661445438861847 9.615114212036133
1436866931951 0 0.028730420395731926 0.047884032130241394 9.653421401977539
1436866932050 0 0.0 0.047884032130241394 9.672574996948242
1436866932151 0 -0.028730420395731926 0.12449848651885986 9.643844604492188
1436866932251 0 -0.038307227194309235 0.1149216815829277 9.615114212036133
1436866932351 0 -0.028730420395731926 0.09576806426048279 9.643844604492188
1436866932451 0 -0.038307227194309235 0.07661445438861847 9.634267807006836
1436866932551 0 -0.009576806798577309 0.06703764945268631 9.615114212036133
1436866932651 0 0.028730420395731926 0.08619125932455063 9.586383819580078
1436866932752 0 -0.028730420395731926 0.1149216815829277 9.624691009521484
1436866932853 0 0.009576806798577309 0.1149216815829277 9.653421401977539
1436866932954 0 -0.047884032130241394 0.08619125932455063 9.672574996948242
1436866933054 0 -0.028730420395731926 0.1149216815829277 9.710882186889648
1436866933154 0 -0.028730420395731926 0.08619125932455063 9.66299819946289
1436866933254 0 -0.038307227194309235 0.10534487664699554 9.739612579345703
1436866933354 0 0.019153613597154617 0.1149216815829277 9.682151794433594
1436866933454 0 0.019153613597154617 0.14365209639072418 9.682151794433594
1436866933554 0 0.009576806798577309 0.13407529890537262 9.59596061706543
1436866933654 0 -0.06703764945268631 0.10534487664699554 9.739612579345703
1436866933755 0 -0.019153613597154617 0.14365209639072418 9.615114212036133
1436866933856 0 -0.038307227194309235 0.13407529890537262 9.653421401977539
1436866933956 0 0.009576806798577309 0.13407529890537262 9.634267807006836
1436866934057 0 -0.038307227194309235 0.07661445438861847 9.643844604492188
1436866934156 0 -0.05746084079146385 0.13407529890537262 9.682151794433594
1436866934256 0 -0.06703764945268631 0.12449848651885986 9.653421401977539
1436866934357 0 0.019153613597154617 0.10534487664699554 9.672574996948242
1436866934457 0 -0.05746084079146385 0.15322890877723694 9.653421401977539
1436866934558 0 -0.009576806798577309 0.14365209639072418 9.691728591918945
1436866934659 0 -0.06703764945268631 0.06703764945268631 9.586383819580078
1436866934759 0 -0.047884032130241394 0.06703764945268631 9.624691009521484
1436866934859 0 -0.019153613597154617 0.047884032130241394 9.634267807006836
1436866934960 0 -0.038307227194309235 0.09576806426048279 9.615114212036133
1436866935061 0 0.019153613597154617 0.10534487664699554 9.682151794433594
1436866935161 0 0.0 0.12449848651885986 9.586383819580078
1436866935262 0 -0.2106897532939911 -0.028730420395731926 -4.960785865783691
1436866935362 0 0.038307227194309235 -0.5937620401382446 6.464344501495361
1436866935663 0 -0.028730420395731926 0.1149216815829277 9.605537414550781
1436866935763 0 0.0 0.09576806426048279 9.701305389404297
1436866935863 0 -0.06703764945268631 0.13407529890537262 9.605537414550781
1436866935963 0 0.0 0.08619125932455063 9.643844604492188
1436866936063 0 -0.05746084079146385 0.14365209639072418 9.691728591918945
