1433150474363 1 461.0
1433150476395 0 589.0
1433150474464 1 461.0
1433150476496 0 589.0
1433150474565 1 461.0
1433150476597 0 589.0
1433150474667 1 461.0
1433150476697 0 589.0
1433150474768 1 461.0
1433150476798 0 589.0
1433150474869 1 461.0
1433150476898 0 589.0
1433150474971 1 461.0
1433150476999 0 589.0
1433150475072 1 461.0
1433150477100 0 589.0
1433150475173 1 461.0
1433150477201 0 547.0
1433150475275 1 461.0
1433150477302 0 547.0
1433150475376 1 461.0
1433150477403 0 547.0
1433150475477 1 461.0
1433150477504 0 547.0
1433150475578 1 461.0
1433150477605 0 547.0
1433150475679 1 461.0
1433150477707 0 547.0
1433150475780 1 461.0
1433150477807 0 547.0
1433150475881 1 461.0
1433150477907 0 477.0
1433150475982 1 461.0
1433150478008 0 406.0
1433150476083 1 461.0
1433150478109 0 350.0
1433150478210 0 252.0
1433150476184 1 461.0
1433150478311 0 153.0
1433150476285 1 461.0
1433150478411 0 125.0
1433150476384 1 461.0
1433150478512 0 125.0
1433150476485 1 461.0
1433150478613 0 111.0
1433150476585 1 461.0
1433150478713 0 111.0
1433150476686 1 461.0
1433150478814 0 125.0
1433150476787 1 461.0
1433150478915 0 125.0
1433150476888 1 461.0
1433150479016 0 139.0
1433150476991 1 461.0
1433150479117 0 181.0
1433150477092 1 461.0
1433150479217 0 476.0
1433150477193 1 461.0
1433150479317 0 842.0
1433150477293 1 433.0
1433150477393 1 433.0
1433150479418 0 1081.0
1433150477495 1 433.0
1433150479518 0 1137.0
1433150477597 1 433.0
1433150479619 0 926.0
1433150477696 1 616.0
1433150479719 0 814.0
1433150477797 1 616.0
1433150479820 0 814.0
1433150477899 1 616.0
1433150479922 0 926.0
1433150478000 1 715.0
1433150480022 0 842.0
1433150478102 1 716.0
1433150480122 0 842.0
1433150478203 1 716.0
1433150480224 0 842.0
1433150478305 1 716.0
1433150478406 1 716.0
1433150480325 0 758.0
1433150478507 1 716.0
1433150480425 0 870.0
1433150478608 1 716.0
1433150480527 0 969.0
1433150480627 0 969.0
1433150480728 0 969.0
1433150478708 1 688.0
1433150478808 1 688.0
1433150478910 1 688.0
1433150480828 0 884.0
1433150480929 0 884.0
1433150479011 1 730.0
1433150481029 0 884.0
1433150479113 1 715.0
1433150481130 0 884.0
1433150479215 1 715.0
1433150479316 1 715.0
1433150481230 0 983.0
1433150481330 0 983.0
1433150479418 1 715.0
1433150481431 0 1306.0
1433150479520 1 715.0
1433150481531 0 1433.0
1433150479622 1 715.0
1433150481632 0 1433.0
1433150479724 1 560.0
1433150481733 0 1433.0
1433150479826 1 560.0
1433150481834 0 1067.0
1433150479928 1 560.0
1433150481938 0 940.0
1433150480030 1 560.0
1433150482038 0 715.0
1433150480131 1 560.0
1433150482139 0 687.0
1433150480232 1 560.0
1433150482240 0 701.0
1433150480332 1 560.0
1433150482341 0 701.0
1433150480434 1 560.0
1433150482442 0 729.0
1433150480536 1 560.0
1433150482544 0 729.0
1433150480638 1 560.0
1433150482644 0 729.0
1433150480738 1 560.0
1433150482746 0 729.0
1433150480838 1 560.0
1433150482847 0 729.0
1433150480939 1 560.0
1433150482948 0 729.0
1433150481039 1 560.0
1433150483048 0 631.0
1433150481141 1 560.0
1433150483149 0 575.0
1433150481242 1 560.0
1433150483248 0 519.0
1433150481344 1 560.0
1433150483349 0 476.0
1433150481444 1 560.0
1433150483449 0 434.0
1433150481545 1 560.0
1433150483549 0 434.0
1433150481646 1 560.0
1433150483650 0 336.0
1433150481747 1 560.0
1433150483750 0 265.0
1433150481848 1 560.0
1433150483850 0 237.0
1433150481950 1 560.0
1433150483951 0 181.0
1433150482052 1 560.0
1433150484051 0 153.0
1433150482153 1 560.0
1433150484151 0 167.0
1433150482255 1 560.0
1433150484256 0 167.0
1433150482355 1 560.0
1433150484356 0 167.0
1433150482456 1 560.0
1433150484456 0 167.0
1433150482558 1 560.0
1433150484557 0 167.0
1433150482660 1 560.0
1433150484658 0 167.0
1433150482762 1 560.0
1433150484759 0 111.0
1433150482864 1 560.0
1433150484861 0 223.0
1433150482966 1 560.0
1433150484960 0 223.0
1433150483068 1 560.0
1433150485061 0 223.0
1433150483170 1 560.0
1433150485162 0 181.0
1433150483272 1 560.0
1433150485264 0 111.0
1433150483375 1 560.0
1433150485366 0 111.0
1433150483475 1 560.0
1433150485469 0 111.0
1433150483577 1 560.0
1433150485571 0 111.0
1433150485672 0 125.0
1433150483677 1 560.0
1433150483778 1 560.0
1433150485773 0 125.0
1433150483880 1 560.0
1433150485874 0 139.0
1433150483982 1 560.0
1433150485975 0 139.0
1433150484083 1 560.0
1433150486077 0 139.0
1433150484185 1 560.0
1433150486179 0 139.0
1433150484286 1 560.0
1433150486280 0 139.0
1433150484388 1 560.0
1433150486382 0 139.0
1433150484490 1 560.0
1433150486484 0 139.0
1433150484591 1 560.0
1433150486587 0 139.0
1433150484692 1 560.0
1433150486688 0 139.0
1433150484794 1 560.0
1433150486789 0 139.0
1433150484896 1 560.0
1433150486890 0 139.0
1433150486992 0 139.0
1433150484996 1 560.0
1433150485097 1 560.0
1433150487094 0 139.0
1433150485199 1 560.0
1433150487196 0 139.0
1433150485301 1 560.0
1433150487298 0 139.0
1433150485403 1 560.0
1433150487398 0 139.0
1433150485505 1 560.0
1433150487499 0 139.0
1433150485606 1 560.0
1433150487601 0 139.0
1433150485707 1 560.0
1433150487703 0 125.0
1433150485809 1 560.0
1433150487805 0 125.0
1433150485910 1 715.0
1433150487907 0 111.0
1433150486012 1 715.0
1433150488009 0 111.0
1433150486113 1 715.0
1433150488111 0 111.0
1433150486215 1 715.0
1433150488212 0 111.0
1433150486316 1 758.0
1433150488313 0 111.0
1433150486418 1 758.0
1433150488414 0 111.0
1433150486518 1 828.0
1433150488517 0 111.0
1433150486618 1 884.0
1433150488619 0 111.0
1433150486718 1 884.0
1433150488721 0 111.0
1433150486820 1 884.0
1433150488822 0 111.0
1433150486922 1 884.0
1433150488922 0 111.0
1433150487024 1 884.0
1433150489023 0 111.0
1433150487126 1 884.0
1433150489126 0 111.0
1433150487228 1 884.0
1433150489227 0 111.0
1433150487329 1 729.0
1433150489329 0 111.0
1433150487431 1 729.0
1433150489430 0 111.0
1433150487533 1 729.0
1433150489531 0 111.0
1433150487637 1 729.0
1433150489632 0 111.0
1433150487736 1 729.0
1433150489734 0 111.0
1433150487837 1 729.0
1433150489834 0 111.0
1433150487938 1 729.0
1433150489935 0 111.0
1433150488038 1 729.0
1433150490036 0 111.0
1433150488140 1 729.0
1433150490138 0 111.0
1433150490238 0 111.0
1433150490338 0 111.0
1433150490439 0 111.0
1433150490540 0 111.0
1433150488240 1 729.0
1433150490642 0 97.0
1433150488342 1 729.0
1433150488441 1 729.0
1433150488542 1 729.0
1433150488642 1 729.0
1433150490743 0 109.0
1433150488743 1 729.0
1433150488844 1 729.0
1433150488946 1 729.0
1433150489047 1 729.0
1433150489149 1 729.0
1433150489250 1 729.0
1433150489352 1 729.0
1433150489453 1 729.0
1433150489556 1 729.0
1433150489657 1 729.0
1433150489759 1 631.0
1433150489858 1 546.0
1433150489959 1 546.0
1433150490060 1 476.0
1433150490161 1 476.0
1433150490842 0 109.0
1433150490943 0 109.0
1433150491043 0 109.0
1433150491144 0 109.0
1433150491245 0 109.0
1433150491346 0 109.0
1433150491446 0 109.0
1433150491547 0 109.0
1433150491648 0 109.0
1433150491750 0 109.0
1433150491851 0 109.0
1433150491953 0 109.0
1433150492055 0 109.0
1433150492158 0 109.0
1433150492260 0 109.0
1433150492361 0 109.0
1433150492463 0 109.0
1433150492563 0 109.0
1433150492664 0 109.0
1433150490262 1 659.0
1433150492766 0 109.0
1433150490363 1 786.0
1433150490463 1 786.0
1433150490564 1 898.0
1433150490665 1 898.0
1433150490766 1 771.0
1433150490867 1 771.0
1433150492867 0 109.0
1433150490968 1 659.0
1433150492969 0 109.0
1433150493069 0 109.0
1433150491069 1 659.0
1433150491171 1 659.0
1433150493170 0 109.0
1433150491272 1 659.0
1433150493271 0 109.0
1433150491372 1 757.0
1433150493371 0 109.0
1433150491474 1 898.0
1433150493473 0 109.0
1433150491576 1 898.0
1433150493575 0 109.0
1433150491676 1 898.0
1433150493677 0 118.0
1433150491777 1 898.0
1433150493777 0 118.0
1433150491879 1 898.0
1433150493878 0 118.0
1433150491981 1 898.0
1433150493978 0 118.0
1433150494079 0 118.0
1433150494180 0 132.0
1433150494280 0 146.0
1433150494382 0 146.0
1433150494483 0 165.0
1433150494584 0 190.0
1433150492082 1 898.0
1433150494685 0 190.0
1433150494785 0 190.0
1433150494887 0 433.0
1433150494988 0 294.0
1433150495089 0 336.0
1433150495190 0 505.0
1433150495291 0 659.0
1433150495393 0 716.0
1433150495494 0 715.0
1433150495594 0 828.0
1433150495694 0 744.0
1433150495796 0 744.0
1433150495897 0 744.0
1433150495998 0 744.0
1433150496098 0 744.0
1433150496198 0 744.0
1433150492182 1 898.0
1433150492284 1 898.0
1433150492384 1 898.0
1433150492486 1 898.0
1433150492587 1 898.0
1433150492689 1 898.0
1433150492791 1 898.0
1433150492891 1 898.0
1433150492992 1 898.0
1433150493092 1 898.0
1433150493193 1 898.0
1433150493295 1 898.0
1433150493397 1 898.0
1433150493498 1 898.0
1433150493600 1 898.0
1433150493702 1 898.0
1433150493803 1 814.0
1433150493904 1 715.0
1433150494004 1 616.0
1433150494105 1 940.0
1433150494207 1 1489.0
1433150494308 1 2600.0
1433150496298 0 926.0
1433150496398 0 1222.0
1433150494408 1 4148.0
1433150494509 1 5020.0
1433150496498 0 1813.0
1433150494610 1 5020.0
1433150496599 0 1967.0
1433150494712 1 5020.0
1433150496700 0 1686.0
1433150494812 1 5020.0
1433150496801 0 1250.0
1433150494914 1 4570.0
1433150496902 0 1137.0
1433150495015 1 4302.0
1433150497003 0 1039.0
1433150495117 1 4302.0
1433150497104 0 870.0
1433150495219 1 4302.0
1433150497205 0 744.0
1433150495321 1 4302.0
1433150497306 0 744.0
1433150495423 1 4302.0
1433150497407 0 856.0
1433150495525 1 4302.0
1433150497508 0 856.0
1433150495626 1 4302.0
1433150497609 0 856.0
1433150495727 1 4302.0
1433150497710 0 856.0
1433150495828 1 4302.0
1433150497810 0 730.0
1433150495930 1 4302.0
1433150497911 0 617.0
1433150496031 1 4021.0
1433150498011 0 617.0
1433150496132 1 4021.0
1433150498111 0 617.0
1433150498212 0 617.0
1433150496234 1 2403.0
1433150496335 1 1236.0
1433150498312 0 420.0
1433150496436 1 321.0
1433150498411 0 420.0
1433150496538 1 195.0
1433150498512 0 420.0
1433150498612 0 307.0
1433150498713 0 377.0
1433150496638 1 202.0
1433150496738 1 208.0
1433150498813 0 377.0
1433150498915 0 377.0
1433150496839 1 97.0
1433150496940 1 53.0
1433150499017 0 377.0
1433150499119 0 434.0
1433150497040 1 47.0
1433150497143 1 59.0
1433150499219 0 518.0
1433150497244 1 95.0
1433150499321 0 518.0
1433150497345 1 120.0
1433150499422 0 799.0
1433150497446 1 135.0
1433150499523 0 631.0
1433150497547 1 135.0
1433150499625 0 631.0
1433150497647 1 162.0
1433150497748 1 162.0
1433150497849 1 179.0
1433150497951 1 179.0
1433150498052 1 179.0
1433150499727 0 631.0
1433150499830 0 631.0
1433150499930 0 631.0
1433150500032 0 631.0
1433150500133 0 673.0
1433150498154 1 179.0
1433150500234 0 532.0
1433150498256 1 179.0
1433150500335 0 659.0
1433150498358 1 179.0
1433150500438 0 659.0
1433150498458 1 179.0
1433150500539 0 645.0
1433150498560 1 167.0
1433150500641 0 560.0
1433150498660 1 184.0
1433150500743 0 504.0
1433150498761 1 334.0
1433150500843 0 406.0
1433150498862 1 195.0
1433150500945 0 406.0
1433150498964 1 223.0
1433150499065 1 223.0
1433150501046 0 462.0
1433150501147 0 406.0
1433150499166 1 659.0
1433150501248 0 336.0
1433150499268 1 378.0
1433150501349 0 266.0
1433150499368 1 575.0
1433150501450 0 167.0
1433150499470 1 814.0
1433150501551 0 139.0
1433150499571 1 814.0
1433150499672 1 744.0
1433150499773 1 870.0
1433150501651 0 125.0
1433150501752 0 125.0
1433150501853 0 125.0
1433150499875 1 1039.0
1433150501953 0 125.0
1433150499975 1 1138.0
1433150502054 0 125.0
1433150500076 1 1138.0
1433150502156 0 125.0
1433150500177 1 1138.0
1433150502258 0 125.0
1433150500278 1 1138.0
1433150502360 0 125.0
1433150500380 1 1138.0
1433150502462 0 125.0
1433150500481 1 1138.0
1433150502564 0 125.0
1433150500585 1 1138.0
1433150502664 0 125.0
1433150500686 1 1138.0
1433150500788 1 1138.0
1433150502764 0 139.0
1433150502865 0 659.0
1433150502964 0 1138.0
1433150500888 1 1138.0
1433150500989 1 1138.0
1433150503064 0 1335.0
1433150501089 1 1138.0
1433150503164 0 1447.0
1433150501190 1 1138.0
1433150503264 0 1827.0
1433150501292 1 1138.0
1433150503364 0 2390.0
1433150501392 1 1138.0
1433150503465 0 3051.0
1433150501493 1 1025.0
1433150503564 0 3473.0
1433150501595 1 1025.0
1433150503664 0 3698.0
1433150501697 1 927.0
1433150503764 0 4064.0
1433150501799 1 927.0
1433150503864 0 4289.0
1433150501900 1 884.0
1433150503964 0 4289.0
1433150504064 0 4289.0
1433150502001 1 884.0
1433150502102 1 884.0
1433150504165 0 4289.0
1433150502203 1 884.0
1433150504266 0 4289.0
1433150502305 1 884.0
1433150504367 0 4289.0
1433150502407 1 884.0
1433150504469 0 4289.0
1433150502509 1 884.0
1433150504570 0 4289.0
1433150502609 1 884.0
1433150504671 0 4289.0
1433150502711 1 884.0
1433150504771 0 4500.0
1433150502813 1 814.0
1433150504872 0 4500.0
1433150502915 1 814.0
1433150504973 0 4500.0
1433150503017 1 814.0
1433150505073 0 4500.0
1433150503117 1 814.0
1433150503219 1 814.0
1433150505173 0 4500.0
1433150503321 1 814.0
1433150505274 0 4500.0
1433150503422 1 814.0
1433150505374 0 4500.0
1433150503522 1 814.0
1433150505474 0 4500.0
1433150503622 1 814.0
1433150505575 0 4500.0
1433150503725 1 814.0
1433150505675 0 4500.0
1433150503826 1 814.0
1433150505775 0 4500.0
1433150505875 0 4500.0
1433150503928 1 814.0
1433150505977 0 4500.0
1433150504030 1 814.0
1433150506078 0 4500.0
1433150504131 1 814.0
1433150506178 0 4500.0
1433150504232 1 814.0
1433150506279 0 4176.0
1433150504334 1 814.0
1433150506379 0 3374.0
1433150504436 1 814.0
1433150506480 0 2502.0
1433150504538 1 899.0
1433150506581 0 2136.0
1433150504638 1 899.0
1433150506681 0 1714.0
1433150504739 1 1025.0
1433150506783 0 1616.0
1433150504839 1 1025.0
1433150506885 0 1475.0
1433150504941 1 1025.0
1433150506986 0 1264.0
1433150505041 1 1025.0
1433150507087 0 1194.0
1433150505143 1 1025.0
1433150507188 0 1039.0
1433150505243 1 1025.0
1433150507288 0 969.0
1433150505345 1 1025.0
1433150507389 0 969.0
1433150505446 1 1025.0
1433150507489 0 969.0
1433150505547 1 1025.0
1433150507590 0 969.0
1433150505648 1 1025.0
1433150507690 0 969.0
1433150505748 1 1025.0
1433150507790 0 969.0
1433150505849 1 1025.0
1433150507890 0 969.0
1433150505951 1 1025.0
1433150507992 0 969.0
1433150506053 1 1025.0
1433150508093 0 969.0
1433150506155 1 1025.0
1433150508194 0 842.0
1433150506256 1 1025.0
1433150508295 0 715.0
1433150506358 1 1025.0
1433150508396 0 589.0
1433150506459 1 1025.0
1433150508497 0 504.0
1433150506561 1 1025.0
1433150508598 0 603.0
1433150506662 1 1025.0
1433150508702 0 687.0
1433150506763 1 1025.0
1433150508802 0 786.0
1433150506864 1 1081.0
1433150508903 0 969.0
1433150506966 1 1081.0
1433150509003 0 1039.0
1433150507068 1 1081.0
1433150509103 0 842.0
1433150507169 1 983.0
1433150509204 0 477.0
1433150507270 1 983.0
1433150509304 0 420.0
1433150507372 1 983.0
1433150509405 0 167.0
1433150507473 1 983.0
1433150509507 0 153.0
1433150507575 1 983.0
1433150509609 0 153.0
1433150507677 1 983.0
1433150509709 0 167.0
1433150507779 1 1067.0
1433150509810 0 153.0
1433150507880 1 1067.0
1433150509911 0 153.0
1433150507981 1 1067.0
1433150510012 0 125.0
1433150508082 1 1067.0
1433150510114 0 125.0
1433150508183 1 1011.0
1433150508284 1 1011.0
1433150510215 0 125.0
1433150508385 1 1011.0
1433150510316 0 125.0
1433150510417 0 125.0
1433150508487 1 1011.0
1433150510517 0 125.0
1433150508589 1 1011.0
1433150510618 0 125.0
1433150508690 1 828.0
1433150510719 0 125.0
1433150508791 1 758.0
1433150510820 0 125.0
1433150508892 1 70.0
1433150510920 0 125.0
1433150508994 1 2.0
1433150511021 0 125.0
1433150509094 1 2.0
1433150511121 0 139.0
1433150509194 1 2.0
1433150511221 0 167.0
1433150509294 1 2.0
1433150511321 0 237.0
1433150509394 1 2.0
1433150511422 0 744.0
1433150509494 1 2.0
1433150511522 0 828.0
1433150509594 1 2.0
1433150511622 0 828.0
1433150509694 1 2.0
1433150511722 0 828.0
