1432847153413 1 2.1930887699127197 0.8906430602073669 9.423578262329102
1432847153613 1 2.1356279850006104 0.8906430602073669 9.41400146484375
1432847153813 1 2.1930887699127197 0.9959878921508789 9.366117477416992
1432847154527 0 -4.197246074676514 1.4121575355529785 9.45361042022705
1432847154727 0 -4.11879301071167 1.5298373699188232 9.45361042022705
1432847154927 0 -3.726526975631714 1.5690639019012451 9.061344146728516
1432847154013 1 2.2026655673980713 1.0438719987869263 9.366117477416992
1432847154213 1 2.298433542251587 1.0055646896362305 9.260771751403809
1432847154414 1 2.1930887699127197 1.0342950820922852 9.299078941345215
1432847155127 0 -4.471832275390625 1.647517204284668 8.865211486816406
1432847155328 0 -4.550285339355469 1.45138418674469 9.100570678710938
1432847155527 0 -4.197246074676514 1.4121575355529785 9.492836952209473
1432847155727 0 -4.550285339355469 1.4906107187271118 9.296704292297363
1432847154614 1 2.1547815799713135 0.9959878921508789 9.41400146484375
1432847154814 1 2.1356279850006104 0.9385270476341248 9.394847869873047
1432847155014 1 2.518700122833252 0.8331822156906128 9.155426979064941
1432847155926 0 -3.608847141265869 1.4121575355529785 9.257477760314941
1432847156128 0 -4.079566478729248 1.45138418674469 9.21825122833252
1432847156328 0 -2.5889556407928467 1.45138418674469 9.92432975769043
1432847155214 1 2.4899697303771973 0.8331822156906128 9.27034854888916
1432847155417 1 2.1739351749420166 0.8906430602073669 9.739612579345703
1432847155617 1 2.3942017555236816 0.6416460275650024 9.605537414550781
1432847156528 0 -5.727083683013916 2.2751426696777344 10.551955223083496
1432847156726 0 -8.551398277282715 4.903325080871582 9.963556289672852
1432847156927 0 -7.688413619995117 6.746974945068359 -0.27458620071411133
1432847155817 1 2.1068975925445557 0.6224924325942993 9.308655738830566
1432847156018 1 2.279279947280884 0.3064578175544739 9.346963882446289
1432847156217 1 2.250549554824829 0.4118026793003082 9.433155059814453
1432847157127 0 19.49561882019043 -7.845319747924805 -5.962442874908447
1432847157329 0 -20.005565643310547 20.005565643310547 12.787871360778809
1432847157529 0 20.005565643310547 -12.31715202331543 -0.47071918845176697
1432847156418 1 2.250549554824829 0.07661445438861847 9.375694274902344
1432847157729 0 -10.277368545532227 10.669634819030762 -5.295590877532959
1432847156618 1 2.212242364883423 0.24899697303771973 9.433155059814453
1432847156818 1 2.145204782485962 0.181959331035614 9.461885452270508
1432847157927 0 -20.005565643310547 16.23981285095215 20.005565643310547
1432847158126 0 -18.985673904418945 -13.846989631652832 8.119906425476074
1432847157017 1 2.183511972427368 0.13407529890537262 9.509769439697266
1432847157218 1 2.0398597717285156 0.05746084079146385 9.452308654785156
1432847157419 1 2.0590133666992188 0.08619125932455063 9.47146224975586
1432847158327 0 4.11879301071167 2.90276837348938 2.432049036026001
1432847158529 0 -7.296147346496582 8.119906425476074 5.256364345550537
1432847158731 0 -4.11879301071167 6.472388744354248 6.080122947692871
1432847157619 1 1.9823989868164062 0.07661445438861847 9.509769439697266
1432847157819 1 2.0015525817871094 0.06703764945268631 9.461885452270508
1432847158019 1 2.0398597717285156 -0.009576806798577309 9.481039047241211
1432847158927 0 -3.3734874725341797 6.3154826164245605 8.94366455078125
1432847159126 0 0.0784531980752945 3.177354574203491 8.669078826904297
1432847159329 0 1.8828767538070679 0.9806649684906006 10.238142013549805
1432847158222 1 2.0398597717285156 0.028730420395731926 9.509769439697266
1432847158427 1 2.0590133666992188 0.028730420395731926 9.53849983215332
1432847158627 1 2.0015525817871094 -0.028730420395731926 9.509769439697266
1432847159526 0 -0.11767979711294174 2.90276837348938 10.63040828704834
1432847159729 0 11.258033752441406 -1.45138418674469 11.101127624511719
1432847159927 0 12.748644828796387 -12.434831619262695 10.238142013549805
1432847158827 1 2.0015525817871094 -0.028730420395731926 9.461885452270508
1432847159027 1 2.0398597717285156 0.038307227194309235 9.47146224975586
1432847159227 1 2.049436569213867 0.06703764945268631 9.53849983215332
1432847160134 0 -20.005565643310547 -13.101683616638184 20.005565643310547
1432847160329 0 16.396718978881836 -11.885659217834473 20.005565643310547
1432847160528 0 12.5917387008667 -12.277925491333008 6.746974945068359
1432847159428 1 1.9823989868164062 -0.028730420395731926 9.461885452270508
1432847159628 1 2.097320795059204 0.028730420395731926 9.557653427124023
1432847159828 1 2.0015525817871094 -0.009576806798577309 9.47146224975586
1432847160028 1 1.9919757843017578 -0.009576806798577309 9.442731857299805
1432847160729 0 -20.005565643310547 -20.005565643310547 15.651412963867188
1432847160928 0 18.593408584594727 -14.553068161010742 20.005565643310547
1432847161129 0 8.629851341247559 -13.415496826171875 4.82487154006958
1432847160227 1 2.097320795059204 0.08619125932455063 9.557653427124023
1432847161330 0 -20.005565643310547 -20.005565643310547 2.471275806427002
1432847161529 0 17.10279655456543 -1.5690639019012451 20.005565643310547
1432847160427 1 2.0207061767578125 0.05746084079146385 9.509769439697266
1432847160627 1 1.944091796875 0.019153613597154617 9.461885452270508
1432847160829 1 1.9632453918457031 0.0 9.423578262329102
1432847161728 0 -3.5303938388824463 -18.593408584594727 0.47071918845176697
1432847161928 0 -3.8049800395965576 -20.005565643310547 -0.9806649684906006
1432847162125 0 16.12213134765625 -0.03922659903764725 13.219364166259766
1432847161029 1 2.0398597717285156 0.0 9.528923034667969
1432847161231 1 1.9823989868164062 -0.009576806798577309 9.490615844726562
1432847161430 1 1.9249382019042969 -0.009576806798577309 9.519346237182617
1432847162333 0 -20.005565643310547 -16.553625106811523 16.318265914916992
1432847162528 0 3.5696206092834473 -16.043678283691406 20.005565643310547
1432847162728 0 -1.3337043523788452 -7.217694282531738 3.0204482078552246
1432847161630 1 1.9057846069335938 0.0 9.519346237182617
1432847161830 1 2.0398597717285156 0.009576806798577309 9.615114212036133
1432847162030 1 1.9632453918457031 0.0 9.519346237182617
1432847162926 0 -20.005565643310547 -13.101683616638184 4.511058807373047
1432847163126 0 20.005565643310547 -9.885103225708008 20.005565643310547
1432847163329 0 -4.275699138641357 -4.158019542694092 2.7066352367401123
1432847163527 0 -15.729866027832031 -20.005565643310547 -7.649186611175537
1432847163728 0 16.043678283691406 5.256364345550537 11.061901092529297
1432847163927 0 -10.277368545532227 -10.865767478942871 2.3143694400787354
1432847162230 1 1.9919757843017578 0.038307227194309235 9.519346237182617
1432847162430 1 1.9536685943603516 0.047884032130241394 9.53849983215332
1432847162631 1 1.9919757843017578 0.028730420395731926 9.528923034667969
1432847162831 1 1.9728221893310547 0.019153613597154617 9.47146224975586
1432847163031 1 1.9919757843017578 0.028730420395731926 9.567230224609375
1432847163231 1 1.9632453918457031 0.0 9.47146224975586
1432847164126 0 20.005565643310547 -20.005565643310547 20.005565643310547
1432847164326 0 9.296704292297363 2.079009771347046 6.982334613800049
1432847164528 0 -20.005565643310547 -13.53317642211914 4.589511871337891
1432847163431 1 1.9249382019042969 0.07661445438861847 9.433155059814453
1432847163632 1 1.9536685943603516 0.019153613597154617 9.490615844726562
1432847163832 1 1.9728221893310547 -0.019153613597154617 9.47146224975586
1432847164729 0 4.628738880157471 -4.393379211425781 19.730979919433594
1432847164929 0 -4.550285339355469 -4.785645008087158 2.824315071105957
1432847165127 0 -4.864098072052002 -20.005565643310547 -2.000556468963623
1432847165330 0 0.8629851937294006 0.8629851937294006 3.687300205230713
1432847164032 1 1.9919757843017578 -0.05746084079146385 9.394847869873047
1432847164232 1 1.9823989868164062 0.019153613597154617 9.452308654785156
1432847164432 1 1.9823989868164062 0.038307227194309235 9.500192642211914
1432847165529 0 9.92432975769043 -0.9806649684906006 8.23758602142334
1432847165729 0 1.4121575355529785 -1.1767979860305786 12.984004020690918
1432847165928 0 1.019891619682312 1.0591181516647339 10.277368545532227
1432847164633 1 1.9536685943603516 0.019153613597154617 9.500192642211914
1432847164833 1 1.9153614044189453 0.019153613597154617 9.509769439697266
1432847165033 1 2.0590133666992188 -0.19153612852096558 8.65743350982666
1432847165234 1 4.548983097076416 0.9576807022094727 10.20887565612793
1432847166127 0 2.2751426696777344 0.0784531980752945 9.806650161743164
1432847166329 0 2.90276837348938 -0.156906396150589 10.277368545532227
1432847166529 0 1.6867437362670898 1.2944778203964233 10.591181755065918
1432847165434 1 4.692635536193848 -0.7757213711738586 8.33182144165039
1432847165635 1 12.919112205505371 1.4652514457702637 3.9647979736328125
1432847165835 1 3.801992416381836 -2.1356279850006104 -7.182605266571045
1432847166729 0 1.7651969194412231 0.7453053593635559 9.963556289672852
1432847166927 0 2.000556468963623 0.7845319509506226 10.395049095153809
1432847167127 0 1.2160245180130005 1.3337043523788452 10.43427562713623
1432847166035 1 1.3886369466781616 0.5363011956214905 -6.943184852600098
1432847167329 0 1.7259703874588013 1.0983448028564453 10.395049095153809
1432847167529 0 1.3729310035705566 0.9806649684906006 10.120462417602539
1432847167727 0 1.7651969194412231 1.0591181516647339 9.963556289672852
1432847166235 1 -0.31603461503982544 -0.3734954595565796 -9.883264541625977
1432847166435 1 0.43095630407333374 -1.7334020137786865 -9.337387084960938
1432847167927 0 1.647517204284668 0.9806649684906006 10.277368545532227
1432847166635 1 3.88818359375 -0.5267243981361389 -11.683704376220703
1432847166834 1 5.640739440917969 0.689530074596405 -0.24899697303771973
1432847168125 0 1.6082905530929565 1.1767979860305786 10.355822563171387
1432847168329 0 1.45138418674469 1.2160245180130005 10.395049095153809
1432847167035 1 4.663905143737793 2.403778553009033 8.236053466796875
1432847167235 1 8.676587104797363 -2.5282769203186035 13.66610336303711
1432847168528 0 1.9613299369812012 2.510502338409424 9.45361042022705
1432847167435 1 5.295974254608154 -8.092401504516602 7.15387487411499
1432847167635 1 -11.166556358337402 -12.660538673400879 4.750096321105957
1432847168727 0 2.5497288703918457 3.177354574203491 9.963556289672852
1432847168927 0 1.3337043523788452 2.432049036026001 8.786758422851562
1432847167835 1 0.2106897532939911 -14.930241584777832 10.017339706420898
1432847169127 0 1.2160245180130005 2.1182363033294678 9.728196144104004
1432847169329 0 -1.5298373699188232 2.1182363033294678 11.493393898010254
1432847169526 0 -0.19613298773765564 2.2359161376953125 9.845876693725586
1432847168035 1 13.350069046020508 -9.279925346374512 11.262324333190918
1432847168235 1 -3.5913026332855225 -13.48414421081543 1.9153614044189453
1432847169727 0 -0.0784531980752945 2.5889556407928467 10.238142013549805
1432847168435 1 3.9839515686035156 -16.53914451599121 7.795520782470703
1432847168636 1 5.889736175537109 1.7717092037200928 6.560112476348877
1432847169928 0 0.47071918845176697 2.6674087047576904 10.081235885620117
1432847170127 0 4.511058807373047 1.1375713348388672 11.924885749816895
1432847168837 1 6.01423454284668 3.754108190536499 7.46033239364624
1432847170327 0 1.3729310035705566 1.5298373699188232 6.550841808319092
1432847169036 1 10.754754066467285 -3.552995204925537 9.720458984375
1432847169236 1 -10.687716484069824 -8.571242332458496 4.175487995147705
1432847170528 0 -5.530950546264648 1.8828767538070679 9.806650161743164
1432847170728 0 0.7060787677764893 -0.47071918845176697 6.943108081817627
1432847169436 1 -0.6320692300796509 -3.840299606323242 0.35434186458587646
1432847169636 1 3.1220390796661377 -8.178592681884766 3.0837318897247314
1432847170928 0 -1.8044235706329346 0.27458620071411133 11.571846961975098
1432847171128 0 0.7845319509506226 0.23535959422588348 10.551955223083496
1432847169836 1 -13.867216110229492 -9.921571731567383 3.246537446975708
1432847171329 0 0.5491724014282227 0.23535959422588348 10.473502159118652
1432847170036 1 5.899312973022461 -9.624691009521484 14.049175262451172
1432847170236 1 -4.568136692047119 -16.989255905151367 -7.833827972412109
1432847171529 0 0.5883989930152893 0.35303938388824463 10.512728691101074
1432847171729 0 0.3922659754753113 0.156906396150589 10.316595077514648
1432847170436 1 -1.4939818382263184 -11.195286750793457 0.05746084079146385
1432847171927 0 0.6668521761894226 0.35303938388824463 10.63040828704834
1432847170636 1 -2.7676970958709717 -7.948749542236328 10.764330863952637
1432847170838 1 0.7757213711738586 3.141192674636841 8.523358345031738
1432847172126 0 0.509945809841156 0.35303938388824463 10.669634819030762
1432847172328 0 0.4314925968647003 0.313812792301178 10.316595077514648
1432847171038 1 0.6224924325942993 4.089296340942383 6.809109687805176
1432847172529 0 0.5491724014282227 0.27458620071411133 10.512728691101074
1432847171239 1 13.627796173095703 -6.722918510437012 9.854534149169922
1432847171437 1 -6.847416877746582 -16.328454971313477 5.324704647064209
1432847172729 0 0.6668521761894226 0.19613298773765564 10.512728691101074
1432847172927 0 0.5491724014282227 0.3922659754753113 10.591181755065918
1432847173126 0 0.509945809841156 0.313812792301178 10.551955223083496
1432847171637 1 1.7525556087493896 -18.732234954833984 12.009315490722656
1432847171839 1 15.093047142028809 -13.503297805786133 14.451401710510254
1432847173328 0 0.3922659754753113 0.0784531980752945 10.395049095153809
1432847172039 1 2.691082715988159 -18.023550033569336 3.19865345954895
1432847172238 1 -5.880159378051758 -17.73624610900879 3.88818359375
1432847173527 0 0.5883989930152893 0.3922659754753113 10.708861351013184
1432847173728 0 0.4314925968647003 0.0784531980752945 10.355822563171387
1432847172440 1 7.910442352294922 -4.357447147369385 6.358999729156494
1432847173927 0 0.509945809841156 0.35303938388824463 10.591181755065918
1432847172640 1 6.01423454284668 3.7253777980804443 3.093308687210083
1432847172840 1 4.520252704620361 5.937620162963867 1.9153614044189453
1432847174127 0 0.5491724014282227 0.23535959422588348 10.591181755065918
1432847174329 0 0.5491724014282227 0.27458620071411133 10.473502159118652
1432847173040 1 4.3861775398254395 2.5665841102600098 6.981492042541504
1432847174526 0 0.4314925968647003 0.27458620071411133 10.512728691101074
1432847173240 1 8.83939266204834 3.4380736351013184 6.023811340332031
1432847173441 1 14.077905654907227 1.139639973640442 9.040505409240723
1432847174726 0 0.5883989930152893 0.156906396150589 10.591181755065918
1432847174928 0 0.509945809841156 0.35303938388824463 10.355822563171387
1432847173639 1 -3.821146011352539 -13.694833755493164 5.066130638122559
1432847175125 0 0.6668521761894226 0.35303938388824463 10.551955223083496
1432847173839 1 5.257667064666748 -4.730942726135254 6.914454460144043
1432847174039 1 6.205770969390869 -15.830461502075195 8.226476669311523
1432847175328 0 0.509945809841156 0.11767979711294174 10.512728691101074
1432847175527 0 -0.19613298773765564 1.2160245180130005 10.238142013549805
1432847174239 1 -7.718906402587891 -15.868768692016602 -4.932055473327637
1432847174439 1 -6.809109687805176 -12.36365795135498 3.6966474056243896
1432847175727 0 0.19613298773765564 0.03922659903764725 10.238142013549805
1432847175927 0 0.509945809841156 -0.03922659903764725 10.198915481567383
1432847174640 1 -6.57926607131958 -10.60152530670166 8.71489429473877
1432847176126 0 0.509945809841156 0.03922659903764725 10.316595077514648
1432847174840 1 -6.521805286407471 -5.621585369110107 12.085929870605469
1432847175040 1 -6.512228488922119 -7.134721279144287 3.1890766620635986
1432847176327 0 0.23535959422588348 -0.11767979711294174 10.002782821655273
1432847176527 0 0.0784531980752945 0.4314925968647003 10.042009353637695
1432847175240 1 4.63517427444458 -14.595053672790527 -4.395754337310791
1432847176727 0 0.27458620071411133 0.4314925968647003 10.708861351013184
1432847175440 1 6.042964935302734 -15.811307907104492 3.7924153804779053
1432847175640 1 5.1810526847839355 -1.4173674583435059 0.8044517636299133
1432847176929 0 0.9022117853164673 0.156906396150589 10.865767478942871
1432847177127 0 1.019891619682312 0.3922659754753113 10.90499496459961
1432847175840 1 -10.5344877243042 -15.006855964660645 -7.067683219909668
1432847177329 0 0.19613298773765564 -0.23535959422588348 10.316595077514648
1432847176040 1 -7.51779317855835 -11.961431503295898 -6.646304130554199
1432847176240 1 -6.45476770401001 -6.320692539215088 3.7924153804779053
1432847177526 0 0.19613298773765564 0.47071918845176697 10.277368545532227
1432847177727 0 0.4314925968647003 0.35303938388824463 10.748087882995605
1432847176441 1 3.2752678394317627 -13.97256088256836 8.322244644165039
1432847177927 0 1.1767979860305786 0.0784531980752945 10.708861351013184
1432847178126 0 0.19613298773765564 -0.19613298773765564 10.198915481567383
1432847176641 1 -3.6774938106536865 -3.0166940689086914 4.481945514678955
1432847176841 1 -5.803544998168945 -8.14028549194336 -6.665457725524902
1432847178329 0 0.35303938388824463 0.4314925968647003 10.277368545532227
1432847177041 1 -6.3302693367004395 -2.719813108444214 4.395754337310791
1432847178528 0 0.5491724014282227 0.19613298773765564 10.669634819030762
1432847178729 0 0.627625584602356 0.35303938388824463 10.551955223083496
1432847177241 1 4.663905143737793 -7.163451671600342 9.14585018157959
1432847177441 1 6.052541732788086 1.647210717201233 10.467450141906738
1432847178926 0 0.23535959422588348 0.27458620071411133 10.551955223083496
1432847177641 1 5.985504150390625 0.9576807022094727 1.9823989868164062
1432847179133 0 0.6668521761894226 0.156906396150589 10.63040828704834
1432847179327 0 0.7845319509506226 0.4314925968647003 10.669634819030762
1432847177841 1 -2.212242364883423 -2.786850690841675 -2.9496564865112305
1432847178041 1 -7.249642848968506 -5.640739440917969 -3.7924153804779053
1432847178241 1 -6.694188117980957 -11.061211585998535 -8.418013572692871
1432847178445 1 -6.550535678863525 -13.311761856079102 -10.898406028747559
1432847178642 1 -6.521805286407471 -9.481039047241211 -4.357447147369385
1432847178843 1 1.8387469053268433 -6.694188117980957 -3.112462282180786
1432847179042 1 5.343858242034912 -3.533841609954834 -3.706224203109741
1432847179242 1 6.224924564361572 -12.200851440429688 8.389283180236816
1432847179529 0 0.823758602142334 0.0784531980752945 10.669634819030762
1432847179729 0 0.7845319509506226 -0.0 10.277368545532227
1432847179927 0 0.7845319509506226 0.156906396150589 10.669634819030762
1432847180128 0 0.627625584602356 -0.03922659903764725 10.512728691101074
1432847180328 0 0.627625584602356 -0.3922659754753113 10.355822563171387
1432847180526 0 0.7453053593635559 0.27458620071411133 10.63040828704834
1432847179442 1 -9.873687744140625 -15.026009559631348 -1.292868971824646
1432847179642 1 -12.287043571472168 -2.585737943649292 -6.809109687805176
1432847179843 1 -9.308655738830566 -6.742072105407715 2.097320795059204
1432847180727 0 0.313812792301178 0.35303938388824463 10.591181755065918
1432847180927 0 0.3922659754753113 0.7845319509506226 10.551955223083496
1432847181135 0 0.4314925968647003 0.5883989930152893 10.669634819030762
1432847180043 1 -0.727837324142456 -5.602431774139404 6.5696892738342285
1432847180243 1 4.692635536193848 -3.1220390796661377 2.250549554824829
1432847180443 1 6.0621185302734375 -13.072340965270996 -5.564124584197998
1432847181328 0 0.27458620071411133 0.03922659903764725 10.277368545532227
1432847181525 0 0.7453053593635559 -0.0784531980752945 10.43427562713623
1432847181727 0 0.47071918845176697 0.11767979711294174 10.669634819030762
1432847181928 0 0.7845319509506226 0.0784531980752945 10.591181755065918
1432847182127 0 0.23535959422588348 0.19613298773765564 10.316595077514648
1432847182329 0 0.627625584602356 0.11767979711294174 10.512728691101074
1432847180643 1 -6.464344501495361 -4.194641590118408 3.6296098232269287
1432847180843 1 -2.8347349166870117 -6.5696892738342285 3.5721490383148193
1432847181044 1 2.1739351749420166 -4.443638324737549 -4.347870349884033
1432847181243 1 5.430049419403076 -10.457873344421387 10.228029251098633
1432847181443 1 6.244078159332275 -15.217546463012695 10.65898609161377
1432847181644 1 7.058106422424316 -13.991714477539062 0.45010992884635925
1432847182526 0 0.7060787677764893 -0.11767979711294174 10.473502159118652
1432847182728 0 0.509945809841156 -0.156906396150589 10.473502159118652
1432847182928 0 0.47071918845176697 0.23535959422588348 10.395049095153809
1432847183128 0 0.27458620071411133 0.27458620071411133 10.591181755065918
1432847183328 0 0.19613298773765564 0.19613298773765564 10.43427562713623
1432847183527 0 0.7845319509506226 0.19613298773765564 10.669634819030762
1432847181848 1 -8.561665534973145 -10.314221382141113 -4.32871675491333
1432847182044 1 -7.01979923248291 -2.250549554824829 -2.671929121017456
