1432904651089 0 534.0
1432904650358 1 210.0
1432904650515 1 98.0
1432904650672 1 91.0
1432904651349 0 196.0
1432904650881 1 467.0
1432904651557 0 295.0
1432904651038 1 491.0
1432904651713 0 14.0
1432904651920 0 2.0
1432904654491 1 98.0
1432904655143 0 437.0
1432904655299 0 576.0
1432904654648 1 149.0
1432904654806 1 360.0
1432904654962 1 154.0
1432904655119 1 70.0
1432904655276 1 5.0
1432904655747 1 5.0
1432904661382 0 56.0
1432904661538 0 502.0
1432904661693 0 84.0
1432904661849 0 184.0
1432904662006 0 63.0
1432904662162 0 314.0
1432904662317 0 407.0
1432904662473 0 98.0
1432904662629 0 564.0
1432904662786 0 534.0
1432904662941 0 182.0
1432904663097 0 56.0
1432904663253 0 59.0
1432904663409 0 539.0
1432904663565 0 520.0
1432904663721 0 126.0
1432904663125 1 5.0
1432904663877 0 590.0
1432904664085 0 435.0
1432904664241 0 590.0
1432904666164 0 449.0
1432904666320 0 252.0
1432904666580 0 435.0
1432904666736 0 646.0
1432904666892 0 773.0
1432904667100 0 857.0
1432904667672 0 885.0
1432904670894 0 702.0
1432904671102 0 534.0
1432904671258 0 421.0
1432904671414 0 337.0
1432904671778 0 491.0
1432904671934 0 576.0
1432904671497 1 231.0
1432904671655 1 491.0
1432904676993 1 520.0
