1436869352535 0 -0.08619125932455063 0.06703764945268631 9.691728591918945
1436869352637 0 -0.028730420395731926 0.07661445438861847 9.605537414550781
1436869352738 0 -0.047884032130241394 0.1149216815829277 9.672574996948242
1436869352837 0 -0.06703764945268631 0.06703764945268631 9.634267807006836
1436869352938 0 -0.12449848651885986 0.06703764945268631 9.634267807006836
1436869353038 0 -0.047884032130241394 0.09576806426048279 9.66299819946289
1436869353138 0 -0.019153613597154617 0.07661445438861847 9.643844604492188
1436869353238 0 -0.047884032130241394 0.08619125932455063 9.624691009521484
1436869353338 0 -0.05746084079146385 0.05746084079146385 9.605537414550781
1436869353438 0 -0.047884032130241394 0.05746084079146385 9.672574996948242
1436869353538 0 -0.05746084079146385 0.038307227194309235 9.643844604492188
1436869353638 0 -0.019153613597154617 0.08619125932455063 9.643844604492188
1436869353739 0 -0.019153613597154617 0.07661445438861847 9.615114212036133
1436869353839 0 -0.06703764945268631 0.10534487664699554 9.653421401977539
1436869353939 0 -0.038307227194309235 0.10534487664699554 9.624691009521484
1436869354039 0 -0.038307227194309235 0.09576806426048279 9.672574996948242
1436869354140 0 -0.06703764945268631 0.06703764945268631 9.586383819580078
1436869354240 0 -0.05746084079146385 0.07661445438861847 9.682151794433594
1436869354340 0 -0.13407529890537262 0.08619125932455063 9.634267807006836
1436869354440 0 -0.028730420395731926 0.08619125932455063 9.643844604492188
1436869354540 0 -0.07661445438861847 0.08619125932455063 9.672574996948242
1436869354640 0 -0.12449848651885986 0.06703764945268631 9.624691009521484
1436869354740 0 -0.019153613597154617 0.10534487664699554 9.682151794433594
1436869354840 0 -0.047884032130241394 0.12449848651885986 9.66299819946289
1436869354941 0 -0.06703764945268631 0.08619125932455063 9.615114212036133
1436869355042 0 0.0 0.1149216815829277 9.634267807006836
1436869355142 0 -0.038307227194309235 0.08619125932455063 9.672574996948242
1436869355243 0 -0.1149216815829277 0.09576806426048279 9.634267807006836
1436869355344 0 -0.047884032130241394 0.06703764945268631 9.691728591918945
1436869355445 0 -0.09576806426048279 0.1149216815829277 9.59596061706543
1436869355546 0 -0.08619125932455063 0.06703764945268631 9.653421401977539
1436869355646 0 -0.047884032130241394 0.1149216815829277 9.576807022094727
1436869355746 0 -0.019153613597154617 0.019153613597154617 9.672574996948242
1436869355846 0 -0.06703764945268631 0.047884032130241394 9.66299819946289
1436869355946 0 -0.019153613597154617 0.07661445438861847 9.643844604492188
1436869356047 0 -0.06703764945268631 0.05746084079146385 9.634267807006836
1436869356146 0 -0.07661445438861847 0.1149216815829277 9.634267807006836
1436869356246 0 -0.038307227194309235 0.09576806426048279 9.682151794433594
1436869356346 0 -0.047884032130241394 0.09576806426048279 9.672574996948242
1436869356446 0 -0.038307227194309235 0.047884032130241394 9.643844604492188
1436869356546 0 -0.047884032130241394 0.06703764945268631 9.59596061706543
1436869356646 0 -0.038307227194309235 0.09576806426048279 9.672574996948242
1436869356746 0 -0.05746084079146385 0.08619125932455063 9.66299819946289
1436869356846 0 -0.009576806798577309 0.07661445438861847 9.672574996948242
1436869356946 0 -0.038307227194309235 0.08619125932455063 9.605537414550781
1436869357046 0 -0.019153613597154617 0.047884032130241394 9.66299819946289
1436869357146 0 -0.028730420395731926 0.08619125932455063 9.643844604492188
1436869357247 0 0.0 0.13407529890537262 9.66299819946289
1436869357348 0 -0.06703764945268631 0.09576806426048279 9.634267807006836
1436869357449 0 0.3926490843296051 0.19153612852096558 10.591948509216309
1436869357548 0 0.22026655077934265 0.10534487664699554 9.720458984375
1436869357648 0 -0.019153613597154617 0.038307227194309235 9.519346237182617
1436869357748 0 -0.05746084079146385 0.06703764945268631 9.77791976928711
1436869357848 0 -0.05746084079146385 0.14365209639072418 9.643844604492188
1436869357948 0 -0.05746084079146385 0.05746084079146385 9.59596061706543
1436869358049 0 -0.047884032130241394 0.05746084079146385 9.710882186889648
1436869358149 0 -0.028730420395731926 0.038307227194309235 9.672574996948242
1436869358249 0 -0.028730420395731926 0.05746084079146385 9.643844604492188
1436869358350 0 -0.047884032130241394 0.06703764945268631 9.643844604492188
1436869358449 0 -0.07661445438861847 0.09576806426048279 9.672574996948242
1436869358549 0 -0.05746084079146385 0.08619125932455063 9.634267807006836
1436869358650 0 -0.05746084079146385 0.07661445438861847 9.682151794433594
1436869358750 0 -0.08619125932455063 0.07661445438861847 9.672574996948242
1436869358850 0 -0.019153613597154617 0.07661445438861847 9.66299819946289
1436869358950 0 -0.07661445438861847 0.12449848651885986 9.730035781860352
1436869359054 0 -0.05746084079146385 0.1149216815829277 9.653421401977539
1436869359154 0 0.028730420395731926 0.009576806798577309 9.002198219299316
1436869359255 0 -0.009576806798577309 0.05746084079146385 9.327810287475586
1436869359555 0 -0.038307227194309235 0.08619125932455063 9.710882186889648
1436869359655 0 -0.08619125932455063 0.1628057211637497 9.624691009521484
1436869359855 0 -0.08619125932455063 0.12449848651885986 9.59596061706543
1436869364016 1 -0.6607996821403503 -0.23942017555236816 6.914454460144043
1436869364116 1 -0.028730420395731926 0.08619125932455063 9.14585018157959
1436869364216 1 -0.019153613597154617 0.06703764945268631 9.557653427124023
1436869364317 1 -0.05746084079146385 0.08619125932455063 9.739612579345703
1436869364417 1 -0.038307227194309235 0.08619125932455063 9.615114212036133
1436869364517 1 -0.019153613597154617 0.06703764945268631 9.653421401977539
1436869364618 1 -0.038307227194309235 0.07661445438861847 9.634267807006836
1436869364718 1 -0.038307227194309235 0.10534487664699554 9.634267807006836
1436869364818 1 -0.028730420395731926 0.12449848651885986 9.691728591918945
1436869364919 1 -0.10534487664699554 0.10534487664699554 9.653421401977539
1436869365018 1 -0.10534487664699554 0.05746084079146385 9.672574996948242
1436869365119 1 -0.13407529890537262 0.10534487664699554 9.66299819946289
1436869365219 1 -0.07661445438861847 0.08619125932455063 9.653421401977539
1436869365319 1 -0.12449848651885986 0.07661445438861847 9.615114212036133
1436869365419 1 -0.10534487664699554 0.07661445438861847 9.653421401977539
1436869365520 1 -0.047884032130241394 0.05746084079146385 9.682151794433594
1436869365620 1 -0.05746084079146385 0.12449848651885986 9.605537414550781
1436869365721 1 -0.047884032130241394 0.09576806426048279 9.634267807006836
1436869365821 1 -0.09576806426048279 0.08619125932455063 9.672574996948242
1436869365921 1 -0.05746084079146385 0.06703764945268631 9.653421401977539
1436869366021 1 -0.10534487664699554 0.05746084079146385 9.643844604492188
1436869366121 1 -0.038307227194309235 0.07661445438861847 9.643844604492188
1436869366222 1 -0.09576806426048279 0.09576806426048279 9.682151794433594
1436869366322 1 -0.09576806426048279 0.07661445438861847 9.672574996948242
1436869366422 1 -0.05746084079146385 0.08619125932455063 9.624691009521484
1436869366523 1 -0.05746084079146385 0.07661445438861847 9.691728591918945
1436869366624 1 -0.07661445438861847 0.05746084079146385 9.59596061706543
1436869366724 1 -0.07661445438861847 0.08619125932455063 9.691728591918945
1436869366824 1 -0.06703764945268631 0.07661445438861847 9.586383819580078
1436869366924 1 -0.06703764945268631 0.08619125932455063 9.701305389404297
1436869367025 1 -0.1149216815829277 0.10534487664699554 9.634267807006836
1436869367125 1 -0.05746084079146385 0.08619125932455063 9.653421401977539
1436869367226 1 -0.05746084079146385 0.1149216815829277 9.66299819946289
1436869367326 1 -0.05746084079146385 0.08619125932455063 9.634267807006836
1436869367426 1 -0.05746084079146385 0.038307227194309235 9.624691009521484
1436869367526 1 -0.09576806426048279 0.12449848651885986 9.66299819946289
1436869367626 1 -0.047884032130241394 0.08619125932455063 9.634267807006836
1436869367726 1 -0.038307227194309235 0.08619125932455063 9.691728591918945
1436869367827 1 -0.028730420395731926 0.09576806426048279 9.653421401977539
1436869367928 1 -0.07661445438861847 0.07661445438861847 9.634267807006836
1436869368028 1 0.0 0.07661445438861847 9.634267807006836
1436869368129 1 -0.09576806426048279 0.08619125932455063 9.634267807006836
1436869368230 1 -0.09576806426048279 0.09576806426048279 9.701305389404297
1436869368330 1 -0.05746084079146385 0.09576806426048279 9.634267807006836
1436869368430 1 -0.028730420395731926 0.047884032130241394 9.691728591918945
1436869368531 1 -0.08619125932455063 0.08619125932455063 9.66299819946289
1436869368632 1 -0.047884032130241394 0.10534487664699554 9.672574996948242
1436869368732 1 -0.07661445438861847 0.10534487664699554 9.615114212036133
1436869368832 1 -0.009576806798577309 0.07661445438861847 9.720458984375
1436869368933 1 -0.08619125932455063 0.07661445438861847 9.66299819946289
1436869369034 1 -0.038307227194309235 0.08619125932455063 9.615114212036133
1436869369134 1 -0.06703764945268631 0.10534487664699554 9.691728591918945
1436869369234 1 -0.047884032130241394 0.07661445438861847 9.643844604492188
1436869369334 1 -0.1149216815829277 0.08619125932455063 9.643844604492188
1436869369434 1 -0.047884032130241394 0.10534487664699554 9.682151794433594
1436869369534 1 -0.047884032130241394 0.12449848651885986 9.653421401977539
1436869369635 1 -0.08619125932455063 0.10534487664699554 9.615114212036133
1436869369735 1 -0.05746084079146385 0.09576806426048279 9.643844604492188
1436869369835 1 -0.028730420395731926 0.07661445438861847 9.66299819946289
1436869369936 1 -0.07661445438861847 0.15322890877723694 9.701305389404297
1436869370035 1 -0.047884032130241394 0.08619125932455063 9.66299819946289
1436869370135 1 -0.038307227194309235 0.08619125932455063 9.672574996948242
1436869370235 1 -0.05746084079146385 0.14365209639072418 9.66299819946289
1436869370335 1 -0.09576806426048279 0.07661445438861847 9.672574996948242
1436869370435 1 -0.06703764945268631 0.07661445438861847 9.66299819946289
1436869370535 1 -0.06703764945268631 0.05746084079146385 9.605537414550781
1436869370635 1 -0.09576806426048279 0.06703764945268631 9.672574996948242
1436869370735 1 -0.05746084079146385 0.09576806426048279 9.66299819946289
1436869370835 1 -0.05746084079146385 0.07661445438861847 9.634267807006836
1436869370935 1 -0.07661445438861847 0.09576806426048279 9.682151794433594
1436869371035 1 -0.05746084079146385 0.07661445438861847 9.653421401977539
1436869371135 1 -0.07661445438861847 0.08619125932455063 9.653421401977539
1436869371235 1 -0.06703764945268631 0.06703764945268631 9.720458984375
1436869371335 1 -0.028730420395731926 0.09576806426048279 9.643844604492188
1436869371436 1 -0.05746084079146385 0.06703764945268631 9.691728591918945
1436869371537 1 -0.038307227194309235 0.09576806426048279 9.624691009521484
1436869371637 1 -0.05746084079146385 0.09576806426048279 9.720458984375
1436869371737 1 -0.07661445438861847 0.09576806426048279 9.701305389404297
1436869371837 1 -0.019153613597154617 0.10534487664699554 9.653421401977539
1436869371938 1 -0.05746084079146385 0.08619125932455063 9.691728591918945
1436869372037 1 -0.06703764945268631 0.1149216815829277 9.586383819580078
1436869372138 1 -0.038307227194309235 0.06703764945268631 9.643844604492188
1436869372238 1 -0.038307227194309235 0.08619125932455063 9.634267807006836
