1433024690442 1 20.0
1433024690543 1 20.0
1433024690644 1 20.0
1433024690746 1 20.0
1433024690848 1 20.0
1433024690949 1 20.0
1433024690568 0 11.0
1433024690668 0 11.0
1433024690768 0 13.0
1433024690868 0 12.0
1433024691049 1 20.0
1433024691151 1 20.0
1433024691252 1 20.0
1433024690968 0 25.0
1433024691068 0 6400.0
1433024691169 0 10509.0
1433024691269 0 9468.0
1433024691370 0 5472.0
1433024691353 1 20.0
1433024691455 1 20.0
1433024691556 1 20.0
1433024691470 0 3840.0
1433024691571 0 3502.0
1433024691671 0 4571.0
1433024691657 1 20.0
1433024691758 1 20.0
1433024691858 1 20.0
1433024691958 1 20.0
1433024692061 1 20.0
1433024692163 1 20.0
1433024691772 0 5443.0
1433024691872 0 5443.0
1433024691973 0 5443.0
1433024692073 0 5851.0
1433024692173 0 5851.0
1433024692265 1 20.0
1433024692273 0 5851.0
1433024692367 1 20.0
1433024692373 0 5302.0
1433024692467 1 20.0
1433024692473 0 4979.0
1433024692573 0 4979.0
1433024692673 0 4979.0
1433024692568 1 20.0
1433024692669 1 20.0
1433024692770 1 20.0
1433024692773 0 4529.0
1433024692873 0 3895.0
1433024692974 0 3895.0
1433024692871 1 20.0
1433024692972 1 20.0
1433024693073 1 20.0
1433024693175 1 20.0
1433024693276 1 20.0
1433024693377 1 20.0
1433024693075 0 3670.0
1433024693175 0 3670.0
1433024693275 0 3403.0
1433024693376 0 3122.0
1433024693476 0 3122.0
1433024693576 0 2812.0
1433024693479 1 20.0
1433024693579 1 20.0
1433024693680 1 20.0
1433024693676 0 2812.0
1433024693777 0 2629.0
1433024693878 0 2629.0
1433024693781 1 20.0
1433024693882 1 20.0
1433024693983 1 20.0
1433024693978 0 2404.0
1433024694079 0 2249.0
1433024694179 0 2081.0
1433024694084 1 20.0
1433024694186 1 20.0
1433024694287 1 20.0
1433024694389 1 20.0
1433024694490 1 20.0
1433024694591 1 20.0
1433024694692 1 20.0
1433024694280 0 1884.0
1433024694380 0 1771.0
1433024694480 0 1771.0
1433024694580 0 1771.0
1433024694681 0 1602.0
1433024694781 0 1518.0
1433024694882 0 1518.0
1433024694982 0 1405.0
1433024695083 0 1405.0
1433024695183 0 1405.0
1433024695284 0 1279.0
1433024695384 0 1279.0
1433024695485 0 1279.0
1433024695585 0 1279.0
1433024695685 0 1279.0
1433024695785 0 1419.0
1433024695885 0 1419.0
1433024695986 0 1419.0
1433024696086 0 1419.0
1433024696186 0 1419.0
1433024696286 0 1250.0
1433024694793 1 20.0
1433024694894 1 20.0
1433024694996 1 20.0
1433024695097 1 20.0
1433024695198 1 20.0
1433024695299 1 20.0
1433024695400 1 20.0
1433024695502 1 20.0
1433024695604 1 20.0
1433024695704 1 20.0
1433024695807 1 20.0
1433024695909 1 20.0
1433024696009 1 20.0
1433024696109 1 20.0
1433024696210 1 20.0
1433024696310 1 20.0
1433024696410 1 20.0
1433024696387 0 1250.0
1433024696487 0 1138.0
1433024696587 0 1138.0
1433024696688 0 1138.0
1433024696788 0 1138.0
1433024696510 1 20.0
1433024696610 1 20.0
1433024696711 1 20.0
1433024696811 1 20.0
1433024696912 1 20.0
1433024697013 1 20.0
1433024696888 0 1138.0
1433024696988 0 1138.0
1433024697089 0 1138.0
1433024697189 0 1138.0
1433024697290 0 1138.0
1433024697390 0 1138.0
1433024697491 0 1068.0
1433024697113 1 20.0
1433024697215 1 20.0
1433024697316 1 20.0
1433024697418 1 20.0
1433024697518 1 20.0
1433024697620 1 20.0
1433024697592 0 1166.0
1433024697692 0 1166.0
1433024697792 0 1082.0
1433024697893 0 1926.0
1433024697993 0 8286.0
1433024698094 0 1448.0
1433024697721 1 20.0
1433024697822 1 20.0
1433024697923 1 20.0
1433024698025 1 20.0
1433024698126 1 20.0
1433024698226 1 20.0
1433024698194 0 11.0
1433024698295 0 16.0
1433024698395 0 16.0
1433024698495 0 16.0
1433024698595 0 16.0
1433024698696 0 16.0
1433024698327 1 629.0
1433024698427 1 1911.0
1433024698528 1 3403.0
1433024698630 1 4191.0
1433024698730 1 4754.0
1433024698831 1 5148.0
1433024698796 0 16.0
1433024698897 0 16.0
1433024698997 0 16.0
1433024699097 0 16.0
1433024699197 0 16.0
1433024699298 0 16.0
1433024698932 1 5528.0
1433024699032 1 6316.0
1433024699134 1 6316.0
1433024699234 1 6977.0
1433024699334 1 8511.0
1433024699436 1 10790.0
1433024699399 0 16.0
1433024699499 0 16.0
1433024699599 0 16.0
1433024699699 0 16.0
1433024699799 0 16.0
1433024699899 0 16.0
1433024699537 1 10790.0
1433024699639 1 10242.0
1433024699741 1 9651.0
1433024699843 1 9651.0
1433024699945 1 9651.0
1433024700046 1 9651.0
1433024699999 0 16.0
1433024700099 0 16.0
1433024700199 0 16.0
1433024700302 0 16.0
1433024700402 0 16.0
1433024700502 0 16.0
1433024700148 1 9651.0
1433024700249 1 10143.0
1433024700350 1 10143.0
1433024700451 1 10143.0
1433024700553 1 10143.0
1433024700602 0 16.0
1433024700702 0 16.0
1433024700802 0 16.0
1433024700902 0 16.0
1433024701002 0 16.0
1433024701102 0 16.0
1433024700654 1 10143.0
1433024700754 1 10143.0
1433024700856 1 10143.0
1433024700957 1 10143.0
1433024701058 1 10143.0
1433024701159 1 10143.0
1433024701261 1 10143.0
1433024701202 0 16.0
1433024701302 0 16.0
1433024701402 0 16.0
1433024701502 0 16.0
1433024701602 0 16.0
1433024701702 0 16.0
1433024701802 0 16.0
1433024701362 1 10143.0
1433024701463 1 10143.0
1433024701564 1 10143.0
1433024701665 1 10143.0
1433024701766 1 10143.0
1433024701867 1 10143.0
1433024701902 0 16.0
1433024702002 0 16.0
1433024702102 0 16.0
1433024702202 0 16.0
1433024702303 0 16.0
1433024702403 0 16.0
1433024702503 0 16.0
1433024702604 0 16.0
1433024701967 1 10143.0
1433024702071 1 10143.0
1433024702171 1 9580.0
1433024702274 1 9580.0
1433024702374 1 9580.0
1433024702475 1 9580.0
1433024702576 1 9580.0
1433024702677 1 9580.0
1433024702705 0 16.0
1433024702806 0 16.0
1433024702906 0 16.0
1433024702778 1 9580.0
1433024702879 1 9580.0
1433024702979 1 9580.0
1433024703007 0 16.0
1433024703107 0 16.0
1433024703208 0 16.0
1433024703080 1 9580.0
1433024703181 1 9580.0
1433024703282 1 9060.0
1433024703308 0 16.0
1433024703409 0 16.0
1433024703509 0 16.0
1433024703383 1 9060.0
1433024703484 1 9060.0
1433024703586 1 9060.0
1433024703609 0 16.0
1433024703709 0 16.0
1433024703809 0 16.0
1433024703687 1 9060.0
1433024703788 1 9060.0
1433024703890 1 9060.0
1433024703909 0 16.0
1433024704009 0 16.0
1433024704109 0 16.0
1433024703992 1 9060.0
1433024704092 1 9060.0
1433024704193 1 9060.0
1433024704209 0 16.0
1433024704309 0 16.0
1433024704409 0 16.0
1433024704509 0 16.0
1433024704609 0 16.0
1433024704709 0 15.0
1433024704809 0 15.0
1433024704295 1 9060.0
1433024704396 1 7512.0
1433024704496 1 3825.0
1433024704597 1 2277.0
1433024704698 1 547.0
1433024704799 1 23.0
1433024704900 1 19.0
1433024705002 1 19.0
1433024704910 0 871.0
1433024705010 0 4248.0
1433024705111 0 8174.0
1433024705211 0 8807.0
1433024705311 0 9426.0
1433024705411 0 10002.0
1433024705104 1 19.0
1433024705204 1 19.0
1433024705305 1 19.0
1433024705405 1 19.0
1433024705505 1 19.0
1433024705607 1 19.0
1433024705511 0 10832.0
1433024705611 0 10832.0
1433024705711 0 10832.0
1433024705812 0 11395.0
1433024705913 0 11395.0
1433024706014 0 11395.0
1433024705709 1 19.0
1433024705811 1 19.0
1433024705913 1 19.0
1433024706015 1 19.0
1433024706116 1 19.0
1433024706218 1 19.0
1433024706114 0 11395.0
1433024706215 0 11395.0
1433024706315 0 11395.0
1433024706415 0 11395.0
1433024706515 0 11395.0
1433024706615 0 11395.0
1433024706319 1 19.0
1433024706421 1 19.0
1433024706522 1 19.0
1433024706623 1 19.0
1433024706724 1 19.0
1433024706826 1 19.0
1433024706928 1 19.0
1433024706715 0 11395.0
1433024706816 0 11395.0
1433024706916 0 11395.0
1433024707016 0 11395.0
1433024707116 0 11395.0
1433024707029 1 19.0
1433024707131 1 19.0
1433024707232 1 19.0
1433024707217 0 10705.0
1433024707316 0 10705.0
1433024707416 0 10705.0
1433024707333 1 19.0
1433024707435 1 19.0
1433024707536 1 19.0
1433024707638 1 19.0
1433024707739 1 19.0
1433024707841 1 19.0
1433024707516 0 10705.0
1433024707616 0 10705.0
1433024707717 0 10705.0
1433024707817 0 10705.0
1433024707942 1 19.0
1433024707918 0 10705.0
1433024708018 0 10705.0
1433024708118 0 10705.0
1433024708044 1 19.0
1433024708146 1 19.0
1433024708247 1 19.0
1433024708218 0 10705.0
1433024708318 0 10705.0
1433024708418 0 10114.0
1433024708519 0 10114.0
1433024708620 0 10114.0
1433024708348 1 19.0
1433024708450 1 19.0
1433024708552 1 19.0
1433024708652 1 19.0
1433024708753 1 19.0
1433024708855 1 19.0
1433024708958 1 19.0
1433024708720 0 10114.0
1433024708821 0 10114.0
1433024708921 0 10114.0
1433024709022 0 10114.0
1433024709122 0 10114.0
1433024709059 1 19.0
1433024709161 1 19.0
1433024709262 1 19.0
1433024709223 0 10114.0
1433024709323 0 10114.0
1433024709424 0 10114.0
1433024709363 1 19.0
1433024709464 1 19.0
1433024709565 1 19.0
1433024709524 0 10114.0
1433024709624 0 9509.0
1433024709724 0 8552.0
1433024709665 1 19.0
1433024709766 1 19.0
1433024709867 1 19.0
1433024709968 1 19.0
1433024710069 1 19.0
1433024710172 1 19.0
1433024709824 0 7947.0
1433024709924 0 8496.0
1433024710024 0 11507.0
1433024710124 0 16095.0
1433024710225 0 16095.0
1433024710272 1 19.0
1433024710373 1 19.0
1433024710325 0 46.0
1433024710425 0 19.0
1433024710525 0 19.0
1433024710474 1 19.0
1433024710576 1 19.0
1433024710626 0 19.0
1433024710726 0 19.0
1433024710827 0 19.0
1433024710927 0 19.0
1433024711028 0 19.0
1433024711128 0 19.0
1433024710677 1 19.0
1433024710777 1 19.0
1433024710878 1 19.0
1433024710978 1 19.0
1433024711079 1 19.0
1433024711181 1 19.0
1433024711282 1 19.0
1433024711228 0 19.0
1433024711328 0 19.0
1433024711428 0 19.0
1433024711528 0 19.0
1433024711629 0 19.0
1433024711728 0 19.0
1433024711829 0 19.0
1433024711928 0 19.0
1433024711383 1 27.0
1433024711484 1 21.0
1433024711585 1 20.0
1433024711686 1 16.0
1433024711786 1 8.0
1433024711887 1 8.0
1433024711988 1 7.0
1433024712089 1 8.0
1433024712190 1 2.0
1433024712028 0 19.0
1433024712128 0 19.0
1433024712228 0 19.0
1433024712328 0 19.0
1433024712292 1 2.0
1433024712393 1 2.0
1433024712494 1 2.0
1433024712428 0 19.0
1433024712528 0 9.0
1433024712628 0 13.0
1433024712728 0 18.0
1433024712828 0 18.0
1433024712596 1 2.0
1433024712697 1 2.0
1433024712797 1 2.0
1433024712900 1 2.0
1433024713002 1 2.0
1433024712928 0 18.0
1433024713029 0 16.0
1433024713129 0 40.0
1433024713230 0 62.0
1433024713330 0 69.0
1433024713430 0 46.0
1433024713104 1 2.0
1433024713206 1 2.0
1433024713308 1 2.0
1433024713409 1 2.0
1433024713510 1 2.0
1433024713612 1 2.0
1433024713530 0 13.0
1433024713631 0 2.0
1433024713731 0 2.0
1433024713832 0 4.0
1433024713714 1 2.0
1433024713814 1 2.0
1433024713915 1 2.0
1433024714017 1 2.0
1433024713932 0 5.0
1433024714033 0 14.0
1433024714133 0 3.0
1433024714233 0 2.0
1433024714333 0 2.0
1433024714433 0 2.0
1433024714533 0 2.0
1433024714633 0 2.0
1433024714118 1 2.0
1433024714220 1 2.0
1433024714322 1 2.0
1433024714424 1 2.0
1433024714527 1 2.0
1433024714630 1 2.0
1433024714731 1 2.0
1433024714831 1 2.0
1433024714733 0 2.0
1433024714834 0 2.0
1433024714934 0 2.0
1433024715034 0 2.0
1433024715134 0 2.0
1433024715235 0 2.0
1433024715335 0 2.0
1433024714932 1 2.0
1433024715034 1 2.0
1433024715136 1 2.0
1433024715238 1 2.0
1433024715340 1 2.0
1433024715442 1 2.0
1433024715436 0 2.0
1433024715536 0 2.0
1433024715636 0 2.0
1433024715736 0 2.0
1433024715836 0 2.0
1433024715936 0 2.0
1433024715543 1 2.0
1433024715645 1 2.0
1433024715749 1 2.0
1433024715849 1 2.0
1433024715950 1 2.0
1433024716051 1 2.0
1433024716037 0 2.0
1433024716136 0 2.0
1433024716237 0 2.0
1433024716337 0 2.0
1433024716437 0 2.0
1433024716537 0 2.0
1433024716153 1 2.0
1433024716255 1 2.0
1433024716357 1 2.0
1433024716458 1 2.0
1433024716559 1 2.0
1433024716661 1 2.0
1433024716638 0 2.0
1433024716738 0 2.0
1433024716839 0 2.0
1433024716939 0 2.0
1433024717040 0 2.0
1433024717141 0 2.0
1433024716761 1 2.0
1433024716863 1 2.0
1433024716964 1 2.0
1433024717066 1 2.0
1433024717167 1 2.0
1433024717268 1 2.0
1433024717241 0 2.0
1433024717342 0 2.0
1433024717442 0 2.0
1433024717542 0 2.0
1433024717642 0 2.0
1433024717743 0 2.0
1433024717369 1 2.0
1433024717469 1 2.0
1433024717570 1 2.0
1433024717670 1 2.0
1433024717770 1 2.0
1433024717870 1 2.0
1433024717843 0 2.0
1433024717944 0 2.0
1433024718044 0 2.0
1433024718145 0 2.0
1433024718246 0 2.0
1433024718346 0 2.0
1433024717970 1 2.0
1433024718070 1 2.0
1433024718172 1 2.0
1433024718272 1 2.0
1433024718373 1 2.0
1433024718473 1 2.0
1433024718446 0 2.0
1433024718546 0 2.0
1433024718646 0 2.0
1433024718746 0 2.0
1433024718846 0 2.0
1433024718946 0 2.0
1433024718573 1 2.0
1433024718674 1 2.0
1433024718775 1 2.0
1433024718876 1 2.0
1433024718977 1 2.0
1433024719078 1 2.0
1433024719046 0 2.0
1433024719146 0 2.0
1433024719246 0 2.0
1433024719346 0 2.0
1433024719446 0 2.0
1433024719546 0 2.0
1433024719179 1 2.0
1433024719280 1 2.0
1433024719381 1 2.0
1433024719482 1 2.0
1433024719583 1 2.0
1433024719684 1 2.0
1433024719646 0 2.0
1433024719747 0 2.0
1433024719847 0 2.0
1433024719948 0 2.0
1433024720048 0 2.0
1433024720149 0 2.0
1433024720249 0 2.0
1433024719787 1 2.0
1433024719888 1 2.0
1433024719989 1 2.0
1433024720089 1 2.0
1433024720191 1 2.0
1433024720293 1 2.0
1433024720394 1 2.0
1433024720350 0 2.0
1433024720450 0 2.0
1433024720551 0 2.0
1433024720651 0 2.0
1433024720752 0 2.0
1433024720852 0 2.0
1433024720496 1 2.0
1433024720597 1 2.0
1433024720699 1 2.0
1433024720800 1 2.0
1433024720901 1 2.0
1433024721002 1 2.0
1433024720952 0 2.0
1433024721052 0 2.0
1433024721152 0 2.0
1433024721252 0 2.0
1433024721352 0 2.0
1433024721452 0 2.0
1433024721103 1 2.0
1433024721205 1 2.0
1433024721307 1 2.0
1433024721409 1 2.0
1433024721510 1 2.0
1433024721611 1 2.0
1433024721552 0 2.0
1433024721652 0 2.0
1433024721752 0 2.0
1433024721852 0 2.0
1433024721952 0 2.0
1433024722052 0 2.0
1433024721713 1 2.0
1433024721815 1 2.0
1433024721917 1 2.0
1433024722019 1 2.0
1433024722120 1 2.0
1433024722221 1 2.0
1433024722152 0 2.0
1433024722322 1 2.0
1433024722252 0 2.0
1433024722353 0 2.0
1433024722453 0 2.0
