1432841357088 1 -0.11767979711294174 1.9221034049987793 10.551955223083496
1432841356016 0 1.3694833517074585 0.5171475410461426 9.634267807006836
1432841356216 0 1.4269442558288574 0.49799394607543945 9.452308654785156
1432841357289 1 0.23535959422588348 2.510502338409424 11.061901092529297
1432841356417 0 1.3886369466781616 0.45010992884635925 9.53849983215332
1432841357489 1 0.03922659903764725 2.471275806427002 10.198915481567383
1432841357689 1 0.156906396150589 3.0989012718200684 10.277368545532227
1432841356616 0 1.3694833517074585 0.47884035110473633 9.548076629638672
1432841356817 0 1.3503297567367554 0.47884035110473633 9.519346237182617
1432841357888 1 1.0591181516647339 3.8442068099975586 9.64974308013916
1432841358088 1 -9.532063484191895 7.021561145782471 8.198359489440918
1432841357017 0 1.4173674583435059 0.4884171485900879 9.528923034667969
1432841357218 0 1.3886369466781616 0.49799394607543945 9.47146224975586
1432841357418 0 1.359906554222107 0.4884171485900879 9.490615844726562
1432841358289 1 -1.1375713348388672 5.962442874908447 8.865211486816406
1432841358488 1 -5.530950546264648 6.080122947692871 8.669078826904297
1432841358688 1 -1.3337043523788452 3.726526975631714 7.923772811889648
1432841357618 0 1.359906554222107 0.4884171485900879 9.576807022094727
1432841357818 0 1.3215993642807007 0.4596867263317108 9.605537414550781
1432841358018 0 1.3503297567367554 0.4596867263317108 9.548076629638672
1432841358888 1 -0.7060787677764893 3.0596747398376465 9.845876693725586
1432841359088 1 1.45138418674469 4.040339469909668 12.31715202331543
1432841359287 1 -4.2364726066589355 0.9022117853164673 8.041452407836914
1432841358219 0 1.359906554222107 0.45010992884635925 9.528923034667969
1432841358419 0 1.3407529592514038 0.47884035110473633 9.576807022094727
1432841358619 0 1.3407529592514038 0.45010992884635925 9.490615844726562
1432841359488 1 -13.219364166259766 -0.9022117853164673 -0.35303938388824463
1432841359690 1 20.005565643310547 12.984004020690918 19.927112579345703
1432841359888 1 1.5690639019012451 2.90276837348938 7.9629998207092285
1432841358819 0 1.37906014919281 0.4884171485900879 9.500192642211914
1432841359019 0 1.3503297567367554 0.4692635238170624 9.557653427124023
1432841359220 0 1.359906554222107 0.47884035110473633 9.586383819580078
1432841360088 1 -14.945334434509277 -3.334260940551758 -0.509945809841156
1432841360289 1 20.005565643310547 1.5298373699188232 6.001669883728027
1432841360490 1 17.416610717773438 7.413827419281006 10.081235885620117
1432841359420 0 1.3311761617660522 0.47884035110473633 9.548076629638672
1432841359620 0 1.3886369466781616 0.4884171485900879 9.528923034667969
1432841359820 0 1.4173674583435059 0.4405331015586853 9.528923034667969
1432841360688 1 8.74753189086914 4.393379211425781 9.257477760314941
1432841360890 1 0.156906396150589 4.11879301071167 -1.1375713348388672
1432841361090 1 20.005565643310547 -2.5497288703918457 15.847545623779297
1432841360020 0 1.3982137441635132 0.43095630407333374 9.567230224609375
1432841360221 0 1.3503297567367554 0.4405331015586853 9.557653427124023
1432841360421 0 1.359906554222107 0.49799394607543945 9.509769439697266
1432841361290 1 3.8049800395965576 1.45138418674469 6.3154826164245605
1432841361490 1 4.471832275390625 3.295034408569336 10.081235885620117
1432841361690 1 4.942551612854004 3.255807638168335 8.551398277282715
1432841360621 0 1.3503297567367554 0.47884035110473633 9.500192642211914
1432841360821 0 1.3120225667953491 0.4596867263317108 9.528923034667969
1432841361021 0 1.359906554222107 0.43095630407333374 9.509769439697266
1432841361221 0 1.3407529592514038 0.43095630407333374 9.509769439697266
1432841361889 1 0.7845319509506226 5.766310214996338 7.178467750549316
1432841362088 1 2.079009771347046 5.374043941497803 12.670191764831543
1432841362290 1 1.5690639019012451 6.982334613800049 5.687856674194336
1432841361422 0 1.37906014919281 0.4405331015586853 9.519346237182617
1432841361622 0 1.37906014919281 0.4884171485900879 9.528923034667969
1432841361822 0 1.3407529592514038 0.4405331015586853 9.576807022094727
1432841362489 1 2.2751426696777344 7.9629998207092285 6.119349479675293
1432841362690 1 1.647517204284668 8.472945213317871 5.099457740783691
1432841362890 1 1.45138418674469 8.629851341247559 4.785645008087158
1432841362022 0 1.3120225667953491 0.45010992884635925 9.528923034667969
1432841362222 0 1.3215993642807007 0.47884035110473633 9.519346237182617
1432841362423 0 1.2832920551300049 0.49799394607543945 9.548076629638672
1432841363090 1 7.178467750549316 3.3734874725341797 3.8049800395965576
1432841363289 1 11.258033752441406 -8.865211486816406 20.005565643310547
1432841363490 1 -20.005565643310547 -20.005565643310547 20.005565643310547
1432841362623 0 1.292868971824646 0.4213795065879822 9.500192642211914
1432841362823 0 1.4460978507995605 0.43095630407333374 9.528923034667969
1432841363023 0 1.3120225667953491 0.5267243981361389 9.519346237182617
1432841363687 1 6.590068817138672 -1.3337043523788452 -12.748644828796387
1432841363888 1 -20.005565643310547 -20.005565643310547 19.966339111328125
1432841364088 1 -20.005565643310547 -14.749200820922852 -16.043678283691406
1432841363224 0 1.3120225667953491 0.4692635238170624 9.461885452270508
1432841363424 0 1.3694833517074585 0.4692635238170624 9.528923034667969
1432841363624 0 1.3694833517074585 0.5267243981361389 9.528923034667969
1432841364287 1 -20.005565643310547 -20.005565643310547 -7.845319747924805
1432841364487 1 -6.001669883728027 -7.178467750549316 -5.0602312088012695
1432841364688 1 6.237029075622559 -4.471832275390625 -1.9221034049987793
1432841363824 0 1.2737152576446533 0.4213795065879822 9.528923034667969
1432841364024 0 1.4173674583435059 0.45010992884635925 9.567230224609375
1432841364224 0 1.3694833517074585 0.47884035110473633 9.624691009521484
1432841364888 1 20.005565643310547 -8.276812553405762 20.005565643310547
1432841365088 1 20.005565643310547 -20.005565643310547 15.612186431884766
1432841365288 1 7.570733547210693 -20.005565643310547 5.295590877532959
1432841364424 0 1.3407529592514038 0.5171475410461426 9.624691009521484
1432841364625 0 1.37906014919281 0.4596867263317108 9.576807022094727
1432841364825 0 1.3694833517074585 0.4596867263317108 9.615114212036133
1432841365488 1 6.982334613800049 1.5298373699188232 3.4127140045166016
1432841365688 1 4.354152679443359 -0.8629851937294006 10.002782821655273
1432841365887 1 2.863541841506958 0.509945809841156 10.316595077514648
1432841365025 0 1.3215993642807007 0.4884171485900879 9.605537414550781
1432841365225 0 1.3311761617660522 0.4596867263317108 9.605537414550781
1432841365426 0 6.387730121612549 2.365471363067627 12.29662036895752
1432841366088 1 3.0596747398376465 0.4314925968647003 9.728196144104004
1432841366289 1 -0.9414383769035339 3.9226598739624023 9.728196144104004
1432841366490 1 0.509945809841156 3.255807638168335 10.277368545532227
1432841366689 1 2.9812214374542236 1.5690639019012451 9.64974308013916
1432841365626 0 2.1930887699127197 -0.9002198576927185 10.247182846069336
1432841366888 1 3.216581106185913 1.4906107187271118 9.963556289672852
1432841367090 1 2.7458620071411133 1.647517204284668 10.551955223083496
1432841367288 1 2.863541841506958 1.8828767538070679 10.159688949584961
1432841365826 0 -3.1220390796661377 -0.5937620401382446 11.35809326171875
1432841366026 0 -4.347870349884033 -0.05746084079146385 10.888829231262207
1432841366227 0 -2.9496564865112305 0.2585737705230713 2.920926094055176
1432841366428 0 0.9289502501487732 3.246537446975708 9.193734169006348
1432841366629 0 5.286397457122803 -2.0207061767578125 9.730035781860352
1432841367490 1 2.471275806427002 1.8828767538070679 11.218807220458984
1432841367690 1 2.6674087047576904 2.2751426696777344 8.865211486816406
1432841367888 1 3.8442068099975586 1.3337043523788452 10.159688949584961
1432841368088 1 2.510502338409424 2.000556468963623 9.728196144104004
1432841366827 0 5.152322292327881 1.6855180263519287 6.799532890319824
1432841367028 0 5.57370138168335 -0.545877993106842 9.289502143859863
1432841367230 0 3.801992416381836 -2.126051187515259 8.169015884399414
1432841367428 0 4.290409564971924 -4.568136692047119 9.854534149169922
1432841368290 1 2.9419949054718018 2.000556468963623 10.081235885620117
1432841368490 1 3.3734874725341797 1.3729310035705566 10.081235885620117
1432841368689 1 3.4911673069000244 1.6867437362670898 10.198915481567383
1432841368890 1 3.0596747398376465 2.1966896057128906 9.845876693725586
1432841367629 0 3.1220390796661377 -6.110002517700195 10.103530883789062
1432841367829 0 10.994174003601074 -7.15387487411499 14.834473609924316
1432841368029 0 5.363011837005615 -16.433799743652344 5.276820659637451
1432841368229 0 6.224924564361572 -18.76096534729004 13.235146522521973
1432841369089 1 3.255807638168335 2.5497288703918457 9.375157356262207
1432841369287 1 4.040339469909668 2.1182363033294678 10.042009353637695
1432841369489 1 2.1966896057128906 2.510502338409424 8.276812553405762
1432841368429 0 -0.7374141216278076 -15.744270324707031 4.050989151000977
1432841368629 0 4.702212333679199 -10.295066833496094 10.055646896362305
1432841368832 0 -8.9064302444458 -15.763423919677734 8.523358345031738
1432841369689 1 4.628738880157471 1.9613299369812012 11.022674560546875
1432841369890 1 1.647517204284668 4.432605743408203 7.021561145782471
1432841370088 1 4.864098072052002 0.47071918845176697 10.708861351013184
1432841370290 1 4.471832275390625 2.432049036026001 9.061344146728516
1432841370488 1 1.4906107187271118 2.000556468963623 10.708861351013184
1432841370690 1 5.177911281585693 1.0591181516647339 12.905550956726074
1432841369030 0 7.508216381072998 -13.129801750183105 8.418013572692871
1432841369230 0 6.761225700378418 -17.92778205871582 -4.367023944854736
1432841369430 0 -0.4405331015586853 -15.275007247924805 -0.4405331015586853
1432841369632 0 5.027823448181152 -11.051634788513184 7.173028469085693
1432841369832 0 -10.47702693939209 -16.242263793945312 5.439626216888428
1432841370031 0 0.8427590131759644 -17.085023880004883 3.7445313930511475
1432841370888 1 2.039783239364624 4.864098072052002 7.49228048324585
1432841371088 1 2.9812214374542236 2.2359161376953125 11.571846961975098
1432841371288 1 5.177911281585693 1.5690639019012451 9.061344146728516
1432841370232 0 4.194641590118408 -18.923770904541016 15.591041564941406
1432841370431 0 -6.502651691436768 -15.313314437866211 6.157886981964111
1432841370631 0 12.15296745300293 -12.54561710357666 4.3191399574279785
1432841371489 1 1.6082905530929565 4.785645008087158 7.727640151977539
1432841371688 1 5.0602312088012695 0.509945809841156 10.43427562713623
1432841371888 1 4.432605743408203 2.000556468963623 8.316039085388184
1432841370832 0 -7.575253963470459 -17.784130096435547 -8.303091049194336
1432841371032 0 -6.780379295349121 -13.522451400756836 -3.0358476638793945
1432841371232 0 6.196194171905518 -7.412448406219482 -4.51067590713501
1432841372088 1 1.9221034049987793 3.648073673248291 8.23758602142334
1432841372288 1 4.981778144836426 0.9022117853164673 11.84643268585205
1432841372488 1 2.039783239364624 3.255807638168335 8.982891082763672
1432841371432 0 -12.382811546325684 -16.500837326049805 -10.78348445892334
1432841371632 0 -8.446743965148926 -13.560758590698242 -5.975927352905273
1432841371832 0 2.7772738933563232 -11.894393920898438 -1.359906554222107
1432841372688 1 4.981778144836426 0.7845319509506226 11.728753089904785
1432841372889 1 4.981778144836426 1.45138418674469 7.9629998207092285
1432841373087 1 1.3337043523788452 3.8442068099975586 8.394492149353027
1432841372033 0 -13.953407287597656 -17.62132453918457 -2.0590133666992188
1432841372232 0 -0.9768342971801758 -10.342951774597168 3.3710360527038574
1432841373288 1 5.256364345550537 0.47071918845176697 11.84643268585205
1432841373488 1 4.471832275390625 2.7458620071411133 7.335373878479004
1432841372433 0 4.644751071929932 -13.206416130065918 12.938265800476074
1432841372633 0 -8.322244644165039 -17.027563095092773 11.022904396057129
1432841373688 1 2.039783239364624 2.5889556407928467 11.493393898010254
1432841373889 1 4.471832275390625 0.509945809841156 11.807206153869629
1432841374090 1 5.334817409515381 1.3337043523788452 9.571290016174316
1432841372833 0 -6.962338447570801 -12.689269065856934 -2.126051187515259
1432841373033 0 -6.655880928039551 -0.15322890877723694 4.376600742340088
1432841373233 0 6.4164605140686035 -14.135366439819336 -5.066130638122559
1432841373433 0 6.493074893951416 -6.646304130554199 5.583278179168701
1432841374290 1 3.7657535076141357 2.1182363033294678 9.061344146728516
1432841374490 1 2.3143694400787354 2.2751426696777344 9.375157356262207
1432841374688 1 3.0204482078552246 2.5497288703918457 8.786758422851562
1432841373633 0 -10.793061256408691 -7.268796443939209 -0.8523358106613159
1432841373833 0 -7.575253963470459 -9.730035781860352 0.6703764796257019
1432841374033 0 -6.7708024978637695 -4.07014274597168 0.545877993106842
1432841374888 1 5.413270473480225 0.9414383769035339 11.218807220458984
1432841375088 1 4.354152679443359 1.2944778203964233 12.042566299438477
1432841374233 0 4.022258758544922 -13.656526565551758 9.279925346374512
1432841375287 1 2.2359161376953125 1.9613299369812012 8.355265617370605
1432841374433 0 5.889736175537109 -2.5953147411346436 7.718906402587891
1432841374634 0 -13.177685737609863 -13.474567413330078 -5.257667064666748
1432841375489 1 2.510502338409424 2.7458620071411133 7.609960079193115
1432841375688 1 4.471832275390625 1.4906107187271118 10.591181755065918
1432841375891 1 5.177911281585693 0.627625584602356 12.081792831420898
1432841374834 0 -8.178592681884766 -14.499285697937012 -4.970362663269043
1432841375034 0 3.5242648124694824 -10.017339706420898 5.066130638122559
1432841375234 0 5.765237808227539 -1.3311761617660522 1.4077905416488647
1432841376088 1 2.1182363033294678 2.510502338409424 7.021561145782471
1432841376288 1 4.550285339355469 1.9613299369812012 10.551955223083496
1432841375434 0 -5.4875102043151855 -5.784391403198242 -2.078166961669922
1432841376488 1 5.530950546264648 0.6668521761894226 12.670191764831543
1432841375634 0 -6.253654956817627 -15.85919189453125 -8.293514251708984
1432841375834 0 -6.445190906524658 -13.828908920288086 0.8619126081466675
1432841376688 1 2.1182363033294678 3.7657535076141357 7.806093215942383
1432841376888 1 4.040339469909668 3.255807638168335 9.45361042022705
1432841377088 1 5.648630142211914 1.2160245180130005 11.022674560546875
1432841376034 0 -6.493074893951416 -6.780379295349121 0.6512228846549988
1432841376234 0 -6.502651691436768 2.7772738933563232 0.363918662071228
1432841376434 0 -7.144298076629639 1.9728221893310547 0.4405331015586853
1432841377288 1 4.82487154006958 1.2160245180130005 10.865767478942871
1432841377488 1 4.7071919441223145 1.019891619682312 9.610516548156738
1432841377688 1 3.8834333419799805 1.647517204284668 9.532063484191895
1432841376635 0 -8.255207061767578 -1.4652514457702637 -1.3407529592514038
1432841376835 0 1.7908629179000854 -7.623138427734375 -6.311115741729736
1432841377888 1 3.8442068099975586 1.2160245180130005 10.473502159118652
1432841377035 0 9.040505409240723 -14.192827224731445 -8.274360656738281
1432841377235 0 6.6846113204956055 -13.570335388183594 -9.241618156433105
1432841378088 1 3.0989012718200684 1.45138418674469 11.258033752441406
1432841378290 1 3.5303938388824463 3.8049800395965576 12.199472427368164
1432841378488 1 2.3143694400787354 2.9812214374542236 9.45361042022705
1432841377435 0 -6.119579315185547 -9.260771751403809 -7.1251444816589355
1432841377635 0 -8.513781547546387 -6.914454460144043 -3.7636849880218506
1432841378688 1 3.0204482078552246 2.079009771347046 8.825984954833984
1432841378888 1 1.3337043523788452 0.5491724014282227 10.63040828704834
1432841377836 0 -4.654327869415283 -10.994174003601074 -1.3215993642807007
1432841379088 1 -0.4314925968647003 2.9812214374542236 9.21825122833252
1432841378035 0 2.3558945655822754 -15.80173110961914 -7.230489253997803
1432841378235 0 -2.5474305152893066 -18.59815788269043 -9.950302124023438
1432841379288 1 -0.27458620071411133 3.608847141265869 7.845319747924805
1432841379489 1 -0.11767979711294174 3.4519407749176025 7.49228048324585
1432841378435 0 -2.959233283996582 -17.98524284362793 -4.213795185089111
1432841379688 1 -0.11767979711294174 3.3734874725341797 7.178467750549316
1432841378635 0 -5.621585369110107 -10.170568466186523 -0.08619125932455063
1432841378836 0 -6.282385349273682 -9.653421401977539 10.90798282623291
1432841379888 1 -0.23535959422588348 2.5497288703918457 11.061901092529297
1432841380088 1 1.4121575355529785 1.45138418674469 13.258590698242188
1432841380288 1 0.27458620071411133 1.9613299369812012 16.318265914916992
1432841379036 0 -6.45476770401001 -14.642937660217285 6.387730121612549
1432841380488 1 2.6674087047576904 2.1966896057128906 15.729866027832031
1432841379236 0 -6.435614109039307 -18.310853958129883 3.773261785507202
1432841379436 0 9.21288776397705 -12.449849128723145 -3.8977603912353516
1432841380689 1 3.5696206092834473 0.823758602142334 13.846989631652832
1432841380890 1 -2.1574628353118896 2.392822504043579 13.376270294189453
1432841379636 0 7.1921820640563965 -5.736507415771484 10.879252433776855
1432841379836 0 -11.128249168395996 -15.993267059326172 -0.8523358106613159
1432841381088 1 2.471275806427002 1.0983448028564453 15.063014030456543
1432841380036 0 -7.661445617675781 -14.997279167175293 -0.7182605266571045
1432841381288 1 3.687300205230713 2.000556468963623 10.198915481567383
1432841381490 1 2.5497288703918457 2.90276837348938 10.63040828704834
1432841380236 0 -0.13407529890537262 -17.1807918548584 -6.627150535583496
1432841380436 0 4.855441093444824 -9.41400146484375 8.456320762634277
1432841381690 1 -1.3729310035705566 4.82487154006958 5.0602312088012695
1432841380636 0 -12.564770698547363 -10.898406028747559 -0.5363011956214905
1432841381888 1 -1.0983448028564453 3.255807638168335 11.964112281799316
1432841382088 1 1.45138418674469 2.785088539123535 12.513284683227539
1432841380837 0 -6.742072105407715 -13.024456977844238 -5.0469770431518555
1432841381037 0 5.65031623840332 -8.695740699768066 -1.158793568611145
1432841382289 1 -0.47071918845176697 4.001112937927246 7.688413619995117
1432841381237 0 -7.048529624938965 -16.82645034790039 -8.08282470703125
1432841382489 1 -3.3734874725341797 5.413270473480225 11.454167366027832
1432841382690 1 -0.3922659754753113 8.904438018798828 11.493393898010254
1432841381437 0 7.259219646453857 -2.8634653091430664 0.2585737705230713
1432841381638 0 9.931148529052734 1.1875240802764893 0.40222588181495667
1432841382889 1 -2.2751426696777344 -0.156906396150589 -2.2359161376953125
1432841381838 0 10.381258964538574 4.127603530883789 0.6991068720817566
1432841383088 1 -0.8629851937294006 7.609960079193115 3.8442068099975586
1432841383289 1 -4.001112937927246 13.964669227600098 8.786758422851562
1432841382039 0 6.473921298980713 -0.9576807022094727 4.6255974769592285
1432841382239 0 6.588842868804932 -0.7086837291717529 6.100425720214844
1432841383487 1 -20.005565643310547 -0.7845319509506226 1.9613299369812012
1432841382439 0 6.464344501495361 -1.3311761617660522 4.07014274597168
1432841383690 1 -4.903325080871582 -20.005565643310547 -4.2364726066589355
1432841383888 1 20.005565643310547 -20.005565643310547 -8.198359489440918
1432841382639 0 5.114014625549316 -2.1068975925445557 2.078166961669922
1432841382840 0 4.817133903503418 -0.3256114423274994 6.809109687805176
1432841383040 0 3.648763418197632 0.4884171485900879 9.14585018157959
1432841384088 1 20.005565643310547 -20.005565643310547 -5.80553674697876
1432841383240 0 3.1028854846954346 0.9002198576927185 9.366117477416992
1432841384289 1 10.551955223083496 -20.005565643310547 -2.785088539123535
1432841384488 1 5.138684272766113 -9.885103225708008 5.766310214996338
1432841384687 1 1.0983448028564453 -4.7071919441223145 0.9022117853164673
1432841383440 0 3.045424461364746 0.9097966551780701 9.299078941345215
1432841383640 0 2.9879636764526367 0.9097966551780701 9.069235801696777
1432841383840 0 2.9305028915405273 0.8331822156906128 8.96389102935791
1432841384888 1 -1.9613299369812012 3.648073673248291 2.471275806427002
1432841385088 1 -20.005565643310547 20.005565643310547 20.005565643310547
1432841384041 0 2.9496564865112305 0.8906430602073669 9.050082206726074
1432841384240 0 2.9496564865112305 0.8044517636299133 9.097966194152832
1432841385289 1 20.005565643310547 -20.005565643310547 -20.005565643310547
1432841385489 1 -20.005565643310547 20.005565643310547 12.5917387008667
1432841384441 0 2.82515811920166 0.9768342971801758 9.27034854888916
1432841384640 0 2.8634653091430664 0.9768342971801758 9.232041358947754
1432841384841 0 2.8826189041137695 0.8331822156906128 9.08838939666748
1432841385688 1 -5.217137813568115 1.2160245180130005 -7.727640151977539
1432841385888 1 20.005565643310547 -20.005565643310547 -1.8828767538070679
1432841385041 0 3.00711727142334 0.7852981686592102 9.078812599182129
1432841386088 1 20.005565643310547 -20.005565643310547 -6.590068817138672
1432841386288 1 5.099457740783691 -20.005565643310547 -1.4121575355529785
1432841386488 1 -16.90666389465332 13.493949890136719 7.649186611175537
1432841385242 0 2.892195701599121 0.7374141216278076 9.030928611755371
1432841385442 0 2.892195701599121 0.9768342971801758 9.318233489990234
1432841385642 0 2.853888511657715 0.9193734526634216 9.27034854888916
1432841386689 1 -18.044235229492188 20.005565643310547 11.33648681640625
1432841386889 1 -20.005565643310547 20.005565643310547 5.609403610229492
1432841385842 0 2.7676970958709717 0.9289502501487732 9.174580574035645
1432841386042 0 2.9305028915405273 0.9193734526634216 9.08838939666748
1432841386243 0 2.8443117141723633 0.9289502501487732 9.08838939666748
1432841387087 1 -12.82709789276123 -20.005565643310547 2.392822504043579
1432841387287 1 5.530950546264648 -8.669078826904297 -1.8044235706329346
1432841387487 1 -20.005565643310547 -4.432605743408203 5.57017707824707
1432841386443 0 2.8347349166870117 0.9672574996948242 9.222464561462402
1432841387688 1 -9.061344146728516 -20.005565643310547 -1.5298373699188232
1432841387888 1 -20.005565643310547 -12.984004020690918 1.2160245180130005
1432841386642 0 2.7964274883270264 0.9385270476341248 9.222464561462402
1432841386843 0 2.806004285812378 0.9193734526634216 9.174580574035645
1432841388089 1 6.393935680389404 -9.806650161743164 -4.82487154006958
