1432907638321 1 1912.0
1432907638318 1 2940.0
1432907638477 1 1350.0
1432907638477 1 3291.0
1432907638899 1 4051.0
1432907638743 1 1673.0
1432907638956 1 1012.0
1432907639056 1 4571.0
1432907639116 1 801.0
1432907639276 1 843.0
1432907639316 1 4177.0
1432907639489 1 745.0
1432907639808 1 829.0
1432907640778 1 4431.0
1432907641617 1 885.0
1432907642468 1 942.0
1432907643134 1 913.0
1432907642735 1 1125.0
1432907642947 1 2039.0
1432907643107 1 2841.0
1432907643267 1 632.0
1432907643286 1 590.0
1432907643365 0 3348.0
1432907644048 0 3193.0
1432907644198 0 4797.0
1432907643520 0 3981.0
1432907644408 0 5459.0
1432907644039 0 3320.0
1432907644827 0 6162.0
1432907644244 0 3629.0
1432907644557 0 4023.0
1432907644868 0 4262.0
1432907647097 0 2630.0
1432907647788 0 660.0
1432907647943 0 604.0
1432907647249 0 491.0
1432907650609 1 210.0
1432907650558 1 280.0
1432907650717 1 449.0
1432907650725 0 421.0
1432907650767 1 140.0
1432907651424 0 548.0
1432907650921 1 365.0
1432907650930 1 238.0
1432907651081 1 562.0
1432907651090 1 534.0
1432907651784 0 294.0
1432907651140 0 266.0
1432907651250 1 590.0
1432907651943 0 562.0
1432907651291 0 463.0
1432907651462 1 534.0
1432907652101 1 590.0
1432907652473 1 548.0
1432907653485 1 590.0
1432907654017 1 562.0
1432907654283 1 618.0
1432907654975 1 562.0
1432907657689 1 618.0
