1433022093238 1 -1.5610195398330688 1.0821791887283325 9.519346237182617
1433022093338 1 -1.5514427423477173 1.0630255937576294 9.509769439697266
1433022093438 1 -1.5322890281677246 1.0630255937576294 9.557653427124023
1433022093538 1 -1.5131354331970215 0.9959878921508789 9.53849983215332
1433022093639 1 -1.6089035272598267 1.0534487962722778 9.691728591918945
1433022093739 1 -1.5418659448623657 1.015141487121582 9.567230224609375
1433022093840 1 -1.522712230682373 1.0055646896362305 9.500192642211914
1433022093940 1 -1.5131354331970215 1.0630255937576294 9.461885452270508
1433022094040 1 -1.5131354331970215 1.0247182846069336 9.490615844726562
1433022094140 1 -1.5418659448623657 0.9959878921508789 9.528923034667969
1433022094240 1 -1.50355863571167 1.0534487962722778 9.528923034667969
1433022094341 1 -1.4939818382263184 1.0055646896362305 9.461885452270508
1433022094441 1 -1.5131354331970215 0.9864110946655273 9.509769439697266
1433022094541 1 -1.5705963373184204 1.0247182846069336 9.47146224975586
1433022094641 1 -1.50355863571167 1.0438719987869263 9.461885452270508
1433022094741 1 -1.5610195398330688 0.9864110946655273 9.509769439697266
1433022094842 1 -1.5514427423477173 1.0342950820922852 9.53849983215332
1433022094942 1 -1.522712230682373 1.0821791887283325 9.47146224975586
1433022095042 1 -1.5514427423477173 0.9672574996948242 9.519346237182617
1433022095142 1 -1.5514427423477173 1.0055646896362305 9.528923034667969
1433022095243 1 -1.5514427423477173 1.0534487962722778 9.423578262329102
1433022095344 1 -1.522712230682373 1.0342950820922852 9.557653427124023
1433022095444 1 -1.50355863571167 1.015141487121582 9.490615844726562
1433022095545 1 -1.5705963373184204 1.0534487962722778 9.47146224975586
1433022095645 1 -1.6089035272598267 1.0438719987869263 9.47146224975586
1433022095746 1 -1.5322890281677246 0.9959878921508789 9.567230224609375
1433022095846 1 -1.5131354331970215 1.0438719987869263 9.548076629638672
1433022095946 1 -1.5514427423477173 1.0247182846069336 9.47146224975586
1433022096047 1 -1.5131354331970215 0.9959878921508789 9.528923034667969
1433022096147 1 -1.5418659448623657 1.0630255937576294 9.519346237182617
1433022096247 1 -1.5610195398330688 1.072602391242981 9.53849983215332
1433022096347 1 -1.5131354331970215 0.9768342971801758 9.490615844726562
1433022096447 1 -1.5610195398330688 0.9959878921508789 9.461885452270508
1433022096547 1 -1.5610195398330688 1.0821791887283325 9.442731857299805
1433022096648 1 -1.5322890281677246 1.0438719987869263 9.509769439697266
1433022096748 1 -1.5610195398330688 1.0055646896362305 9.509769439697266
1433022096848 1 -1.5514427423477173 1.0342950820922852 9.481039047241211
1433022096949 1 -1.5514427423477173 1.0438719987869263 9.481039047241211
1433022097049 1 -1.5322890281677246 1.015141487121582 9.452308654785156
1433022097149 1 -1.5610195398330688 1.0342950820922852 9.490615844726562
1433022097249 1 -1.5418659448623657 1.0438719987869263 9.557653427124023
1433022097350 1 -1.50355863571167 1.0342950820922852 9.490615844726562
1433022097450 1 -1.5514427423477173 1.0247182846069336 9.500192642211914
1433022097550 1 -1.5418659448623657 1.0438719987869263 9.567230224609375
1433022097650 1 -1.50355863571167 1.0342950820922852 9.47146224975586
1433022097751 1 -1.50355863571167 1.015141487121582 9.47146224975586
1433022097851 1 -1.4844050407409668 1.091755986213684 9.461885452270508
1433022097951 1 -1.50355863571167 1.0534487962722778 9.576807022094727
1433022098052 1 -1.50355863571167 1.0342950820922852 9.548076629638672
1433022098152 1 -1.4939818382263184 1.0247182846069336 9.47146224975586
1433022098252 1 -1.5514427423477173 1.0438719987869263 9.509769439697266
1433022098352 1 -1.522712230682373 1.0438719987869263 9.509769439697266
1433022098453 1 -1.5610195398330688 1.072602391242981 9.433155059814453
1433022098553 1 -1.50355863571167 1.072602391242981 9.423578262329102
1433022098653 1 -1.522712230682373 1.072602391242981 9.567230224609375
1433022098754 1 -1.5514427423477173 1.139639973640442 9.548076629638672
1433022098855 1 -1.50355863571167 1.0630255937576294 9.528923034667969
1433022098955 1 -1.5131354331970215 1.0438719987869263 9.509769439697266
1433022099055 1 -1.522712230682373 1.1109095811843872 9.423578262329102
1433022099156 1 -1.50355863571167 1.072602391242981 9.490615844726562
1433022099257 1 -1.4939818382263184 1.0342950820922852 9.490615844726562
1433022099357 1 -1.4939818382263184 1.1109095811843872 9.519346237182617
1433022099457 1 -1.5514427423477173 1.139639973640442 9.461885452270508
1433022099558 1 -1.455674648284912 1.0438719987869263 9.519346237182617
1433022099658 1 -1.50355863571167 1.0821791887283325 9.509769439697266
1433022099759 1 -1.5322890281677246 1.1109095811843872 9.423578262329102
1433022099859 1 -1.4844050407409668 1.015141487121582 9.490615844726562
1433022099959 1 -1.522712230682373 1.091755986213684 9.481039047241211
1433022100059 1 -1.5322890281677246 1.0630255937576294 9.433155059814453
1433022100160 1 -1.50355863571167 1.072602391242981 9.557653427124023
1433022100260 1 -1.5418659448623657 1.0821791887283325 9.557653427124023
1433022100360 1 -1.5418659448623657 1.091755986213684 9.442731857299805
1433022100460 1 -1.4939818382263184 1.0247182846069336 9.461885452270508
1433022100560 1 -1.4844050407409668 1.072602391242981 9.500192642211914
1433022100660 1 -1.5514427423477173 1.0821791887283325 9.490615844726562
1433022100761 1 -1.50355863571167 1.0534487962722778 9.423578262329102
1433022100861 1 -1.5418659448623657 1.0534487962722778 9.47146224975586
1433022100961 1 -1.522712230682373 1.072602391242981 9.47146224975586
1433022101062 1 -1.50355863571167 1.0534487962722778 9.519346237182617
1433022101162 1 -1.455674648284912 1.072602391242981 9.481039047241211
1433022101262 1 -1.5610195398330688 1.1204863786697388 9.528923034667969
1433022101362 1 -1.5418659448623657 1.139639973640442 9.509769439697266
1433022101463 1 -1.5131354331970215 1.1013327836990356 9.548076629638672
1433022101562 1 -1.4939818382263184 1.1300631761550903 9.509769439697266
1433022101662 1 -1.5418659448623657 1.0821791887283325 9.528923034667969
1433022101762 1 -1.50355863571167 1.072602391242981 9.500192642211914
1433022101863 1 -1.4939818382263184 1.1300631761550903 9.47146224975586
1433022101963 1 -1.522712230682373 1.1109095811843872 9.490615844726562
1433022102063 1 -1.4844050407409668 1.0630255937576294 9.509769439697266
1433022102163 1 -1.4844050407409668 1.1109095811843872 9.519346237182617
1433022102264 1 -1.4748282432556152 1.091755986213684 9.509769439697266
1433022102364 1 -1.5514427423477173 1.1013327836990356 9.481039047241211
1433022102464 1 -1.5514427423477173 1.1300631761550903 9.500192642211914
1433022102564 1 -1.5610195398330688 1.1779472827911377 9.576807022094727
1433022102665 1 -1.4939818382263184 1.1204863786697388 9.509769439697266
1433022102765 1 -1.4652514457702637 1.1013327836990356 9.47146224975586
1433022102865 1 -1.5514427423477173 1.1109095811843872 9.481039047241211
1433022102965 1 -1.5322890281677246 1.1683704853057861 9.567230224609375
1433022103065 1 -1.50355863571167 1.1300631761550903 9.53849983215332
1433022103165 1 -1.5418659448623657 1.158793568611145 9.500192642211914
1433022103265 1 -1.4939818382263184 1.0821791887283325 9.490615844726562
1433022103366 1 -1.5131354331970215 1.0534487962722778 9.481039047241211
1433022103465 1 -1.4748282432556152 1.1204863786697388 9.481039047241211
1433022103565 1 -1.50355863571167 1.1779472827911377 9.557653427124023
1433022103666 1 -1.50355863571167 1.1013327836990356 9.47146224975586
1433022103766 1 -1.599326729774475 1.158793568611145 9.528923034667969
1433022103866 1 -1.436521053314209 1.1204863786697388 9.509769439697266
1433022103967 1 -1.4652514457702637 1.1300631761550903 9.528923034667969
1433022104068 1 -1.522712230682373 1.1300631761550903 9.461885452270508
1433022104168 1 -1.4748282432556152 1.1109095811843872 9.548076629638672
1433022104268 1 -1.50355863571167 1.0821791887283325 9.481039047241211
1433022104369 1 -1.5705963373184204 1.1013327836990356 9.490615844726562
1433022104469 1 -1.4748282432556152 1.158793568611145 9.41400146484375
1433022104569 1 -1.4939818382263184 1.1300631761550903 9.481039047241211
1433022104669 1 -1.5418659448623657 1.0821791887283325 9.394847869873047
1433022104769 1 -1.4939818382263184 1.072602391242981 9.548076629638672
1433022104869 1 -1.50355863571167 1.1300631761550903 9.500192642211914
1433022104970 1 -1.5322890281677246 1.1204863786697388 9.528923034667969
1433022105070 1 -1.455674648284912 1.072602391242981 9.35654067993164
1433022105171 1 -1.5322890281677246 1.158793568611145 9.490615844726562
1433022105272 1 -1.5610195398330688 1.0821791887283325 9.452308654785156
1433022105373 1 -1.5131354331970215 1.1204863786697388 9.53849983215332
1433022105473 1 -1.4939818382263184 1.1204863786697388 9.557653427124023
1433022105573 1 -1.5322890281677246 1.0821791887283325 9.500192642211914
1433022105673 1 -1.599326729774475 1.1204863786697388 9.509769439697266
1433022105773 1 -1.4652514457702637 1.1013327836990356 9.461885452270508
1433022105873 1 -1.5131354331970215 1.1300631761550903 9.509769439697266
1433022105973 1 -1.4844050407409668 1.1492167711257935 9.500192642211914
1433022106073 1 -1.5131354331970215 1.1492167711257935 9.59596061706543
1433022106174 1 -1.37906014919281 1.1779472827911377 9.500192642211914
1433022106275 1 -1.522712230682373 1.1013327836990356 9.53849983215332
1433022106375 1 -1.5514427423477173 1.1204863786697388 9.548076629638672
1433022106475 1 -1.5322890281677246 1.139639973640442 9.47146224975586
1433022106575 1 -1.4652514457702637 1.1013327836990356 9.53849983215332
1433022106675 1 -1.50355863571167 1.1779472827911377 9.557653427124023
1433022106775 1 -1.5418659448623657 1.139639973640442 9.509769439697266
1433022106875 1 -1.5131354331970215 1.072602391242981 9.500192642211914
1433022106976 1 -1.4748282432556152 1.1109095811843872 9.528923034667969
1433022107077 1 -1.5705963373184204 1.1779472827911377 9.519346237182617
1433022107176 1 -1.50355863571167 1.1109095811843872 9.509769439697266
1433022107276 1 -1.50355863571167 1.0821791887283325 9.490615844726562
1433022107376 1 -1.4939818382263184 1.1300631761550903 9.452308654785156
1433022107476 1 -1.5610195398330688 1.1204863786697388 9.490615844726562
1433022107577 1 -1.50355863571167 1.072602391242981 9.452308654785156
1433022107678 1 -1.5705963373184204 1.1013327836990356 9.481039047241211
1433022107778 1 -1.50355863571167 1.1300631761550903 9.53849983215332
1433022107878 1 -1.5514427423477173 1.1013327836990356 9.337387084960938
1433022107978 1 -1.50355863571167 0.9864110946655273 9.41400146484375
1433022108079 1 -1.5514427423477173 1.1204863786697388 9.41400146484375
1433022108180 1 -1.4748282432556152 1.0630255937576294 9.490615844726562
1433022108280 1 -1.5418659448623657 1.1300631761550903 9.509769439697266
1433022108380 1 -1.5514427423477173 1.072602391242981 9.490615844726562
1433022108480 1 -1.4460978507995605 1.0055646896362305 9.519346237182617
1433022108580 1 -1.5322890281677246 1.1013327836990356 9.576807022094727
1433022108680 1 -1.522712230682373 1.1109095811843872 9.404424667358398
1433022108781 1 -1.5514427423477173 1.0247182846069336 9.481039047241211
1433022108882 1 -1.5418659448623657 1.0821791887283325 9.509769439697266
1433022108983 1 -1.5418659448623657 1.0534487962722778 9.481039047241211
1433022109083 1 -1.5322890281677246 1.0342950820922852 9.586383819580078
1433022109183 1 -1.5322890281677246 1.0438719987869263 9.53849983215332
1433022109283 1 -1.5610195398330688 1.0821791887283325 9.442731857299805
1433022109383 1 -1.522712230682373 1.0342950820922852 9.490615844726562
1433022109483 1 -1.5131354331970215 1.0821791887283325 9.47146224975586
1433022109584 1 -1.50355863571167 1.1109095811843872 9.47146224975586
1433022109685 1 -1.522712230682373 1.0534487962722778 9.548076629638672
1433022109786 1 -1.50355863571167 1.0055646896362305 9.500192642211914
1433022109887 1 -1.50355863571167 1.1300631761550903 9.481039047241211
1433022109988 1 -1.5131354331970215 0.9959878921508789 9.509769439697266
1433022110088 1 -1.5131354331970215 1.015141487121582 9.53849983215332
1433022110188 1 -1.5322890281677246 1.1013327836990356 9.586383819580078
1433022110288 1 -1.4939818382263184 1.0821791887283325 9.519346237182617
1433022110388 1 -1.4844050407409668 0.9959878921508789 9.47146224975586
1433022110488 1 -1.5322890281677246 1.0438719987869263 9.528923034667969
1433022110589 1 -1.5610195398330688 1.0438719987869263 9.490615844726562
1433022110689 1 -1.5322890281677246 1.0055646896362305 9.404424667358398
1433022110789 1 -1.5610195398330688 1.0247182846069336 9.490615844726562
1433022110889 1 -1.522712230682373 1.0438719987869263 9.461885452270508
1433022110990 1 -1.522712230682373 1.0342950820922852 9.490615844726562
1433022111091 1 -1.5705963373184204 0.9768342971801758 9.490615844726562
1433022111191 1 -1.522712230682373 1.0438719987869263 9.490615844726562
1433022111291 1 -1.5514427423477173 0.9768342971801758 9.490615844726562
1433022111391 1 -1.5705963373184204 0.9385270476341248 9.490615844726562
1433022111491 1 -1.580173134803772 1.0534487962722778 9.548076629638672
1433022111591 1 -1.5514427423477173 1.015141487121582 9.576807022094727
1433022111694 1 -1.6376339197158813 0.9768342971801758 9.643844604492188
1433022111795 1 -1.6184803247451782 1.0630255937576294 9.490615844726562
1433022111895 1 -1.5897499322891235 1.0342950820922852 9.490615844726562
1433022111995 1 -1.5610195398330688 0.9576807022094727 9.481039047241211
1433022112095 1 -1.580173134803772 1.0342950820922852 9.481039047241211
1433022112195 1 -1.580173134803772 1.0247182846069336 9.500192642211914
1433022112295 1 -1.5705963373184204 0.9481038451194763 9.528923034667969
1433022112396 1 -1.6280571222305298 0.9768342971801758 9.433155059814453
1433022112497 1 -1.656787633895874 1.015141487121582 9.442731857299805
1433022112598 1 -1.6089035272598267 0.9768342971801758 9.404424667358398
1433022112698 1 -1.5610195398330688 1.0055646896362305 9.509769439697266
1433022112798 1 -1.656787633895874 1.0055646896362305 9.461885452270508
1433022112898 1 -1.5897499322891235 1.0055646896362305 9.461885452270508
1433022112998 1 -1.5418659448623657 0.9864110946655273 9.47146224975586
1433022113099 1 -1.6184803247451782 1.0438719987869263 9.47146224975586
1433022113200 1 -1.580173134803772 0.9959878921508789 9.433155059814453
1433022113300 1 -1.5418659448623657 0.9289502501487732 9.41400146484375
1433022113400 1 -1.5610195398330688 1.0821791887283325 9.509769439697266
1433022113500 1 -1.6280571222305298 1.015141487121582 9.528923034667969
1433022113600 1 -1.6376339197158813 1.0342950820922852 9.548076629638672
1433022113703 1 -1.5705963373184204 1.015141487121582 9.452308654785156
1433022113804 1 -1.580173134803772 1.0055646896362305 9.47146224975586
1433022113905 1 -1.6184803247451782 0.9576807022094727 9.519346237182617
1433022114006 1 -1.6184803247451782 1.015141487121582 9.500192642211914
1433022114105 1 -1.6376339197158813 1.0438719987869263 9.509769439697266
1433022114205 1 -1.6089035272598267 0.9289502501487732 9.452308654785156
1433022114305 1 -1.5322890281677246 1.015141487121582 9.461885452270508
1433022114405 1 -1.6184803247451782 1.0342950820922852 9.423578262329102
1433022114505 1 -1.6280571222305298 1.0534487962722778 9.433155059814453
1433022114606 1 -1.6759412288665771 1.0055646896362305 9.318233489990234
1433022114708 1 -1.6759412288665771 1.0438719987869263 9.519346237182617
1433022114808 1 -1.647210717201233 0.9576807022094727 9.519346237182617
1433022114909 1 -1.6184803247451782 0.9576807022094727 9.53849983215332
1433022115010 1 -1.580173134803772 1.0630255937576294 9.53849983215332
1433022115111 1 -1.5418659448623657 0.9959878921508789 9.394847869873047
1433022115210 1 -1.6089035272598267 0.9864110946655273 9.47146224975586
1433022115310 1 -1.5514427423477173 1.0438719987869263 9.41400146484375
1433022115410 1 -1.5705963373184204 1.015141487121582 9.404424667358398
1433022115510 1 -1.5897499322891235 0.9481038451194763 9.423578262329102
1433022115610 1 -1.5897499322891235 0.9864110946655273 9.509769439697266
1433022115710 1 -1.580173134803772 1.0438719987869263 9.528923034667969
1433022115810 1 -1.6280571222305298 0.9959878921508789 9.490615844726562
1433022115910 1 -1.5610195398330688 1.015141487121582 9.452308654785156
1433022116010 1 -1.6280571222305298 1.091755986213684 9.548076629638672
1433022116110 1 -1.5514427423477173 0.8906430602073669 9.385271072387695
1433022116210 1 -1.5897499322891235 0.9481038451194763 9.519346237182617
1433022116310 1 -1.5610195398330688 1.0055646896362305 9.452308654785156
1433022116411 1 -1.6184803247451782 0.9864110946655273 9.53849983215332
1433022116512 1 -1.522712230682373 0.9672574996948242 9.423578262329102
1433022116611 1 -1.5418659448623657 1.015141487121582 9.528923034667969
1433022116711 1 -1.599326729774475 0.9672574996948242 9.481039047241211
1433022116811 1 -1.5610195398330688 1.0247182846069336 9.394847869873047
1433022116911 1 -1.5322890281677246 1.0821791887283325 9.481039047241211
1433022117011 1 -1.5514427423477173 0.9672574996948242 9.461885452270508
1433022117111 1 -1.6280571222305298 0.9576807022094727 9.586383819580078
1433022117211 1 -1.580173134803772 1.0247182846069336 9.442731857299805
1433022117311 1 -1.5705963373184204 0.9864110946655273 9.500192642211914
1433022117411 1 -1.5514427423477173 0.9481038451194763 9.490615844726562
1433022117511 1 -1.5322890281677246 1.0342950820922852 9.442731857299805
1433022117612 1 -1.5705963373184204 0.9959878921508789 9.519346237182617
1433022117713 1 -1.580173134803772 0.9289502501487732 9.53849983215332
1433022117813 1 -1.5897499322891235 0.9481038451194763 9.528923034667969
1433022117913 1 -1.5418659448623657 1.0534487962722778 9.528923034667969
1433022118013 1 -1.5897499322891235 0.9576807022094727 9.490615844726562
1433022118113 1 -1.5514427423477173 1.015141487121582 9.452308654785156
1433022118213 1 -1.6089035272598267 1.0438719987869263 9.490615844726562
1433022118313 1 -1.5897499322891235 0.9864110946655273 9.576807022094727
1433022118414 1 -1.522712230682373 0.9672574996948242 9.442731857299805
1433022118515 1 -1.5418659448623657 1.0438719987869263 9.481039047241211
1433022118615 1 -1.5322890281677246 0.9481038451194763 9.567230224609375
1433022118715 1 -1.580173134803772 0.9576807022094727 9.528923034667969
1433022118815 1 -1.5514427423477173 1.0055646896362305 9.509769439697266
1433022118916 1 -1.6184803247451782 1.0247182846069336 9.490615844726562
1433022119017 1 -1.4748282432556152 0.9768342971801758 9.461885452270508
1433022119116 1 -1.522712230682373 1.0438719987869263 9.452308654785156
1433022119216 1 -1.5610195398330688 1.0630255937576294 9.490615844726562
1433022119316 1 -1.5514427423477173 0.9672574996948242 9.53849983215332
1433022119416 1 -1.5897499322891235 0.9959878921508789 9.461885452270508
1433022119516 1 -1.5514427423477173 1.0342950820922852 9.548076629638672
1433022119617 1 -1.5705963373184204 0.9672574996948242 9.47146224975586
1433022119718 1 -1.522712230682373 1.0342950820922852 9.481039047241211
1433022119818 1 -1.5897499322891235 1.072602391242981 9.548076629638672
1433022119918 1 -1.5705963373184204 0.9768342971801758 9.519346237182617
1433022120018 1 -1.5610195398330688 1.0055646896362305 9.490615844726562
1433022120118 1 -1.580173134803772 1.0534487962722778 9.548076629638672
1433022120219 1 -1.5514427423477173 0.9864110946655273 9.461885452270508
1433022120319 1 -1.522712230682373 0.9385270476341248 9.47146224975586
1433022120419 1 -1.5418659448623657 1.0055646896362305 9.509769439697266
1433022120519 1 -1.580173134803772 0.9672574996948242 9.452308654785156
1433022120619 1 -1.50355863571167 0.9959878921508789 9.461885452270508
1433022120719 1 -1.5322890281677246 1.0055646896362305 9.452308654785156
1433022120819 1 -1.599326729774475 1.0247182846069336 9.423578262329102
1433022120919 1 -1.50355863571167 0.9576807022094727 9.481039047241211
1433022121019 1 -1.5322890281677246 0.9768342971801758 9.442731857299805
1433022121119 1 -1.5705963373184204 1.0438719987869263 9.548076629638672
1433022121219 1 -1.6089035272598267 1.0247182846069336 9.576807022094727
1433022121319 1 -1.580173134803772 1.0247182846069336 9.519346237182617
1433022121420 1 -1.522712230682373 1.015141487121582 9.47146224975586
1433022121519 1 -1.5322890281677246 0.9385270476341248 9.53849983215332
1433022121619 1 -1.5514427423477173 0.9672574996948242 9.500192642211914
1433022121719 1 -1.580173134803772 1.0342950820922852 9.490615844726562
1433022121819 1 -1.522712230682373 0.9385270476341248 9.481039047241211
1433022121919 1 -1.5418659448623657 0.9481038451194763 9.528923034667969
1433022122019 1 -1.50355863571167 1.072602391242981 9.500192642211914
1433022122121 1 -1.5418659448623657 1.0055646896362305 9.500192642211914
1433022122220 1 -1.5610195398330688 1.015141487121582 9.500192642211914
1433022122320 1 -1.5514427423477173 1.0438719987869263 9.461885452270508
1433022122420 1 -1.5514427423477173 1.0342950820922852 9.500192642211914
1433022122521 1 -1.5514427423477173 0.9576807022094727 9.442731857299805
1433022122621 1 -1.5705963373184204 0.8906430602073669 9.490615844726562
1433022122721 1 -1.5322890281677246 0.9959878921508789 9.481039047241211
1433022122822 1 -1.522712230682373 0.9672574996948242 9.567230224609375
1433022122922 1 -1.4939818382263184 1.0534487962722778 9.500192642211914
1433022123022 1 -1.599326729774475 1.0247182846069336 9.461885452270508
1433022123123 1 -1.580173134803772 0.9672574996948242 9.452308654785156
1433022123223 1 -1.5131354331970215 1.0247182846069336 9.519346237182617
1433022123323 1 -1.5322890281677246 1.0247182846069336 9.548076629638672
1433022123424 1 -1.4939818382263184 0.9864110946655273 9.519346237182617
1433022123525 1 -1.5131354331970215 0.9193734526634216 9.452308654785156
1433022123626 1 -1.50355863571167 0.9959878921508789 9.433155059814453
1433022123725 1 -1.6089035272598267 0.9576807022094727 9.433155059814453
1433022123825 1 -1.5418659448623657 0.9385270476341248 9.500192642211914
1433022123928 1 -1.5514427423477173 0.9864110946655273 9.53849983215332
1433022124029 1 -1.5418659448623657 1.0055646896362305 9.53849983215332
1433022124129 1 -1.5897499322891235 0.9576807022094727 9.500192642211914
1433022124229 1 -1.5610195398330688 1.0534487962722778 9.47146224975586
1433022124329 1 -1.580173134803772 1.015141487121582 9.490615844726562
1433022124430 1 -1.5705963373184204 0.9385270476341248 9.509769439697266
1433022124531 1 -1.522712230682373 1.0438719987869263 9.548076629638672
1433022124631 1 -1.5131354331970215 1.0055646896362305 9.548076629638672
1433022124731 1 -1.5322890281677246 0.9576807022094727 9.519346237182617
1433022124832 1 -1.5705963373184204 0.9864110946655273 9.528923034667969
1433022124932 1 -1.580173134803772 1.0342950820922852 9.557653427124023
1433022125032 1 -1.5610195398330688 0.9481038451194763 9.59596061706543
1433022125132 1 -1.5610195398330688 1.0055646896362305 9.433155059814453
1433022125233 1 -1.5897499322891235 1.0534487962722778 9.47146224975586
1433022125333 1 -1.5705963373184204 0.9864110946655273 9.528923034667969
1433022125433 1 -1.599326729774475 0.9576807022094727 9.452308654785156
1433022125533 1 -1.50355863571167 1.015141487121582 9.500192642211914
1433022125633 1 -1.5610195398330688 0.9959878921508789 9.47146224975586
1433022125733 1 -1.4939818382263184 0.9481038451194763 9.490615844726562
1433022125834 1 -1.522712230682373 1.072602391242981 9.41400146484375
1433022125933 1 -1.5322890281677246 1.0630255937576294 9.519346237182617
1433022126033 1 -1.522712230682373 0.9385270476341248 9.442731857299805
1433022126134 1 -1.5418659448623657 1.072602391242981 9.490615844726562
1433022126235 1 -1.5514427423477173 1.0342950820922852 9.528923034667969
1433022126334 1 -1.6280571222305298 0.9959878921508789 9.528923034667969
1433022126434 1 -1.5705963373184204 1.0055646896362305 9.452308654785156
1433022126534 1 -1.5705963373184204 0.9864110946655273 9.442731857299805
1433022126634 1 -1.5705963373184204 0.9959878921508789 9.481039047241211
1433022126735 1 -1.5131354331970215 1.015141487121582 9.509769439697266
1433022126834 1 -1.599326729774475 1.0342950820922852 9.509769439697266
1433022126934 1 -1.5705963373184204 0.9672574996948242 9.47146224975586
1433022127035 1 -1.5131354331970215 0.9672574996948242 9.481039047241211
1433022127135 1 -1.5610195398330688 0.9959878921508789 9.509769439697266
1433022127235 1 -1.50355863571167 0.9576807022094727 9.47146224975586
1433022127335 1 -1.599326729774475 0.9959878921508789 9.576807022094727
1433022127435 1 -1.5514427423477173 1.0247182846069336 9.500192642211914
1433022127535 1 -1.5514427423477173 0.9959878921508789 9.548076629638672
1433022127635 1 -1.5131354331970215 0.9864110946655273 9.528923034667969
1433022127735 1 -1.5418659448623657 1.0247182846069336 9.509769439697266
1433022127836 1 -1.5131354331970215 1.0055646896362305 9.509769439697266
1433022127936 1 -1.5897499322891235 0.9959878921508789 9.528923034667969
1433022128036 1 -1.5131354331970215 1.0342950820922852 9.47146224975586
1433022128137 1 -1.5897499322891235 1.0247182846069336 9.461885452270508
1433022128237 1 -1.5897499322891235 1.0055646896362305 9.586383819580078
1433022128337 1 -1.6089035272598267 1.0534487962722778 9.500192642211914
1433022128437 1 -1.580173134803772 1.0534487962722778 9.47146224975586
1433022128537 1 -1.5131354331970215 0.9959878921508789 9.394847869873047
1433022128637 1 -1.522712230682373 0.9959878921508789 9.461885452270508
1433022128737 1 -1.5610195398330688 1.0247182846069336 9.490615844726562
1433022128837 1 -1.5514427423477173 0.9385270476341248 9.490615844726562
1433022128937 1 -1.5131354331970215 0.9672574996948242 9.557653427124023
1433022129037 1 -1.5705963373184204 1.0630255937576294 9.481039047241211
1433022129138 1 -1.5705963373184204 1.0247182846069336 9.548076629638672
1433022129238 1 -1.5418659448623657 0.9768342971801758 9.519346237182617
1433022129338 1 -1.5610195398330688 1.0438719987869263 9.433155059814453
1433022129438 1 -1.5897499322891235 0.9768342971801758 9.576807022094727
1433022129538 1 -1.5610195398330688 1.0055646896362305 9.548076629638672
1433022129638 1 -1.599326729774475 1.0438719987869263 9.433155059814453
1433022129738 1 -1.5610195398330688 1.0342950820922852 9.442731857299805
1433022129839 1 -1.5514427423477173 0.9864110946655273 9.461885452270508
1433022129939 1 -1.5705963373184204 1.0438719987869263 9.442731857299805
1433022130039 1 -1.5610195398330688 1.015141487121582 9.47146224975586
1433022130139 1 -1.580173134803772 0.9768342971801758 9.490615844726562
1433022130239 1 -1.522712230682373 1.0630255937576294 9.519346237182617
1433022130340 1 -1.5897499322891235 1.0342950820922852 9.567230224609375
1433022130440 1 -1.5705963373184204 0.9768342971801758 9.509769439697266
1433022130541 1 -1.5418659448623657 0.9864110946655273 9.519346237182617
1433022130641 1 -1.580173134803772 0.9959878921508789 9.519346237182617
1433022130742 1 -1.5322890281677246 1.0438719987869263 9.423578262329102
1433022130841 1 -1.580173134803772 0.9768342971801758 9.490615844726562
1433022130941 1 -1.5418659448623657 1.015141487121582 9.442731857299805
1433022131041 1 -1.5705963373184204 1.015141487121582 9.423578262329102
1433022131141 1 -1.5705963373184204 0.9864110946655273 9.509769439697266
1433022131242 1 -1.5610195398330688 1.0055646896362305 9.433155059814453
1433022131342 1 -1.599326729774475 1.0534487962722778 9.557653427124023
1433022131442 1 -1.5514427423477173 1.0342950820922852 9.47146224975586
1433022131542 1 -1.5705963373184204 1.0630255937576294 9.528923034667969
1433022131642 1 -1.5705963373184204 1.0247182846069336 9.519346237182617
1433022131742 1 -1.5610195398330688 1.0438719987869263 9.433155059814453
1433022131842 1 -1.5322890281677246 0.9768342971801758 9.452308654785156
1433022131942 1 -1.5705963373184204 1.091755986213684 9.528923034667969
1433022132042 1 -1.5131354331970215 0.9959878921508789 9.481039047241211
1433022132142 1 -1.5418659448623657 0.9864110946655273 9.47146224975586
1433022132242 1 -1.522712230682373 1.1013327836990356 9.442731857299805
1433022132342 1 -1.5322890281677246 1.0342950820922852 9.442731857299805
1433022132442 1 -1.5322890281677246 1.0534487962722778 9.509769439697266
1433022132542 1 -1.5897499322891235 1.0630255937576294 9.519346237182617
1433022132642 1 -1.5322890281677246 1.0342950820922852 9.490615844726562
1433022132742 1 -1.5610195398330688 1.0055646896362305 9.481039047241211
1433022132842 1 -1.5322890281677246 1.0534487962722778 9.47146224975586
1433022132942 1 -1.5131354331970215 1.0630255937576294 9.500192642211914
1433022133042 1 -1.5610195398330688 0.9768342971801758 9.548076629638672
1433022133143 1 -1.580173134803772 1.0534487962722778 9.461885452270508
1433022133243 1 -1.5705963373184204 1.091755986213684 9.481039047241211
1433022133343 1 -1.522712230682373 0.9959878921508789 9.375694274902344
1433022133443 1 -1.5514427423477173 1.0534487962722778 9.624691009521484
1433022133543 1 -1.6280571222305298 1.1300631761550903 9.490615844726562
1433022133644 1 -1.5418659448623657 1.072602391242981 9.47146224975586
1433022133744 1 -1.5514427423477173 1.0055646896362305 9.433155059814453
1433022133844 1 -1.50355863571167 1.0630255937576294 9.66299819946289
1433022133944 1 -1.5322890281677246 1.015141487121582 9.47146224975586
1433022134045 1 -1.50355863571167 1.0247182846069336 9.53849983215332
1433022134146 1 -1.50355863571167 1.1109095811843872 9.519346237182617
1433022134247 1 -1.4844050407409668 1.0821791887283325 9.433155059814453
1433022134347 1 -1.580173134803772 1.091755986213684 9.461885452270508
1433022134447 1 -1.4939818382263184 1.072602391242981 9.433155059814453
1433022134547 1 -1.5514427423477173 1.0821791887283325 9.615114212036133
1433022134647 1 -1.4652514457702637 1.0055646896362305 9.337387084960938
1433022134747 1 -1.522712230682373 1.0342950820922852 9.53849983215332
1433022134847 1 -1.5897499322891235 1.072602391242981 9.404424667358398
1433022134947 1 -1.580173134803772 1.0342950820922852 9.567230224609375
1433022135047 1 -1.50355863571167 1.0438719987869263 9.461885452270508
1433022135147 1 -1.5131354331970215 1.0821791887283325 9.461885452270508
1433022135247 1 -1.4939818382263184 1.0630255937576294 9.442731857299805
1433022135347 1 -1.5705963373184204 1.1013327836990356 9.548076629638672
1433022135447 1 -1.4460978507995605 1.015141487121582 9.548076629638672
1433022135547 1 -1.5705963373184204 1.0630255937576294 9.481039047241211
1433022135647 1 -1.5322890281677246 1.0821791887283325 9.509769439697266
1433022135747 1 -1.522712230682373 1.072602391242981 9.423578262329102
1433022135848 1 -1.5131354331970215 1.0247182846069336 9.624691009521484
1433022135948 1 -1.6280571222305298 1.1013327836990356 9.53849983215332
1433022136048 1 -1.4844050407409668 1.0534487962722778 9.567230224609375
1433022136148 1 -1.599326729774475 1.072602391242981 9.404424667358398
1433022136248 1 -1.5322890281677246 1.015141487121582 9.490615844726562
1433022136348 1 -1.5322890281677246 1.072602391242981 9.500192642211914
1433022136448 1 -1.5322890281677246 1.072602391242981 9.509769439697266
1433022136549 1 -1.5610195398330688 1.0055646896362305 9.519346237182617
1433022136649 1 -1.5610195398330688 1.0534487962722778 9.461885452270508
1433022136749 1 -1.4652514457702637 1.0821791887283325 9.47146224975586
1433022136849 1 -1.5322890281677246 1.0342950820922852 9.490615844726562
1433022136949 1 -1.5705963373184204 1.0438719987869263 9.481039047241211
1433022137049 1 -1.5322890281677246 1.0342950820922852 9.461885452270508
1433022137149 1 -1.5322890281677246 1.0534487962722778 9.47146224975586
1433022137249 1 -1.522712230682373 1.0630255937576294 9.481039047241211
1433022137349 1 -1.4939818382263184 1.0630255937576294 9.47146224975586
1433022137449 1 -1.522712230682373 1.015141487121582 9.500192642211914
1433022137549 1 -1.5418659448623657 1.015141487121582 9.490615844726562
1433022137649 1 -1.5610195398330688 1.1204863786697388 9.461885452270508
1433022137749 1 -1.5322890281677246 1.0055646896362305 9.519346237182617
1433022137849 1 -1.5418659448623657 1.0247182846069336 9.557653427124023
1433022137949 1 -1.4652514457702637 1.0630255937576294 9.519346237182617
1433022138049 1 -1.5705963373184204 1.0247182846069336 9.481039047241211
1433022138150 1 -1.5418659448623657 1.0438719987869263 9.500192642211914
1433022138251 1 -1.455674648284912 1.091755986213684 9.528923034667969
1433022138352 1 -1.580173134803772 1.0534487962722778 9.461885452270508
1433022138452 1 -1.5514427423477173 0.9959878921508789 9.509769439697266
1433022138552 1 -1.50355863571167 1.0342950820922852 9.423578262329102
1433022138652 1 -1.522712230682373 1.091755986213684 9.452308654785156
1433022138752 1 -1.4844050407409668 1.0630255937576294 9.461885452270508
1433022138852 1 -1.580173134803772 1.0438719987869263 9.461885452270508
1433022138952 1 -1.5514427423477173 1.0630255937576294 9.500192642211914
1433022139053 1 -1.4939818382263184 1.0438719987869263 9.490615844726562
1433022139154 1 -1.5418659448623657 1.0438719987869263 9.47146224975586
1433022139253 1 -1.5514427423477173 1.0342950820922852 9.509769439697266
1433022139353 1 -1.5705963373184204 1.0438719987869263 9.509769439697266
1433022139453 1 -1.455674648284912 1.0342950820922852 9.452308654785156
1433022139553 1 -1.5610195398330688 1.1204863786697388 9.442731857299805
1433022139653 1 -1.5514427423477173 0.9864110946655273 9.481039047241211
1433022139754 1 -1.5514427423477173 1.0342950820922852 9.528923034667969
1433022139855 1 -1.5418659448623657 1.0438719987869263 9.500192642211914
1433022139955 1 -1.5418659448623657 1.0438719987869263 9.461885452270508
1433022140055 1 -1.5610195398330688 0.9959878921508789 9.461885452270508
1433022140155 1 -1.5131354331970215 1.072602391242981 9.528923034667969
1433022140254 1 -1.5610195398330688 1.1013327836990356 9.47146224975586
1433022140354 1 -1.5322890281677246 1.0534487962722778 9.519346237182617
1433022140454 1 -1.580173134803772 1.0534487962722778 9.461885452270508
1433022140554 1 -1.5131354331970215 1.1109095811843872 9.490615844726562
1433022140654 1 -1.5322890281677246 1.0438719987869263 9.490615844726562
1433022140754 1 -1.4939818382263184 1.015141487121582 9.461885452270508
1433022140854 1 -1.5610195398330688 1.1109095811843872 9.490615844726562
1433022140955 1 -1.522712230682373 1.072602391242981 9.509769439697266
1433022141054 1 -1.5131354331970215 1.0342950820922852 9.528923034667969
1433022141155 1 -1.5418659448623657 1.1109095811843872 9.452308654785156
1433022141255 1 -1.5131354331970215 1.0438719987869263 9.442731857299805
1433022141356 1 -1.5322890281677246 1.015141487121582 9.53849983215332
1433022141455 1 -1.5514427423477173 1.1300631761550903 9.509769439697266
1433022141556 1 -1.522712230682373 1.1109095811843872 9.519346237182617
1433022141657 1 -1.5418659448623657 1.015141487121582 9.461885452270508
1433022141758 1 -1.5897499322891235 1.0534487962722778 9.442731857299805
1433022141857 1 -1.599326729774475 1.1204863786697388 9.375694274902344
1433022141957 1 -1.5418659448623657 0.9864110946655273 9.519346237182617
1433022142057 1 -1.522712230682373 1.0438719987869263 9.433155059814453
1433022142157 1 -1.4939818382263184 1.0821791887283325 9.452308654785156
1433022142257 1 -1.5705963373184204 1.0247182846069336 9.423578262329102
1433022142358 1 -1.5418659448623657 1.0534487962722778 9.423578262329102
1433022142459 1 -1.5322890281677246 1.1013327836990356 9.519346237182617
1433022142560 1 -1.5131354331970215 1.0438719987869263 9.461885452270508
1433022142660 1 -1.5705963373184204 1.0438719987869263 9.490615844726562
1433022142761 1 -1.5418659448623657 1.1013327836990356 9.490615844726562
1433022142861 1 -1.580173134803772 1.015141487121582 9.461885452270508
1433022142962 1 -1.5322890281677246 1.0247182846069336 9.47146224975586
1433022143061 1 -1.5131354331970215 1.0630255937576294 9.528923034667969
1433022143161 1 -1.5610195398330688 1.0342950820922852 9.500192642211914
1433022143261 1 -1.599326729774475 1.0055646896362305 9.500192642211914
1433022143361 1 -1.5514427423477173 1.0630255937576294 9.433155059814453
1433022143461 1 -1.5418659448623657 1.0630255937576294 9.47146224975586
1433022143562 1 -1.522712230682373 1.0055646896362305 9.481039047241211
1433022143662 1 -1.4844050407409668 1.0342950820922852 9.519346237182617
1433022143762 1 -1.50355863571167 1.0438719987869263 9.461885452270508
1433022143862 1 -1.580173134803772 1.072602391242981 9.500192642211914
1433022143962 1 -1.5705963373184204 1.0342950820922852 9.500192642211914
1433022144074 1 -1.5514427423477173 1.0438719987869263 9.47146224975586
1433022144175 1 -1.5322890281677246 1.0055646896362305 9.481039047241211
1433022144275 1 -1.5418659448623657 1.091755986213684 9.519346237182617
1433022144375 1 -1.522712230682373 1.072602391242981 9.500192642211914
1433022144475 1 -1.5610195398330688 1.0342950820922852 9.500192642211914
1433022144576 1 -1.522712230682373 1.0247182846069336 9.433155059814453
1433022144676 1 -1.5610195398330688 1.0438719987869263 9.423578262329102
1433022144776 1 -1.580173134803772 0.9864110946655273 9.548076629638672
1433022144877 1 -1.5418659448623657 1.072602391242981 9.47146224975586
1433022144977 1 -1.522712230682373 1.0821791887283325 9.452308654785156
1433022145077 1 -1.5131354331970215 1.015141487121582 9.461885452270508
1433022145177 1 -1.522712230682373 1.015141487121582 9.481039047241211
1433022145278 1 -1.5514427423477173 1.072602391242981 9.461885452270508
1433022145378 1 -1.5131354331970215 1.015141487121582 9.47146224975586
1433022145478 1 -1.50355863571167 1.015141487121582 9.519346237182617
1433022145578 1 -1.5610195398330688 1.0821791887283325 9.481039047241211
1433022145679 1 -1.5705963373184204 1.0247182846069336 9.490615844726562
1433022145780 1 -1.5705963373184204 1.0342950820922852 9.509769439697266
1433022145879 1 -1.5418659448623657 1.0247182846069336 9.481039047241211
1433022145979 1 -1.5418659448623657 1.0630255937576294 9.47146224975586
1433022146079 1 -1.5514427423477173 0.9959878921508789 9.509769439697266
1433022146180 1 -1.5610195398330688 1.0438719987869263 9.519346237182617
1433022146281 1 -1.5418659448623657 1.0342950820922852 9.519346237182617
1433022146380 1 -1.5131354331970215 0.9768342971801758 9.576807022094727
1433022146480 1 -1.4844050407409668 1.0534487962722778 9.519346237182617
1433022146581 1 -1.5705963373184204 1.0534487962722778 9.528923034667969
1433022146681 1 -1.5418659448623657 1.0438719987869263 9.528923034667969
1433022146781 1 -1.4652514457702637 0.9385270476341248 9.490615844726562
1433022146881 1 -1.4844050407409668 1.0342950820922852 9.47146224975586
1433022146982 1 -1.5131354331970215 1.0438719987869263 9.47146224975586
1433022147082 1 -1.4939818382263184 1.0342950820922852 9.47146224975586
1433022147182 1 -1.522712230682373 1.072602391242981 9.47146224975586
1433022147283 1 -1.4939818382263184 1.0630255937576294 9.461885452270508
1433022147384 1 -1.5322890281677246 1.0055646896362305 9.500192642211914
1433022147484 1 -1.50355863571167 1.0247182846069336 9.481039047241211
1433022147584 1 -1.5610195398330688 1.1300631761550903 9.490615844726562
1433022147685 1 -1.5418659448623657 1.0055646896362305 9.557653427124023
1433022147785 1 -1.5418659448623657 1.0438719987869263 9.490615844726562
1433022147885 1 -1.5705963373184204 1.0630255937576294 9.500192642211914
1433022147985 1 -1.5131354331970215 0.9864110946655273 9.519346237182617
1433022148085 1 -1.5131354331970215 0.9959878921508789 9.500192642211914
1433022148186 1 -1.5418659448623657 1.0247182846069336 9.442731857299805
1433022148287 1 -1.522712230682373 1.0534487962722778 9.53849983215332
1433022148387 1 -1.5897499322891235 1.0342950820922852 9.519346237182617
1433022148487 1 -1.5322890281677246 1.0438719987869263 9.519346237182617
1433022148587 1 -1.6280571222305298 1.0342950820922852 9.490615844726562
1433022148687 1 -1.5610195398330688 1.0055646896362305 9.47146224975586
1433022148787 1 -1.5418659448623657 1.0247182846069336 9.481039047241211
1433022148888 1 -1.5131354331970215 1.0630255937576294 9.47146224975586
1433022148989 1 -1.4939818382263184 0.9959878921508789 9.500192642211914
1433022149090 1 -1.4939818382263184 1.0630255937576294 9.500192642211914
1433022149190 1 -1.5418659448623657 1.0630255937576294 9.500192642211914
1433022149290 1 -1.599326729774475 1.0630255937576294 9.442731857299805
1433022149390 1 -1.5322890281677246 1.0342950820922852 9.461885452270508
1433022149490 1 -1.4939818382263184 1.0534487962722778 9.519346237182617
1433022149590 1 -1.5322890281677246 1.0534487962722778 9.481039047241211
1433022149691 1 -1.580173134803772 1.0247182846069336 9.528923034667969
1433022149792 1 -1.5705963373184204 1.091755986213684 9.481039047241211
1433022149893 1 -1.5610195398330688 1.0534487962722778 9.509769439697266
1433022149992 1 -1.5322890281677246 1.0630255937576294 9.433155059814453
1433022150092 1 -1.5610195398330688 1.0821791887283325 9.461885452270508
1433022150192 1 -1.522712230682373 1.072602391242981 9.576807022094727
1433022150292 1 -1.5897499322891235 0.9864110946655273 9.423578262329102
1433022150392 1 -1.5610195398330688 1.0534487962722778 9.519346237182617
1433022150492 1 -1.5418659448623657 1.0438719987869263 9.509769439697266
1433022150592 1 -1.5418659448623657 0.9864110946655273 9.509769439697266
1433022150692 1 -1.5514427423477173 1.0342950820922852 9.490615844726562
1433022150793 1 -1.5514427423477173 1.0247182846069336 9.500192642211914
1433022150893 1 -1.599326729774475 1.0342950820922852 9.509769439697266
1433022150993 1 -1.5514427423477173 1.0055646896362305 9.490615844726562
1433022151093 1 -1.5610195398330688 1.0438719987869263 9.509769439697266
