1432904189331 0 140.0
1432904189487 0 98.0
1432904188979 1 379.0
1432904189642 0 85.0
1432904190110 0 71.0
1432904190266 0 115.0
1432904190421 0 273.0
1432904190578 0 266.0
1432904190785 0 224.0
1432904190993 0 196.0
1432904191149 0 84.0
1432904191305 0 242.0
1432904191461 0 252.0
1432904192084 0 70.0
1432904192240 0 24.0
1432904192448 0 40.0
1432904192656 0 45.0
1432904192864 0 36.0
1432904193019 0 31.0
1432904193227 0 34.0
1432904193592 0 47.0
1432904193904 0 98.0
1432904194059 0 159.0
1432904194214 0 243.0
1432904193585 1 210.0
1432904194370 0 238.0
1432904193741 1 41.0
1432904193898 1 43.0
1432904194055 1 61.0
1432904194631 1 45.0
1432904195154 1 54.0
1432904195416 1 71.0
1432904195625 1 110.0
1432904195784 1 150.0
1432904195939 1 184.0
1432904196096 1 224.0
1432904196253 1 252.0
1432904196672 1 280.0
1432904197195 1 337.0
1432904197509 1 351.0
1432904198371 0 196.0
1432904198526 0 70.0
1432904198682 0 73.0
1432904198838 0 12.0
1432904198994 0 6.0
1432904199150 0 19.0
1432904199306 0 22.0
1432904198922 1 393.0
1432904199617 0 29.0
1432904199825 0 36.0
1432904199981 0 47.0
1432904200190 0 54.0
1432904201124 0 61.0
1432904201436 0 106.0
1432904200911 1 407.0
1432904201592 0 221.0
1432904201747 0 266.0
1432904201225 1 154.0
1432904201382 1 41.0
1432904202060 0 266.0
1432904201539 1 41.0
1432904201696 1 47.0
1432904202010 1 55.0
1432904202376 1 89.0
1432904202533 1 98.0
1432904202742 1 89.0
1432904202899 1 157.0
1432904203056 1 345.0
1432904203213 1 393.0
1432904203930 0 210.0
1432904204085 0 126.0
1432904204242 0 182.0
1432904204397 0 69.0
1432904204553 0 82.0
1432904204969 0 70.0
1432904205852 0 78.0
1432904206319 0 89.0
1432904205935 1 407.0
1432904206943 0 85.0
1432904207202 0 96.0
1432904207514 0 119.0
1432904208813 0 142.0
1432904209073 0 138.0
1432904209229 0 272.0
1432904209385 0 266.0
1432904208813 1 154.0
1432904208970 1 70.0
1432904209127 1 84.0
1432904209284 1 263.0
1432904209441 1 224.0
1432904209598 1 168.0
1432904209808 1 126.0
1432904210069 1 168.0
1432904210226 1 210.0
1432904210383 1 266.0
1432904210644 1 323.0
1432904211011 1 351.0
1432904211429 1 379.0
1432904211691 1 407.0
1432904212398 0 252.0
1432904212554 0 182.0
1432904212709 0 154.0
1432904212865 0 84.0
1432904213022 0 75.0
1432904213282 0 92.0
1432904213749 0 84.0
1432904214216 0 96.0
1432904214424 0 87.0
1432904215619 0 99.0
1432904216450 0 273.0
1432904216606 0 295.0
1432904216087 1 112.0
1432904216348 1 154.0
1432904216506 1 98.0
1432904216662 1 106.0
1432904216924 1 145.0
1432904217133 1 166.0
1432904217343 1 198.0
1432904217552 1 224.0
1432904217709 1 224.0
1432904218128 1 266.0
1432904218337 1 280.0
1432904218598 1 323.0
1432904218755 1 421.0
1432904219620 0 252.0
1432904219775 0 84.0
1432904219932 0 85.0
1432904220139 0 54.0
1432904220346 0 50.0
1432904220866 0 59.0
1432904221386 0 70.0
1432904222373 0 63.0
1432904222581 0 50.0
