1433022856628 1 0.3256114423274994 5.219359874725342 8.360552787780762
1433022856728 1 0.8427590131759644 4.663905143737793 8.753201484680176
1433022856828 1 1.1013327836990356 4.414907932281494 8.398859977722168
1433022856930 1 0.8044517636299133 4.807557106018066 8.216899871826172
1433022857030 1 0.5937620401382446 4.836287498474121 8.65743350982666
1433022857130 1 0.7182605266571045 4.817133903503418 8.197746276855469
1433022857230 1 0.727837324142456 4.817133903503418 8.446743965148926
1433022857330 1 0.7565677165985107 4.903325080871582 8.427590370178223
1433022857431 1 0.5171475410461426 4.989516258239746 8.379706382751465
1433022857531 1 0.9576807022094727 4.865017890930176 7.90086555480957
1433022857632 1 0.8810662031173706 4.759673118591309 8.5903959274292
1433022857731 1 0.8140285611152649 4.797980308532715 8.274360656738281
1433022857832 1 0.6320692300796509 4.95120906829834 8.14028549194336
1433022857932 1 0.6799532771110535 4.817133903503418 8.283937454223633
1433022858032 1 0.7086837291717529 4.865017890930176 8.418013572692871
1433022858132 1 0.49799394607543945 5.07570743560791 8.456320762634277
1433022858233 1 0.6991068720817566 5.142745018005371 8.293514251708984
1433022858333 1 0.7757213711738586 5.0469770431518555 7.4986395835876465
1433022858433 1 0.545877993106842 5.066130638122559 8.121131896972656
1433022858533 1 0.9385270476341248 4.999093055725098 7.939172744750977
1433022858634 1 0.8331822156906128 4.960785865783691 8.609549522399902
1433022858735 1 0.8236053586006165 4.865017890930176 8.5903959274292
1433022858836 1 0.8523358106613159 4.95120906829834 8.02536392211914
1433022858936 1 0.9672574996948242 4.941632270812988 7.402871608734131
1433022859036 1 0.5554547905921936 5.219359874725342 8.312667846679688
1433022859136 1 0.49799394607543945 4.989516258239746 8.83939266204834
1433022859236 1 0.7757213711738586 5.056553840637207 7.843404769897461
1433022859336 1 0.6512228846549988 5.056553840637207 7.967903137207031
1433022859436 1 0.5650315880775452 5.094861030578613 8.427590370178223
1433022859536 1 0.6320692300796509 5.142745018005371 8.236053466796875
1433022859636 1 0.6799532771110535 4.989516258239746 8.130708694458008
1433022859736 1 0.7565677165985107 4.8937482833862305 8.293514251708984
1433022859836 1 0.727837324142456 4.874594688415527 8.33182144165039
1433022859937 1 0.6703764796257019 5.104437828063965 8.226476669311523
1433022860037 1 0.5650315880775452 4.63517427444458 8.829815864562988
1433022860137 1 1.6376339197158813 4.127603530883789 8.274360656738281
1433022860237 1 1.1683704853057861 4.338293552398682 8.513781547546387
1433022860338 1 0.9193734526634216 4.501099109649658 9.174580574035645
1433022860438 1 2.097320795059204 2.604891538619995 10.429142951965332
1433022860539 1 2.432508945465088 2.3750481605529785 8.523358345031738
1433022860640 1 0.7948749661445618 4.6255974769592285 5.468356609344482
1433022860740 1 -0.7565677165985107 5.037400245666504 9.059659004211426
1433022860840 1 0.07661445438861847 3.141192674636841 10.371682167053223
1433022860940 1 1.139639973640442 4.4532151222229 9.442731857299805
1433022861040 1 0.9097966551780701 2.6431987285614014 9.126696586608887
1433022861141 1 0.507570743560791 2.892195701599121 9.279925346374512
1433022861241 1 -0.5363011956214905 0.26815059781074524 8.772355079650879
1433022861341 1 -2.3750481605529785 1.8483237028121948 10.323798179626465
1433022861441 1 -0.7182605266571045 2.250549554824829 9.461885452270508
1433022861541 1 -3.9456443786621094 0.9097966551780701 9.155426979064941
1433022861641 1 -3.0837318897247314 1.3503297567367554 6.540958881378174
1433022861741 1 -4.501099109649658 3.112462282180786 7.422025203704834
1433022861846 1 -2.892195701599121 1.0821791887283325 8.628703117370605
1433022861946 1 -2.2601263523101807 -1.0534487962722778 9.682151794433594
1433022862047 1 -0.3447650372982025 -2.537853717803955 11.070788383483887
1433022862146 1 0.9289502501487732 -0.9097966551780701 9.53849983215332
1433022862247 1 0.6416460275650024 -0.10534487664699554 7.881711959838867
1433022862348 1 -0.6320692300796509 -1.7812861204147339 7.1251444816589355
1433022862449 1 1.3311761617660522 -3.026270866394043 8.820239067077637
1433022862550 1 3.313575267791748 -4.568136692047119 9.710882186889648
1433022862650 1 2.279279947280884 -6.1770405769348145 10.295066833496094
1433022862751 1 1.455674648284912 -3.332728862762451 10.323798179626465
1433022862852 1 0.9193734526634216 -4.8937482833862305 13.560758590698242
1433022862952 1 0.0 -1.8483237028121948 7.824251174926758
1433022863053 1 -4.491522312164307 3.773261785507202 -3.6104562282562256
1433022863154 1 -8.188169479370117 4.137180328369141 -7.15387487411499
1433022863255 1 -7.412448406219482 7.843404769897461 -12.229581832885742
1433022863355 1 -3.1028854846954346 7.814674377441406 -10.074800491333008
1433022863456 1 -2.145204782485962 6.157886981964111 -2.4803929328918457
1433022863556 1 -2.126051187515259 3.5625722408294678 5.784391403198242
1433022863656 1 -0.19153612852096558 1.742978811264038 9.097966194152832
1433022863757 1 -0.38307225704193115 -1.8483237028121948 14.03959846496582
1433022863856 1 -0.10534487664699554 -1.599326729774475 14.441824913024902
1433022863956 1 0.5554547905921936 1.015141487121582 6.110002517700195
1433022864056 1 2.8443117141723633 4.759673118591309 -2.786850690841675
1433022864156 1 5.200206279754639 4.817133903503418 -12.229581832885742
1433022864256 1 7.163451671600342 6.224924564361572 -10.582371711730957
1433022864356 1 3.5625722408294678 5.468356609344482 -3.093308687210083
1433022864456 1 0.08619125932455063 4.414907932281494 3.466804027557373
1433022864556 1 -1.3886369466781616 -0.22026655077934265 10.869675636291504
1433022864656 1 -1.216254472732544 -2.2888567447662354 18.71308135986328
1433022864757 1 1.7525556087493896 -0.9768342971801758 7.354987621307373
1433022864857 1 1.6376339197158813 3.428496837615967 -5.918466567993164
1433022864958 1 4.692635536193848 2.9305028915405273 -14.566323280334473
1433022865057 1 7.15387487411499 4.960785865783691 -13.177685737609863
1433022865158 1 1.0342950820922852 3.2752678394317627 -0.9289502501487732
1433022865259 1 -2.3558945655822754 1.886630892753601 6.636727333068848
1433022865358 1 -4.932055473327637 -2.4899697303771973 15.083470344543457
1433022865458 1 -3.1316158771514893 -2.38462495803833 15.715539932250977
1433022865558 1 0.181959331035614 0.047884032130241394 2.7293899059295654
1433022865658 1 3.0550012588500977 2.279279947280884 -8.973467826843262
1433022865758 1 7.805097579956055 0.14365209639072418 -14.681244850158691
1433022865858 1 9.27034854888916 2.499546527862549 -11.808202743530273
1433022865958 1 3.466804027557373 2.691082715988159 -3.7924153804779053
1433022866058 1 -1.5131354331970215 2.5665841102600098 4.960785865783691
1433022866158 1 -2.8155810832977295 -1.656787633895874 13.704410552978516
1433022866258 1 -1.1492167711257935 -2.1930887699127197 17.094600677490234
1433022866364 1 3.1507694721221924 -1.3982137441635132 2.7006595134735107
1433022866464 1 5.612008571624756 1.9632453918457031 -10.649409294128418
1433022866565 1 8.111555099487305 1.656787633895874 -13.522451400756836
1433022866665 1 8.092401504516602 3.2752678394317627 -8.973467826843262
1433022866766 1 3.2178070545196533 3.466804027557373 0.7757213711738586
1433022866867 1 0.07661445438861847 1.158793568611145 6.607996463775635
1433022866967 1 -0.4405331015586853 -5.257667064666748 15.849615097045898
1433022867067 1 0.5171475410461426 -4.261679172515869 16.270994186401367
1433022867167 1 2.0685901641845703 -1.436521053314209 3.5721490383148193
1433022867267 1 4.414907932281494 1.4077905416488647 -7.393294811248779
1433022867367 1 8.283937454223633 0.3256114423274994 -15.083470344543457
1433022867467 1 8.628703117370605 2.518700122833252 -9.232041358947754
1433022867569 1 4.424484729766846 -0.43095630407333374 -3.581725835800171
1433022867668 1 -1.235408067703247 -2.0207061767578125 10.41956615447998
1433022867767 1 -0.2968810200691223 -5.114014625549316 18.981231689453125
1433022867868 1 2.451662540435791 -2.6240451335906982 8.944737434387207
1433022867968 1 5.363011837005615 1.1109095811843872 -3.8115692138671875
1433022868069 1 8.628703117370605 1.742978811264038 -15.006855964660645
1433022868169 1 9.442731857299805 2.3080103397369385 -10.984597206115723
1433022868269 1 3.801992416381836 -1.139639973640442 0.6991068720817566
1433022868369 1 -1.9249382019042969 -3.3039982318878174 14.393940925598145
1433022868470 1 0.8236053586006165 -4.654327869415283 18.186355590820312
1433022868571 1 2.518700122833252 -3.3901896476745605 9.222464561462402
1433022868672 1 6.933608055114746 0.5841852426528931 -6.722918510437012
1433022868772 1 14.709975242614746 0.6416460275650024 -3.667917013168335
1433022868873 1 10.486603736877441 -1.3120225667953491 10.505757331848145
1433022868973 1 3.4380736351013184 -0.20111294090747833 10.72602367401123
1433022869074 1 -6.138733386993408 2.2888567447662354 4.376600742340088
1433022869174 1 -9.337387084960938 10.103530883789062 2.4133553504943848
1433022869275 1 7.33583402633667 5.142745018005371 9.327810287475586
1433022869375 1 -5.688623428344727 5.497087001800537 -1.2258312702178955
1433022869475 1 4.529829502105713 9.66299819946289 9.136273384094238
1433022869575 1 4.663905143737793 6.090848922729492 0.4213795065879822
1433022869676 1 0.7661445140838623 5.161899089813232 7.65186882019043
1433022869777 1 -13.330915451049805 6.531382083892822 1.6950948238372803
1433022869878 1 14.336480140686035 8.820239067077637 9.366117477416992
1433022869978 1 -5.497087001800537 4.434061527252197 -0.545877993106842
1433022870078 1 -8.465897560119629 2.5665841102600098 -0.4405331015586853
1433022870178 1 8.992621421813965 2.250549554824829 13.991714477539062
1433022870278 1 -17.851167678833008 8.063671112060547 -5.592854976654053
1433022870378 1 8.647856712341309 2.3750481605529785 12.631808280944824
1433022870478 1 -17.12333106994629 8.015787124633789 -7.785943984985352
1433022870579 1 11.338939666748047 3.840299606323242 11.760318756103516
1433022870679 1 -18.013973236083984 6.042964935302734 -3.361459255218506
1433022870779 1 8.360552787780762 7.038952827453613 8.638279914855957
1433022870879 1 -17.544710159301758 4.137180328369141 -3.5625722408294678
1433022870979 1 16.15607261657715 0.47884035110473633 7.527369976043701
1433022871079 1 -6.493074893951416 6.6846113204956055 -0.8810662031173706
1433022871179 1 0.9864110946655273 2.3367409706115723 -0.6416460275650024
1433022871279 1 2.1739351749420166 9.47146224975586 2.6431987285614014
1433022871379 1 -11.281478881835938 4.185064792633057 -1.0534487962722778
1433022871479 1 -4.050989151000977 11.434707641601562 3.07415509223938
1433022871579 1 8.65743350982666 1.0247182846069336 1.235408067703247
1433022871679 1 -11.405977249145508 12.526463508605957 4.060565948486328
1433022871780 1 13.924676895141602 1.944091796875 6.0621185302734375
1433022871881 1 -16.22311019897461 9.184157371520996 2.5091233253479004
1433022871981 1 9.710882186889648 7.661445617675781 4.414907932281494
1433022872081 1 6.71334171295166 5.219359874725342 -1.3407529592514038
1433022872181 1 1.1013327836990356 8.724471092224121 2.2601263523101807
1433022872281 1 -10.668562889099121 5.468356609344482 -4.577713489532471
1433022872382 1 -1.139639973640442 11.520898818969727 5.382165431976318
1433022872482 1 -0.5841852426528931 -0.009576806798577309 0.009576806798577309
1433022872583 1 3.687070608139038 12.574347496032715 1.6280571222305298
1433022872683 1 -3.993528366088867 5.631162166595459 -4.845864295959473
1433022872783 1 10.975020408630371 9.050082206726074 -0.6703764796257019
1433022872884 1 -12.60307788848877 6.914454460144043 -2.806004285812378
1433022872985 1 5.353435039520264 8.676587104797363 4.922478675842285
1433022873085 1 -4.07014274597168 0.28730419278144836 -1.8579005002975464
1433022873186 1 -1.7142484188079834 12.708422660827637 4.8267107009887695
1433022873287 1 -7.881711959838867 1.886630892753601 -2.7485435009002686
1433022873387 1 11.099518775939941 8.724471092224121 7.565677165985107
1433022873487 1 4.165910720825195 7.383718013763428 3.2848446369171143
1433022873587 1 -14.106636047363281 5.410895824432373 -0.5171475410461426
1433022873687 1 11.051634788513184 10.055646896362305 5.114014625549316
1433022873788 1 -11.176133155822754 9.327810287475586 -3.3231520652770996
1433022873888 1 11.329362869262695 5.746084213256836 5.765237808227539
1433022873989 1 -8.705317497253418 7.029376029968262 1.2641384601593018
1433022874088 1 -5.468356609344482 1.2832920551300049 -3.361459255218506
1433022874188 1 3.8498764038085938 9.959878921508789 5.410895824432373
1433022874288 1 -14.528016090393066 5.094861030578613 -2.231395959854126
1433022874389 1 9.117119789123535 9.327810287475586 4.424484729766846
1433022874490 1 -14.585476875305176 6.876147270202637 -1.5322890281677246
1433022874590 1 7.508216381072998 9.500192642211914 2.959233283996582
1433022874690 1 -14.757859230041504 6.655880928039551 -2.2697031497955322
1433022874790 1 8.33182144165039 10.15141487121582 6.9240312576293945
1433022874891 1 -3.9456443786621094 2.5091233253479004 -3.7636849880218506
1433022874991 1 2.9879636764526367 11.338939666748047 3.093308687210083
1433022875091 1 -6.368576526641846 2.2697031497955322 -4.4532151222229
1433022875191 1 7.058106422424316 9.66299819946289 8.638279914855957
1433022875291 1 -6.560112476348877 9.672574996948242 0.2585737705230713
1433022875391 1 9.078812599182129 7.163451671600342 8.734047889709473
1433022875491 1 -12.411541938781738 8.341399192810059 -3.6583402156829834
1433022875591 1 7.872135162353516 8.35097599029541 3.4955344200134277
1433022875692 1 -12.54561710357666 7.757213592529297 -2.671929121017456
1433022875792 1 8.360552787780762 8.571242332458496 6.387730121612549
1433022875892 1 -9.528923034667969 3.869029998779297 -2.470816135406494
1433022875992 1 4.702212333679199 11.798625946044922 2.7964274883270264
1433022876092 1 -6.904877662658691 4.041412353515625 -4.845864295959473
1433022876192 1 -1.9153614044189453 12.114660263061523 3.093308687210083
1433022876293 1 4.999093055725098 0.019153613597154617 2.3558945655822754
1433022876393 1 -10.639832496643066 13.991714477539062 -0.181959331035614
1433022876493 1 13.503297805786133 4.683058738708496 6.722918510437012
1433022876593 1 -13.79060173034668 10.055646896362305 -2.346317768096924
1433022876693 1 10.78348445892334 7.230489253997803 5.985504150390625
1433022876793 1 -2.2026655673980713 3.093308687210083 -2.3750481605529785
1433022876894 1 3.5434184074401855 10.5344877243042 -0.9097966551780701
1433022876994 1 -1.3120225667953491 2.2409727573394775 -5.382165431976318
1433022877094 1 -0.6799532771110535 12.756306648254395 3.2369606494903564
1433022877194 1 -7.287950038909912 0.20111294090747833 -4.960785865783691
1433022877294 1 13.97256088256836 9.136273384094238 13.73314094543457
1433022877394 1 -13.637372970581055 8.159439086914062 -2.8826189041137695
1433022877495 1 12.42111873626709 -1.015141487121582 15.227123260498047
1433022877595 1 -5.544970989227295 10.831368446350098 -4.347870349884033
1433022877695 1 16.328454971313477 5.439626216888428 7.010222434997559
1433022877795 1 -1.8579005002975464 2.8634653091430664 2.0590133666992188
1433022877896 1 -17.937358856201172 5.583278179168701 -0.009576806798577309
1433022877996 1 14.480132102966309 3.993528366088867 9.979032516479492
1433022878096 1 -15.514427185058594 7.920019149780273 0.8810662031173706
1433022878196 1 12.267889976501465 3.1890766620635986 5.458779811859131
1433022878297 1 -1.7142484188079834 7.01979923248291 5.257667064666748
1433022878397 1 -18.195932388305664 3.5625722408294678 -2.585737943649292
1433022878497 1 12.373234748840332 1.522712230682373 5.142745018005371
1433022878597 1 -5.9088897705078125 4.817133903503418 2.231395959854126
1433022878697 1 -16.021997451782227 6.8378400802612305 -3.19865345954895
1433022878798 1 14.575900077819824 8.389283180236816 7.728483200073242
1433022878899 1 -7.527369976043701 4.022258758544922 -0.5841852426528931
1433022878998 1 -13.254301071166992 6.943184852600098 -2.250549554824829
1433022879098 1 10.860098838806152 9.797073364257812 5.07570743560791
1433022879198 1 -8.59997272491455 3.552995204925537 -1.2258312702178955
1433022879299 1 -16.002843856811523 6.023811340332031 -3.7158010005950928
1433022879400 1 16.634912490844727 6.358999729156494 9.337387084960938
1433022879500 1 -9.165003776550293 2.3942017555236816 -2.231395959854126
1433022879600 1 -16.127342224121094 8.02536392211914 0.0
1433022879700 1 16.433799743652344 5.420472621917725 9.452308654785156
1433022879801 1 -7.15387487411499 3.3901896476745605 -2.7964274883270264
1433022879902 1 -18.282123565673828 6.904877662658691 -0.07661445438861847
1433022880002 1 13.369222640991211 -2.0590133666992188 9.653421401977539
1433022880102 1 -3.955221176147461 7.058106422424316 -0.8523358106613159
1433022880202 1 -15.993267059326172 7.249642848968506 -0.6129156351089478
1433022880303 1 14.250288963317871 2.719813108444214 5.65031623840332
1433022880402 1 -3.380612850189209 5.458779811859131 0.1628057211637497
1433022880502 1 -16.66364288330078 5.104437828063965 1.1013327836990356
1433022880603 1 6.378153324127197 1.599326729774475 -4.137180328369141
1433022880703 1 1.2545616626739502 8.53293514251709 1.886630892753601
1433022880803 1 -15.504850387573242 6.368576526641846 -0.17238251864910126
1433022880903 1 9.318233489990234 3.3231520652770996 -0.5171475410461426
1433022881003 1 -6.531382083892822 3.581725835800171 -1.4077905416488647
1433022881103 1 -17.62132453918457 6.119579315185547 -1.7621324062347412
1433022881204 1 14.202404022216797 1.7717092037200928 7.709329605102539
1433022881304 1 -1.0247182846069336 5.564124584197998 0.5841852426528931
1433022881404 1 -16.912641525268555 5.822698593139648 -1.5418659448623657
1433022881504 1 8.791508674621582 -2.9688100814819336 0.47884035110473633
1433022881605 1 2.3750481605529785 6.876147270202637 3.9647979736328125
1433022881705 1 -16.76898956298828 4.491522312164307 -0.1149216815829277
1433022881805 1 5.9088897705078125 -0.9002198576927185 0.14365209639072418
1433022881906 1 2.7964274883270264 8.303091049194336 3.6583402156829834
1433022882006 1 -15.782577514648438 6.186617374420166 -0.7469909191131592
1433022882106 1 9.672574996948242 1.1492167711257935 3.6583402156829834
1433022882206 1 1.6376339197158813 6.876147270202637 2.1164743900299072
1433022882306 1 -16.10818862915039 3.5051112174987793 -1.4939818382263184
1433022882406 1 3.141192674636841 4.7405195236206055 1.216254472732544
1433022882506 1 -0.8523358106613159 8.552088737487793 -0.5650315880775452
1433022882607 1 -18.808849334716797 5.698200225830078 -0.7182605266571045
1433022882707 1 13.97256088256836 -5.746084213256836 12.526463508605957
1433022882807 1 -2.75812029838562 4.165910720825195 0.2968810200691223
1433022882907 1 -16.960525512695312 8.197746276855469 -0.7182605266571045
1433022883008 1 14.585476875305176 3.9647979736328125 11.41555404663086
1433022883108 1 -12.124237060546875 5.564124584197998 -2.786850690841675
1433022883208 1 -10.429142951965332 3.3901896476745605 -2.2697031497955322
1433022883309 1 9.806650161743164 9.605537414550781 7.422025203704834
1433022883410 1 -15.954959869384766 5.315127849578857 -3.160346269607544
1433022883511 1 9.442731857299805 0.4692635238170624 6.090848922729492
1433022883615 1 -4.462791919708252 7.987056732177734 1.7812861204147339
1433022883716 1 -9.672574996948242 2.518700122833252 -3.07415509223938
1433022883816 1 11.1474027633667 10.5344877243042 7.287950038909912
1433022883917 1 -8.810662269592285 2.873042106628418 -1.4460978507995605
1433022884017 1 -6.138733386993408 5.564124584197998 -3.7158010005950928
1433022884117 1 8.810662269592285 9.02135181427002 11.645397186279297
1433022884218 1 -14.987702369689941 4.022258758544922 -5.688623428344727
1433022884318 1 3.44765043258667 -1.6376339197158813 1.6184803247451782
1433022884419 1 4.903325080871582 8.015787124633789 7.757213592529297
1433022884519 1 -15.753847122192383 5.822698593139648 -4.730942726135254
1433022884619 1 9.21288776397705 -1.9057846069335938 3.5242648124694824
1433022884719 1 -2.1164743900299072 6.368576526641846 2.183511972427368
1433022884820 1 -13.30218505859375 7.556100368499756 -1.436521053314209
1433022884920 1 15.112200736999512 5.746084213256836 12.60307788848877
1433022885020 1 -10.72602367401123 1.37906014919281 -1.8483237028121948
1433022885121 1 -11.262324333190918 5.688623428344727 -0.3064578175544739
1433022885221 1 8.772355079650879 9.921571731567383 6.311115741729736
1433022885321 1 -15.504850387573242 4.6255974769592285 -1.50355863571167
1433022885422 1 4.912901878356934 2.5474305152893066 -1.1683704853057861
1433022885522 1 2.3750481605529785 7.939172744750977 4.750096321105957
1433022885622 1 -17.219099044799805 6.560112476348877 -2.0685901641845703
1433022885723 1 13.742717742919922 3.399766445159912 5.813121795654297
1433022885823 1 -8.188169479370117 3.8977603912353516 -1.2449848651885986
1433022885923 1 -12.105083465576172 5.765237808227539 0.019153613597154617
1433022886023 1 13.809755325317383 9.107542991638184 6.311115741729736
1433022886124 1 -11.980585098266602 3.361459255218506 -0.8236053586006165
1433022886223 1 -6.818686485290527 4.865017890930176 -3.734954595565796
1433022886323 1 10.486603736877441 9.528923034667969 7.546523571014404
1433022886424 1 -15.67723274230957 5.535394191741943 0.05746084079146385
1433022886525 1 8.810662269592285 1.5897499322891235 3.1028854846954346
1433022886625 1 0.6129156351089478 7.048529624938965 2.7006595134735107
1433022886725 1 -16.912641525268555 6.349422931671143 -4.338293552398682
1433022886825 1 14.16409683227539 4.405331134796143 5.947196960449219
1433022886925 1 -5.506663799285889 4.587290287017822 -0.13407529890537262
1433022887025 1 -13.407529830932617 6.349422931671143 -0.3734954595565796
1433022887125 1 14.393940925598145 8.810662269592285 9.576807022094727
1433022887226 1 -12.392388343811035 3.6391866207122803 -3.801992416381836
1433022887326 1 -4.2329487800598145 5.420472621917725 -1.158793568611145
1433022887426 1 8.111555099487305 9.576807022094727 6.876147270202637
1433022887527 1 -17.7937068939209 6.320692539215088 -1.5418659448623657
1433022887627 1 14.183250427246094 3.399766445159912 5.094861030578613
1433022887727 1 -5.813121795654297 4.395754337310791 -0.038307227194309235
1433022887827 1 -12.957419395446777 6.224924564361572 -0.9672574996948242
1433022887927 1 13.417106628417969 8.322244644165039 7.51779317855835
1433022888027 1 -16.548721313476562 1.8962076902389526 -3.3039982318878174
1433022888128 1 5.037400245666504 0.6129156351089478 0.689530074596405
1433022888228 1 1.015141487121582 8.111555099487305 5.123591423034668
1433022888328 1 -17.669208526611328 5.295974254608154 -3.8594532012939453
1433022888429 1 14.958971977233887 4.338293552398682 4.3191399574279785
1433022888530 1 -6.885724067687988 3.5625722408294678 -0.7661445140838623
1433022888630 1 -11.377246856689453 6.27280855178833 -0.2585737705230713
1433022888730 1 10.678139686584473 9.030928611755371 7.565677165985107
1433022888830 1 -16.87433433532715 5.449203014373779 -5.363011837005615
1433022888930 1 12.287043571472168 2.786850690841675 4.434061527252197
1433022889030 1 -4.845864295959473 4.290409564971924 2.1356279850006104
1433022889130 1 -9.931148529052734 4.8267107009887695 -2.0398597717285156
1433022889230 1 11.645397186279297 10.017339706420898 7.201758861541748
1433022889330 1 -14.269442558288574 2.432508945465088 -4.165910720825195
1433022889430 1 -3.0358476638793945 0.23942017555236816 -4.548983097076416
1433022889530 1 8.006210327148438 7.259219646453857 7.163451671600342
1433022889630 1 -17.535133361816406 6.598419666290283 -4.481945514678955
1433022889731 1 15.112200736999512 4.462791919708252 7.939172744750977
1433022889830 1 -6.7708024978637695 4.089296340942383 -3.1890766620635986
1433022889930 1 -11.396400451660156 4.491522312164307 -1.8483237028121948
1433022890031 1 13.934253692626953 8.322244644165039 11.396400451660156
1433022890131 1 -14.681244850158691 2.8155810832977295 -6.138733386993408
1433022890231 1 6.004657745361328 0.7757213711738586 -0.19153612852096558
1433022890332 1 2.5953147411346436 6.435614109039307 2.2697031497955322
1433022890432 1 -17.764976501464844 7.364564418792725 -2.7676970958709717
1433022890532 1 16.81687355041504 4.3191399574279785 9.260771751403809
1433022890633 1 -12.373234748840332 4.548983097076416 -1.7717092037200928
1433022890734 1 11.003750801086426 0.871489405632019 5.698200225830078
1433022890835 1 -6.856993675231934 1.1779472827911377 3.026270866394043
1433022890935 1 -0.47884035110473633 -1.9536685943603516 -6.885724067687988
1433022891035 1 0.047884032130241394 8.456320762634277 6.368576526641846
1433022891136 1 -11.645397186279297 -0.06703764945268631 -0.2106897532939911
1433022891237 1 12.334927558898926 9.14585018157959 2.671929121017456
1433022891337 1 -15.112200736999512 7.2113356590271 -3.1890766620635986
1433022891437 1 11.568782806396484 -0.7852981686592102 11.224017143249512
1433022891538 1 -10.065223693847656 3.600879430770874 0.05746084079146385
1433022891638 1 -2.432508945465088 0.33518823981285095 -1.2258312702178955
1433022891738 1 1.4939818382263184 8.801085472106934 2.403778553009033
1433022891839 1 -17.525556564331055 4.3861775398254395 -2.978386878967285
1433022891939 1 14.805743217468262 8.044517517089844 7.51779317855835
1433022892039 1 -13.15853214263916 6.531382083892822 -2.403778553009033
1433022892139 1 12.42111873626709 4.865017890930176 9.701305389404297
1433022892239 1 -4.663905143737793 3.754108190536499 2.164358377456665
1433022892339 1 -18.511966705322266 5.315127849578857 -0.8044517636299133
1433022892439 1 16.40506935119629 4.127603530883789 9.653421401977539
1433022892539 1 -16.060304641723633 6.090848922729492 -0.35434186458587646
1433022892640 1 14.09705924987793 8.111555099487305 3.3423056602478027
1433022892740 1 -15.773000717163086 5.746084213256836 0.08619125932455063
1433022892840 1 11.252747535705566 8.619126319885254 -2.911349296569824
1433022892940 1 -10.362105369567871 7.182605266571045 0.38307225704193115
1433022893040 1 -6.004657745361328 4.424484729766846 -0.35434186458587646
1433022893140 1 14.154520034790039 9.749189376831055 6.464344501495361
1433022893241 1 -13.618219375610352 4.156333923339844 -3.380612850189209
1433022893340 1 -0.871489405632019 1.015141487121582 4.3861775398254395
1433022893440 1 1.072602391242981 7.450755596160889 -5.525817394256592
1433022893541 1 -16.960525512695312 3.667917013168335 -3.907337188720703
1433022893641 1 4.750096321105957 10.218452453613281 0.727837324142456
1433022893741 1 -8.379706382751465 1.8195933103561401 4.280832767486572
1433022893842 1 0.14365209639072418 12.114660263061523 -7.46033239364624
1433022893942 1 -3.4380736351013184 1.3215993642807007 10.390835762023926
1433022894042 1 -1.359906554222107 14.393940925598145 -11.511322021484375
1433022894142 1 -2.0877439975738525 1.2641384601593018 14.173673629760742
1433022894242 1 -9.02135181427002 10.936713218688965 -9.47146224975586
1433022894342 1 -2.298433542251587 8.274360656738281 -1.0534487962722778
1433022894442 1 -12.02846908569336 4.596867084503174 -6.023811340332031
1433022894542 1 0.6416460275650024 10.572794914245605 -4.338293552398682
1433022894642 1 -3.773261785507202 1.7621324062347412 12.966996192932129
1433022894742 1 -7.661445617675781 13.42668342590332 -12.143390655517578
1433022894842 1 -5.803544998168945 3.3518824577331543 10.955866813659668
1433022894943 1 -9.710882186889648 8.638279914855957 -10.72602367401123
1433022895043 1 -2.7485435009002686 8.216899871826172 -2.5665841102600098
1433022895143 1 -6.904877662658691 1.2737152576446533 8.073247909545898
1433022895243 1 -3.44765043258667 13.953407287597656 -13.991714477539062
1433022895343 1 -8.149862289428711 3.19865345954895 11.099518775939941
1433022895443 1 -9.241618156433105 9.701305389404297 -13.694833755493164
1433022895543 1 -6.4834980964660645 7.90086555480957 -2.7772738933563232
1433022895643 1 -11.91354751586914 2.691082715988159 -1.139639973640442
1433022895743 1 -0.8427590131759644 10.927136421203613 -9.107542991638184
1433022895843 1 -8.226476669311523 1.9057846069335938 12.555193901062012
1433022895943 1 -0.5171475410461426 12.392388343811035 -15.236700057983398
1433022896043 1 -10.20887565612793 4.309563159942627 11.080365180969238
1433022896143 1 -4.20421838760376 9.069235801696777 -15.313314437866211
1433022896243 1 -10.994174003601074 5.2672438621521 3.3423056602478027
1433022896343 1 -6.780379295349121 7.105990409851074 -12.957419395446777
1433022896444 1 -8.580819129943848 6.081272125244141 0.7469909191131592
1433022896544 1 -4.596867084503174 7.8529815673828125 -7.680599212646484
1433022896645 1 -2.231395959854126 8.283937454223633 -1.2545616626739502
1433022896745 1 -8.303091049194336 3.1507694721221924 8.829815864562988
1433022896845 1 1.0534487962722778 9.959878921508789 -13.254301071166992
1433022896946 1 -7.01979923248291 4.376600742340088 13.273454666137695
1433022897046 1 -2.31758713722229 9.959878921508789 -16.70195198059082
1433022897147 1 -9.768342971801758 5.219359874725342 6.3973069190979
1433022897248 1 -7.326257228851318 7.6997528076171875 -12.4785795211792
1433022897348 1 -8.044517517089844 6.435614109039307 1.0821791887283325
1433022897448 1 -8.226476669311523 6.406883716583252 -7.910442352294922
1433022897548 1 -5.286397457122803 7.824251174926758 -2.8826189041137695
1433022897648 1 -8.370129585266113 5.257667064666748 -2.183511972427368
1433022897748 1 -4.20421838760376 7.8529815673828125 -7.000645637512207
1433022897848 1 -7.364564418792725 4.1180267333984375 6.914454460144043
1433022897948 1 0.5650315880775452 9.921571731567383 -12.583924293518066
1433022898048 1 -5.899312973022461 3.88818359375 12.373234748840332
1433022898149 1 -0.33518823981285095 10.917559623718262 -15.351621627807617
1433022898249 1 -7.594407558441162 5.602431774139404 9.35654067993164
1433022898349 1 -7.029376029968262 6.560112476348877 -15.504850387573242
1433022898449 1 -8.53293514251709 6.3302693367004395 -1.8291701078414917
1433022898550 1 -8.312667846679688 3.773261785507202 8.418013572692871
1433022898650 1 0.10534487664699554 10.323798179626465 -13.407529830932617
1433022898750 1 -5.65031623840332 5.315127849578857 13.378799438476562
1433022898850 1 -0.17238251864910126 9.615114212036133 -15.849615097045898
1433022898951 1 -6.617573261260986 6.224924564361572 10.754754066467285
1433022899051 1 -0.8619126081466675 9.90241813659668 -15.217546463012695
1433022899151 1 -5.564124584197998 6.339846134185791 9.959878921508789
1433022899251 1 -2.0877439975738525 7.7763671875 -15.725116729736328
1433022899351 1 -9.404424667358398 5.592854976654053 1.139639973640442
1433022899451 1 -6.971915245056152 5.688623428344727 -11.587936401367188
1433022899552 1 -2.3080103397369385 8.034940719604492 -2.1164743900299072
1433022899652 1 -7.738059997558594 4.185064792633057 1.139639973640442
1433022899752 1 0.19153612852096558 8.772355079650879 -11.329362869262695
1433022899853 1 -8.628703117370605 3.9839515686035156 12.564770698547363
1433022899953 1 1.1875240802764893 8.65743350982666 -15.964536666870117
1433022900053 1 -11.817779541015625 4.663905143737793 7.402871608734131
1433022900154 1 -4.175487995147705 7.15387487411499 -14.958971977233887
1433022900254 1 -6.617573261260986 6.129156112670898 0.7086837291717529
1433022900354 1 -6.8378400802612305 6.110002517700195 -4.089296340942383
1433022900454 1 -5.477933406829834 7.929595947265625 -4.711789131164551
1433022900554 1 -6.14831018447876 2.853888511657715 10.524910926818848
1433022900655 1 3.9839515686035156 9.806650161743164 -13.350069046020508
1433022900755 1 -7.297526836395264 4.031835556030273 11.808202743530273
1433022900856 1 4.4532151222229 8.121131896972656 -13.895946502685547
1433022900956 1 -6.493074893951416 3.734954595565796 14.09705924987793
1433022901056 1 4.1180267333984375 9.308655738830566 -15.121777534484863
1433022901157 1 -6.5696892738342285 3.8786067962646484 14.24071216583252
1433022901258 1 -0.45010992884635925 9.730035781860352 -16.1656494140625
1433022901357 1 -8.40843677520752 3.1699230670928955 13.436260223388672
1433022901457 1 -0.5554547905921936 10.96544361114502 -16.682798385620117
1433022901557 1 -6.847416877746582 3.8307228088378906 12.612654685974121
1433022901657 1 -3.9169139862060547 10.429142951965332 -13.876792907714844
1433022901757 1 -8.705317497253418 4.501099109649658 9.519346237182617
1433022901858 1 -3.4763808250427246 8.08282470703125 -8.283937454223633
1433022901958 1 -9.337387084960938 2.5665841102600098 10.639832496643066
1433022902058 1 -6.138733386993408 5.468356609344482 -13.417106628417969
1433022902158 1 -2.940079689025879 5.765237808227539 7.527369976043701
1433022902258 1 3.0166940689086914 8.647856712341309 -11.731588363647461
1433022902358 1 -4.4532151222229 4.089296340942383 9.21288776397705
1433022902458 1 4.280832767486572 4.721365928649902 5.602431774139404
1433022902558 1 -17.1999454498291 7.489062786102295 -2.2697031497955322
1433022902659 1 12.679692268371582 6.301538944244385 9.605537414550781
1433022902758 1 -11.54005241394043 4.223371982574463 -3.246537446975708
1433022902858 1 0.5554547905921936 10.170568466186523 5.717353820800781
1433022902959 1 3.706224203109741 -1.9057846069335938 -1.6184803247451782
1433022903059 1 -11.329362869262695 11.674127578735352 4.874594688415527
1433022903159 1 9.921571731567383 7.115567684173584 1.7334020137786865
1433022903259 1 -10.20887565612793 2.738966703414917 -4.462791919708252
1433022903360 1 0.6033388376235962 11.60708999633789 5.602431774139404
1433022903460 1 1.139639973640442 1.9823989868164062 -3.6296098232269287
1433022903560 1 -7.326257228851318 10.735600471496582 6.14831018447876
1433022903661 1 10.074800491333008 3.600879430770874 -1.1492167711257935
1433022903761 1 -12.72757625579834 6.732495307922363 3.045424461364746
1433022903863 1 14.575900077819824 8.33182144165039 10.898406028747559
1433022903963 1 -17.43936538696289 0.28730419278144836 0.6607996821403503
1433022904063 1 8.245630264282227 12.717999458312988 9.078812599182129
1433022904164 1 0.9576807022094727 0.31603461503982544 -4.596867084503174
1433022904264 1 -1.1971008777618408 11.654973983764648 2.5761611461639404
1433022904364 1 -2.145204782485962 6.962338447570801 -2.231395959854126
1433022904464 1 3.801992416381836 9.107542991638184 6.818686485290527
1433022904565 1 1.656787633895874 7.843404769897461 5.363011837005615
1433022904664 1 1.4173674583435059 8.40843677520752 2.82515811920166
1433022904764 1 2.5761611461639404 9.289502143859863 5.774814605712891
1433022904865 1 4.63517427444458 3.869029998779297 2.499546527862549
1433022904965 1 17.592594146728516 4.903325080871582 3.907337188720703
1433022905065 1 11.070788383483887 -10.553641319274902 -0.6799532771110535
1433022905165 1 -17.80328369140625 -19.182344436645508 11.195286750793457
1433022905265 1 15.332468032836914 -15.514427185058594 15.342044830322266
1433022905365 1 5.171475887298584 -6.301538944244385 -4.175487995147705
1433022905466 1 -17.152061462402344 -16.931795120239258 11.492168426513672
1433022905566 1 13.570335388183594 -19.45049476623535 15.342044830322266
1433022905666 1 17.30529022216797 0.7565677165985107 -10.54406452178955
1433022905766 1 7.862558364868164 1.4269442558288574 -0.35434186458587646
1433022905867 1 -15.715539932250977 -10.927136421203613 -4.3191399574279785
1433022905967 1 14.777012825012207 -18.464082717895508 12.928689002990723
1433022906067 1 9.77791976928711 2.8155810832977295 -10.141838073730469
1433022906167 1 10.371682167053223 4.730942726135254 1.0055646896362305
1433022906267 1 2.499546527862549 4.041412353515625 -1.9153614044189453
