1432908767788 0 505.0
1432908767928 1 589.0
1432908768087 1 308.0
1432908768407 1 490.0
1432908768832 1 603.0
1432908769150 1 547.0
1432908769308 1 449.0
1432908769523 1 617.0
1432908769838 1 687.0
1432908770161 1 715.0
1432908770274 0 576.0
1432908770484 0 660.0
1432908770534 1 589.0
1432908770746 1 83.0
1432908770905 1 2.0
1432908771932 0 688.0
1432908772193 0 744.0
1432908772603 0 800.0
1432908772918 0 885.0
1432908773177 0 786.0
1432908773432 0 1012.0
1432908773563 1 12.0
1432908773723 1 43.0
1432908773642 0 1279.0
1432908773797 0 1575.0
1432908773884 1 434.0
1432908773950 0 1828.0
1432908774042 1 533.0
1432908774212 0 1420.0
1432908774420 0 2587.0
1432908774516 1 575.0
1432908774575 0 3192.0
1432908774835 0 3389.0
1432908775248 0 2981.0
1432908775212 1 815.0
1432908775638 1 674.0
1432908775818 0 3699.0
1432908776010 1 1110.0
1432908776170 1 2179.0
1432908776232 0 2841.0
1432908776325 1 4472.0
1432908776387 0 140.0
1432908776489 1 6231.0
1432908776540 0 97.0
1432908776701 1 7567.0
1432908776698 0 68.0
1432908776861 1 9425.0
1432908777021 1 7525.0
1432908777009 0 96.0
1432908777180 1 5457.0
1432908777339 1 4923.0
1432908777552 1 5978.0
1432908777765 1 7019.0
1432908777974 1 7680.0
1432908778198 0 108.0
1432908778455 1 8327.0
1432908778722 1 7427.0
1432908778873 0 85.0
1432908779148 1 6935.0
1432908779287 0 27.0
1432908779438 0 50.0
1432908779594 0 101.0
1432908779752 0 43.0
1432908779909 0 32.0
1432908779997 1 5851.0
1432908780111 0 45.0
1432908780158 1 2418.0
1432908780312 1 646.0
1432908780473 1 139.0
1432908780636 1 25.0
1432908780793 1 2.0
1432908781771 0 37.0
1432908783637 0 38.0
1432908784571 1 12.0
1432908784621 0 55.0
1432908784876 0 71.0
1432908784890 1 4.0
1432908785048 1 2.0
1432908785258 1 2.0
1432908785295 0 99.0
1432908785605 0 115.0
1432908786174 0 103.0
1432908786323 1 2.0
1432908786484 1 2.0
1432908786485 0 122.0
1432908786644 1 2.0
1432908786803 1 5.0
1432908786899 0 140.0
1432908786963 1 4.0
1432908787123 1 12.0
1432908787282 1 194.0
1432908787442 1 825.0
1432908787600 1 759.0
1432908788037 0 310.0
1432908788194 0 379.0
1432908788348 0 3671.0
1432908788505 0 8709.0
1432908788657 0 9187.0
1432908788771 1 899.0
1432908788931 1 1082.0
1432908789143 1 1181.0
1432908789407 1 1560.0
1432908789568 1 2686.0
1432908789727 1 3670.0
1432908789903 0 8075.0
1432908789992 1 4078.0
1432908790162 0 5950.0
1432908790259 1 4627.0
1432908790317 0 2236.0
1432908790632 1 5105.0
1432908790629 0 41.0
1432908790782 0 43.0
1432908790897 1 5584.0
1432908790938 0 19.0
1432908791107 1 6174.0
1432908791091 0 57.0
1432908791250 0 1708.0
1432908791405 0 55.0
1432908791560 0 312.0
1432908791712 0 182.0
1432908791871 0 2489.0
1432908792024 0 1617.0
1432908792180 0 3769.0
1432908792336 0 7118.0
1432908792491 0 9356.0
1432908792543 1 6850.0
1432908792644 0 5824.0
1432908792854 0 3953.0
1432908792969 1 7342.0
1432908793008 0 4192.0
1432908793217 0 8483.0
1432908793424 0 7554.0
1432908793579 0 2644.0
1432908793734 0 2433.0
1432908793890 0 4346.0
1432908793928 1 7863.0
1432908794045 0 5400.0
1432908794198 0 4543.0
1432908794356 0 2883.0
1432908794563 0 4135.0
1432908794718 0 5387.0
1432908794925 0 3390.0
1432908795081 0 5275.0
1432908795235 0 9692.0
1432908795364 1 7412.0
1432908795391 0 4741.0
1432908795599 0 12956.0
1432908795754 0 11283.0
1432908795909 0 6345.0
1432908796220 0 11945.0
1432908796531 0 7976.0
1432908796686 0 6457.0
1432908796743 1 6934.0
1432908796840 0 9256.0
1432908796995 0 25972.0
1432908797152 0 3657.0
1432908797307 0 18442.0
1432908797461 0 6387.0
1432908797544 1 6470.0
1432908797618 0 3854.0
1432908797774 0 24649.0
1432908797928 0 4726.0
1432908798084 0 55711.0
1432908798291 0 3122.0
1432908798447 0 10734.0
1432908798602 0 8891.0
1432908798757 0 3446.0
1432908798913 0 2250.0
1432908799068 0 3221.0
1432908799086 1 4471.0
