1432903921512 1 0.03922659903764725 0.7453053593635559 10.355822563171387
1432903922308 0 0.9022117853164673 0.7060787677764893 10.473502159118652
1432903921712 1 0.03922659903764725 0.7060787677764893 10.277368545532227
1432903922503 0 0.823758602142334 0.7845319509506226 10.473502159118652
1432903921912 1 0.03922659903764725 0.7060787677764893 10.316595077514648
1432903922703 0 0.9022117853164673 0.7453053593635559 10.43427562713623
1432903922112 1 0.03922659903764725 0.7453053593635559 10.355822563171387
1432903922903 0 0.7845319509506226 0.7060787677764893 10.473502159118652
1432903922316 1 0.0784531980752945 0.7453053593635559 10.238142013549805
1432903923103 0 0.823758602142334 0.7845319509506226 10.395049095153809
1432903922512 1 0.0784531980752945 0.7845319509506226 10.277368545532227
1432903923303 0 0.823758602142334 0.7060787677764893 10.551955223083496
1432903922712 1 -0.0 0.7060787677764893 10.395049095153809
1432903923502 0 0.8629851937294006 0.7453053593635559 10.473502159118652
1432903922912 1 0.156906396150589 0.7453053593635559 9.845876693725586
1432903923703 0 0.7453053593635559 0.7453053593635559 10.551955223083496
1432903923112 1 -0.03922659903764725 0.19613298773765564 10.238142013549805
1432903923903 0 0.8629851937294006 0.7453053593635559 10.473502159118652
1432903923312 1 0.11767979711294174 0.19613298773765564 10.316595077514648
1432903924103 0 0.9414383769035339 0.6668521761894226 10.473502159118652
1432903923512 1 0.11767979711294174 0.156906396150589 10.395049095153809
1432903924303 0 0.9806649684906006 0.6668521761894226 10.551955223083496
1432903923712 1 -0.0 0.156906396150589 10.355822563171387
1432903924503 0 0.9022117853164673 0.7060787677764893 10.43427562713623
1432903923912 1 -0.156906396150589 0.27458620071411133 10.277368545532227
1432903924703 0 0.8629851937294006 0.7845319509506226 10.512728691101074
1432903924112 1 -1.3337043523788452 1.4121575355529785 9.375157356262207
1432903924903 0 0.8629851937294006 0.7845319509506226 10.473502159118652
1432903924312 1 -0.3922659754753113 0.3922659754753113 9.963556289672852
1432903925103 0 1.019891619682312 0.7060787677764893 10.355822563171387
1432903924512 1 4.667965412139893 0.03922659903764725 8.041452407836914
1432903925303 0 0.823758602142334 0.7453053593635559 10.512728691101074
1432903924712 1 4.001112937927246 7.845319747924805 -2.785088539123535
1432903925503 0 0.8629851937294006 0.7845319509506226 10.551955223083496
1432903924912 1 2.5497288703918457 6.001669883728027 5.452497482299805
1432903925703 0 0.7453053593635559 0.7453053593635559 10.473502159118652
1432903925113 1 1.6867437362670898 5.256364345550537 9.571290016174316
1432903925903 0 0.823758602142334 0.7060787677764893 10.395049095153809
1432903925312 1 1.4906107187271118 5.256364345550537 7.766866683959961
1432903926103 0 0.823758602142334 0.7453053593635559 10.473502159118652
1432903925512 1 -1.2944778203964233 4.746418476104736 8.198359489440918
1432903926303 0 0.823758602142334 0.6668521761894226 10.591181755065918
1432903925712 1 1.45138418674469 6.51161527633667 8.198359489440918
1432903926503 0 0.8629851937294006 0.7060787677764893 10.473502159118652
1432903925912 1 7.49228048324585 2.2359161376953125 6.001669883728027
1432903926703 0 0.8629851937294006 0.7453053593635559 10.512728691101074
1432903926112 1 20.005565643310547 13.415496826171875 20.005565643310547
1432903926903 0 0.8629851937294006 0.7845319509506226 10.473502159118652
1432903926312 1 16.47517204284668 7.1392412185668945 13.258590698242188
1432903927103 0 0.8629851937294006 0.823758602142334 10.551955223083496
1432903926513 1 -9.022117614746094 5.80553674697876 8.982891082763672
1432903927303 0 0.7845319509506226 0.7845319509506226 10.512728691101074
1432903926712 1 -20.005565643310547 0.03922659903764725 2.3535959720611572
1432903927503 0 0.823758602142334 0.823758602142334 10.395049095153809
1432903926912 1 20.005565643310547 0.509945809841156 -2.1966896057128906
1432903927703 0 0.7845319509506226 0.7845319509506226 10.512728691101074
1432903927112 1 19.2602596282959 7.413827419281006 3.177354574203491
1432903927903 0 0.8629851937294006 0.7453053593635559 10.43427562713623
1432903927312 1 -20.005565643310547 4.667965412139893 9.806650161743164
1432903928103 0 0.7845319509506226 0.7453053593635559 10.43427562713623
1432903927512 1 -9.296704292297363 -3.8049800395965576 2.9419949054718018
1432903928303 0 0.7845319509506226 0.7845319509506226 10.43427562713623
1432903927712 1 20.005565643310547 11.022674560546875 -4.746418476104736
1432903928503 0 0.7845319509506226 0.7453053593635559 10.512728691101074
1432903927912 1 20.005565643310547 3.5303938388824463 2.5497288703918457
1432903928704 0 0.823758602142334 0.7845319509506226 10.512728691101074
1432903928112 1 -7.413827419281006 6.080122947692871 11.258033752441406
1432903928903 0 0.823758602142334 0.627625584602356 10.395049095153809
1432903928312 1 -19.29948616027832 4.158019542694092 9.45361042022705
1432903929103 0 0.6668521761894226 0.7060787677764893 10.669634819030762
1432903928511 1 -20.005565643310547 0.47071918845176697 4.11879301071167
1432903929303 0 0.7453053593635559 0.7453053593635559 10.591181755065918
1432903928712 1 4.158019542694092 -5.766310214996338 -0.5491724014282227
1432903929503 0 0.7453053593635559 0.823758602142334 10.395049095153809
1432903928912 1 20.005565643310547 12.277925491333008 -5.80553674697876
1432903929703 0 0.9022117853164673 0.7453053593635559 10.316595077514648
1432903929112 1 9.100570678710938 -1.3729310035705566 5.530950546264648
1432903929903 0 0.823758602142334 0.823758602142334 10.395049095153809
1432903929312 1 -15.651412963867188 4.079566478729248 4.589511871337891
1432903930103 0 0.7453053593635559 0.7845319509506226 10.551955223083496
1432903929511 1 6.2762556076049805 3.0596747398376465 7.923772811889648
1432903930303 0 0.8629851937294006 0.7845319509506226 10.473502159118652
1432903929712 1 4.942551612854004 2.079009771347046 9.492836952209473
1432903930503 0 0.7060787677764893 0.7845319509506226 10.512728691101074
1432903929912 1 5.687856674194336 2.6281821727752686 9.296704292297363
1432903930703 0 0.7845319509506226 0.7060787677764893 10.551955223083496
1432903930112 1 5.177911281585693 3.177354574203491 7.9629998207092285
1432903930903 0 0.7845319509506226 0.7845319509506226 10.473502159118652
1432903930312 1 6.237029075622559 3.5303938388824463 8.394492149353027
1432903931103 0 0.9022117853164673 0.7060787677764893 10.395049095153809
1432903930511 1 5.256364345550537 4.628738880157471 6.825428009033203
1432903931303 0 0.823758602142334 0.7060787677764893 10.512728691101074
1432903930712 1 5.57017707824707 4.942551612854004 7.1000142097473145
1432903931503 0 0.7845319509506226 0.7453053593635559 10.551955223083496
1432903930912 1 5.491724014282227 5.099457740783691 6.825428009033203
1432903931703 0 0.823758602142334 0.7845319509506226 10.512728691101074
1432903931112 1 5.530950546264648 5.0602312088012695 7.1000142097473145
1432903931903 0 0.823758602142334 0.823758602142334 10.43427562713623
1432903931312 1 5.452497482299805 5.099457740783691 6.825428009033203
1432903932103 0 0.7845319509506226 0.823758602142334 10.512728691101074
1432903931511 1 11.571846961975098 5.923216342926025 7.9629998207092285
1432903932303 0 0.823758602142334 0.7845319509506226 10.512728691101074
1432903931711 1 -1.1375713348388672 6.550841808319092 4.785645008087158
1432903932502 0 0.7845319509506226 0.823758602142334 10.551955223083496
1432903931912 1 -3.216581106185913 7.1000142097473145 5.57017707824707
1432903932703 0 0.7845319509506226 0.7453053593635559 10.551955223083496
1432903932112 1 -2.6281821727752686 8.316039085388184 5.0602312088012695
1432903932903 0 0.7845319509506226 0.7060787677764893 10.473502159118652
1432903932312 1 -1.5298373699188232 8.708305358886719 5.374043941497803
1432903933104 0 0.823758602142334 0.7453053593635559 10.43427562713623
1432903932511 1 -2.079009771347046 8.394492149353027 5.217137813568115
1432903933303 0 0.823758602142334 0.7453053593635559 10.512728691101074
1432903932712 1 -1.8436501026153564 8.551398277282715 5.295590877532959
1432903932912 1 -1.9221034049987793 8.590624809265137 5.491724014282227
1432903933703 0 0.7845319509506226 0.7453053593635559 10.512728691101074
1432903933112 1 -1.9613299369812012 8.590624809265137 5.177911281585693
1432903933903 0 0.823758602142334 0.7060787677764893 10.512728691101074
1432903933312 1 -2.1574628353118896 8.472945213317871 5.256364345550537
1432903934103 0 0.8629851937294006 0.7453053593635559 10.551955223083496
1432903933511 1 -1.8828767538070679 8.472945213317871 5.334817409515381
1432903934303 0 0.7453053593635559 0.6668521761894226 10.551955223083496
1432903933712 1 -1.8044235706329346 8.590624809265137 5.138684272766113
1432903934503 0 0.823758602142334 0.7453053593635559 10.473502159118652
1432903933912 1 -1.7259703874588013 8.512171745300293 5.295590877532959
1432903934703 0 0.823758602142334 0.6668521761894226 10.512728691101074
1432903934112 1 -1.6867437362670898 8.629851341247559 5.374043941497803
1432903934903 0 0.823758602142334 0.7453053593635559 10.473502159118652
1432903934312 1 -1.9613299369812012 8.43371868133545 5.334817409515381
1432903935103 0 0.823758602142334 0.7845319509506226 10.512728691101074
1432903934511 1 -1.4906107187271118 8.629851341247559 5.374043941497803
1432903935303 0 0.7845319509506226 0.823758602142334 10.395049095153809
1432903934712 1 -1.8044235706329346 8.472945213317871 5.413270473480225
1432903935503 0 0.7845319509506226 0.7453053593635559 10.512728691101074
1432903934912 1 -1.5690639019012451 8.472945213317871 5.374043941497803
1432903935703 0 0.8629851937294006 0.7453053593635559 10.512728691101074
1432903935113 1 -4.589511871337891 6.3154826164245605 5.374043941497803
1432903935312 1 7.1000142097473145 5.256364345550537 7.453053951263428
1432903936103 0 0.8629851937294006 0.7060787677764893 10.512728691101074
1432903935511 1 6.943108081817627 4.981778144836426 6.119349479675293
1432903936303 0 0.8629851937294006 0.7845319509506226 10.512728691101074
1432903935712 1 8.002225875854492 4.001112937927246 7.1000142097473145
1432903936503 0 0.823758602142334 0.7453053593635559 10.512728691101074
1432903935912 1 6.668521881103516 4.432605743408203 6.590068817138672
1432903936704 0 0.8629851937294006 0.7060787677764893 10.551955223083496
1432903936112 1 -0.4314925968647003 6.982334613800049 5.452497482299805
1432903936903 0 0.823758602142334 0.7453053593635559 10.43427562713623
1432903936312 1 -6.943108081817627 6.393935680389404 2.471275806427002
1432903937103 0 0.823758602142334 0.7060787677764893 10.512728691101074
1432903936511 1 -0.11767979711294174 8.94366455078125 5.217137813568115
1432903937304 0 0.823758602142334 0.7453053593635559 10.512728691101074
1432903936712 1 0.27458620071411133 8.43371868133545 5.80553674697876
1432903937503 0 0.823758602142334 0.7060787677764893 10.551955223083496
1432903936911 1 1.5298373699188232 8.002225875854492 6.237029075622559
1432903937704 0 0.8629851937294006 0.7060787677764893 10.43427562713623
1432903937112 1 2.824315071105957 7.609960079193115 6.158576011657715
1432903937903 0 0.823758602142334 0.7453053593635559 10.512728691101074
1432903937312 1 3.8049800395965576 7.060787677764893 6.7077484130859375
1432903938103 0 0.823758602142334 0.7453053593635559 10.43427562713623
1432903937511 1 2.90276837348938 6.668521881103516 7.374600410461426
1432903938303 0 0.8629851937294006 0.823758602142334 10.551955223083496
1432903937713 1 2.863541841506958 6.7077484130859375 7.217694282531738
1432903938503 0 0.7845319509506226 0.7453053593635559 10.473502159118652
1432903937912 1 3.177354574203491 6.668521881103516 7.25692081451416
1432903938703 0 0.7453053593635559 0.7453053593635559 10.43427562713623
1432903938112 1 6.433162212371826 6.746974945068359 10.238142013549805
1432903938903 0 0.7845319509506226 0.7453053593635559 10.512728691101074
1432903938312 1 10.591181755065918 6.3154826164245605 4.040339469909668
1432903939103 0 0.8629851937294006 0.7453053593635559 10.473502159118652
1432903938511 1 -3.961886405944824 4.903325080871582 4.314925670623779
1432903939303 0 0.9022117853164673 0.7845319509506226 10.512728691101074
1432903938712 1 -6.433162212371826 3.608847141265869 1.1767979860305786
1432903939503 0 0.8629851937294006 0.7453053593635559 10.43427562713623
1432903938912 1 20.005565643310547 7.453053951263428 2.5889556407928467
1432903939703 0 0.7845319509506226 0.7845319509506226 10.551955223083496
1432903939112 1 11.728753089904785 5.80553674697876 0.11767979711294174
1432903939903 0 0.7453053593635559 0.7453053593635559 10.43427562713623
1432903939312 1 3.0989012718200684 7.688413619995117 6.080122947692871
1432903940103 0 0.823758602142334 0.7453053593635559 10.551955223083496
1432903939511 1 5.648630142211914 7.335373878479004 3.9226598739624023
1432903940303 0 0.823758602142334 0.7060787677764893 10.512728691101074
1432903939712 1 6.158576011657715 7.570733547210693 4.903325080871582
1432903940503 0 0.823758602142334 0.7453053593635559 10.473502159118652
1432903939912 1 6.080122947692871 7.217694282531738 3.9226598739624023
1432903940703 0 0.823758602142334 0.7453053593635559 10.43427562713623
1432903940112 1 6.001669883728027 7.335373878479004 3.648073673248291
1432903940903 0 0.823758602142334 0.7060787677764893 10.43427562713623
1432903940312 1 6.197802543640137 7.335373878479004 3.4519407749176025
1432903941103 0 0.823758602142334 0.7845319509506226 10.395049095153809
1432903940512 1 5.80553674697876 7.178467750549316 3.7657535076141357
1432903941303 0 0.823758602142334 0.823758602142334 10.512728691101074
1432903940715 1 5.80553674697876 7.178467750549316 3.687300205230713
1432903941503 0 0.823758602142334 0.7845319509506226 10.512728691101074
1432903940912 1 6.158576011657715 7.335373878479004 3.8834333419799805
1432903941703 0 0.8629851937294006 0.7845319509506226 10.43427562713623
1432903941112 1 5.923216342926025 7.296147346496582 3.8834333419799805
1432903941903 0 0.8629851937294006 0.7453053593635559 10.473502159118652
1432903941312 1 5.727083683013916 7.296147346496582 3.8049800395965576
1432903942103 0 0.823758602142334 0.7453053593635559 10.473502159118652
1432903941511 1 5.8839898109436035 7.296147346496582 3.8442068099975586
1432903942303 0 0.823758602142334 0.7453053593635559 10.512728691101074
1432903941712 1 5.844763278961182 7.217694282531738 3.687300205230713
1432903942503 0 0.7845319509506226 0.7845319509506226 10.473502159118652
1432903941912 1 5.0602312088012695 7.727640151977539 4.589511871337891
1432903942703 0 0.7845319509506226 0.8629851937294006 10.43427562713623
1432903942112 1 4.2364726066589355 4.864098072052002 10.473502159118652
1432903942903 0 0.823758602142334 0.7453053593635559 10.43427562713623
1432903942312 1 2.824315071105957 0.7453053593635559 9.806650161743164
1432903943103 0 0.823758602142334 0.7453053593635559 10.473502159118652
1432903942511 1 1.7259703874588013 -1.647517204284668 8.198359489440918
1432903942713 1 4.785645008087158 -4.079566478729248 10.63040828704834
1432903943503 0 0.823758602142334 0.6668521761894226 10.512728691101074
1432903942912 1 3.0204482078552246 -1.019891619682312 8.119906425476074
1432903943703 0 0.7453053593635559 0.7453053593635559 10.551955223083496
1432903943112 1 0.11767979711294174 0.313812792301178 10.198915481567383
1432903943903 0 0.7845319509506226 0.823758602142334 10.473502159118652
1432903943312 1 0.0784531980752945 0.19613298773765564 10.316595077514648
1432903944103 0 0.823758602142334 0.6668521761894226 10.551955223083496
1432903943511 1 0.11767979711294174 0.19613298773765564 10.43427562713623
1432903944303 0 0.823758602142334 0.7845319509506226 10.473502159118652
1432903943712 1 0.03922659903764725 0.156906396150589 10.395049095153809
1432903944503 0 0.7453053593635559 0.7060787677764893 10.512728691101074
1432903943912 1 0.11767979711294174 0.0784531980752945 10.473502159118652
1432903944703 0 0.8629851937294006 0.7453053593635559 10.43427562713623
1432903944112 1 0.03922659903764725 0.0784531980752945 10.355822563171387
1432903944903 0 0.8629851937294006 0.7453053593635559 10.355822563171387
1432903944312 1 0.0784531980752945 0.156906396150589 10.355822563171387
1432903945103 0 0.823758602142334 0.7060787677764893 10.395049095153809
1432903944511 1 0.0784531980752945 0.0784531980752945 10.277368545532227
1432903945303 0 0.7845319509506226 0.7060787677764893 10.551955223083496
1432903944712 1 0.0784531980752945 0.11767979711294174 10.395049095153809
1432903945503 0 0.823758602142334 0.7060787677764893 10.43427562713623
1432903945703 0 0.823758602142334 0.7060787677764893 10.512728691101074
1432903945112 1 0.0784531980752945 0.156906396150589 10.355822563171387
1432903945903 0 0.7845319509506226 0.7845319509506226 10.512728691101074
1432903945312 1 0.0784531980752945 0.23535959422588348 10.355822563171387
1432903946103 0 0.8629851937294006 0.7453053593635559 10.395049095153809
1432903945512 1 0.156906396150589 0.11767979711294174 10.277368545532227
1432903946303 0 0.7845319509506226 0.7060787677764893 10.473502159118652
1432903945712 1 0.0784531980752945 0.156906396150589 10.316595077514648
1432903946503 0 0.823758602142334 0.823758602142334 10.551955223083496
1432903945912 1 0.03922659903764725 0.23535959422588348 10.277368545532227
1432903946703 0 0.823758602142334 0.823758602142334 10.473502159118652
1432903946112 1 0.0784531980752945 0.27458620071411133 10.355822563171387
1432903946903 0 0.823758602142334 0.7845319509506226 10.473502159118652
1432903946312 1 0.0784531980752945 0.23535959422588348 10.355822563171387
1432903947103 0 0.823758602142334 0.6668521761894226 10.43427562713623
1432903946512 1 0.11767979711294174 0.19613298773765564 10.316595077514648
1432903947303 0 0.823758602142334 0.7453053593635559 10.355822563171387
1432903946712 1 0.03922659903764725 0.19613298773765564 10.316595077514648
1432903947503 0 0.9022117853164673 0.7845319509506226 10.473502159118652
1432903946912 1 0.156906396150589 0.156906396150589 10.316595077514648
1432903947703 0 0.7845319509506226 0.7845319509506226 10.473502159118652
1432903947112 1 0.0784531980752945 0.19613298773765564 10.316595077514648
1432903947903 0 0.823758602142334 0.7060787677764893 10.473502159118652
1432903947312 1 0.11767979711294174 0.23535959422588348 10.355822563171387
1432903948103 0 0.8629851937294006 0.7060787677764893 10.43427562713623
1432903947512 1 0.0784531980752945 0.19613298773765564 10.355822563171387
1432903948303 0 0.7845319509506226 0.823758602142334 10.512728691101074
1432903947712 1 0.11767979711294174 0.23535959422588348 10.355822563171387
1432903948503 0 0.823758602142334 0.7060787677764893 10.395049095153809
1432903947912 1 0.0784531980752945 0.19613298773765564 10.355822563171387
1432903948703 0 0.823758602142334 0.7453053593635559 10.512728691101074
1432903948112 1 0.0784531980752945 0.23535959422588348 10.355822563171387
1432903948903 0 0.8629851937294006 0.7845319509506226 10.473502159118652
1432903948312 1 0.0784531980752945 0.156906396150589 10.395049095153809
1432903949103 0 0.7453053593635559 0.7060787677764893 10.512728691101074
1432903948512 1 0.11767979711294174 0.23535959422588348 10.355822563171387
1432903949303 0 0.8629851937294006 0.7060787677764893 10.43427562713623
1432903948712 1 0.0784531980752945 0.23535959422588348 10.316595077514648
1432903949503 0 0.823758602142334 0.7453053593635559 10.551955223083496
1432903949704 0 0.823758602142334 0.7845319509506226 10.473502159118652
1432903949112 1 0.156906396150589 0.23535959422588348 10.316595077514648
1432903949903 0 0.7845319509506226 0.7845319509506226 10.591181755065918
1432903949312 1 0.11767979711294174 0.19613298773765564 10.277368545532227
1432903950103 0 0.823758602142334 0.7453053593635559 10.473502159118652
1432903949511 1 0.0784531980752945 0.19613298773765564 10.238142013549805
1432903950303 0 0.7845319509506226 0.7453053593635559 10.591181755065918
1432903949712 1 0.0784531980752945 0.19613298773765564 10.355822563171387
1432903950503 0 0.823758602142334 0.7060787677764893 10.43427562713623
1432903949912 1 0.11767979711294174 0.23535959422588348 10.316595077514648
1432903950703 0 0.823758602142334 0.7845319509506226 10.473502159118652
1432903950112 1 0.156906396150589 0.156906396150589 10.316595077514648
1432903950904 0 0.823758602142334 0.7060787677764893 10.591181755065918
1432903950312 1 0.11767979711294174 0.27458620071411133 10.316595077514648
1432903951103 0 0.7453053593635559 0.7453053593635559 10.473502159118652
1432903950512 1 0.03922659903764725 0.27458620071411133 10.277368545532227
1432903951303 0 0.8629851937294006 0.7845319509506226 10.591181755065918
1432903950712 1 0.11767979711294174 0.19613298773765564 10.355822563171387
1432903951503 0 0.823758602142334 0.7453053593635559 10.473502159118652
1432903950912 1 0.0784531980752945 0.19613298773765564 10.277368545532227
1432903951703 0 0.8629851937294006 0.823758602142334 10.512728691101074
1432903951903 0 0.9414383769035339 0.7453053593635559 10.43427562713623
1432903951112 1 0.11767979711294174 0.19613298773765564 10.355822563171387
1432903951312 1 0.0784531980752945 0.19613298773765564 10.277368545532227
1432903952103 0 0.8629851937294006 0.823758602142334 10.473502159118652
1432903951511 1 0.03922659903764725 0.156906396150589 10.395049095153809
1432903952303 0 0.7845319509506226 0.6668521761894226 10.551955223083496
1432903951712 1 0.11767979711294174 0.313812792301178 10.355822563171387
1432903952503 0 0.7453053593635559 0.7060787677764893 10.512728691101074
1432903951912 1 0.11767979711294174 0.27458620071411133 10.395049095153809
1432903952703 0 0.823758602142334 0.7453053593635559 10.551955223083496
1432903952112 1 0.0784531980752945 0.23535959422588348 10.43427562713623
1432903952905 0 0.823758602142334 0.6668521761894226 10.473502159118652
1432903952312 1 0.03922659903764725 0.19613298773765564 10.316595077514648
1432903953103 0 0.823758602142334 0.7845319509506226 10.512728691101074
1432903952511 1 0.03922659903764725 0.19613298773765564 10.238142013549805
1432903953303 0 0.9022117853164673 0.823758602142334 10.551955223083496
1432903952712 1 0.11767979711294174 0.19613298773765564 10.355822563171387
1432903953503 0 0.9414383769035339 0.7845319509506226 10.551955223083496
1432903953703 0 0.9022117853164673 0.7845319509506226 10.512728691101074
1432903953112 1 0.11767979711294174 0.156906396150589 10.355822563171387
1432903953903 0 0.823758602142334 0.7453053593635559 10.473502159118652
1432903953312 1 0.11767979711294174 0.11767979711294174 10.395049095153809
1432903954103 0 0.7845319509506226 0.7453053593635559 10.512728691101074
1432903953511 1 0.0784531980752945 0.156906396150589 10.355822563171387
1432903954303 0 0.7845319509506226 0.6668521761894226 10.43427562713623
1432903953712 1 0.03922659903764725 0.23535959422588348 10.395049095153809
1432903954503 0 0.823758602142334 0.7453053593635559 10.473502159118652
1432903953912 1 0.0784531980752945 0.19613298773765564 10.277368545532227
1432903954703 0 0.823758602142334 0.823758602142334 10.551955223083496
1432903954112 1 0.19613298773765564 0.23535959422588348 10.277368545532227
1432903954903 0 0.823758602142334 0.7453053593635559 10.551955223083496
1432903954312 1 0.0784531980752945 0.27458620071411133 10.355822563171387
1432903954511 1 0.156906396150589 0.19613298773765564 10.355822563171387
