1433149730006 0 0.5491724014282227 -0.627625584602356 10.551955223083496
1433149728099 1 0.23535959422588348 0.19613298773765564 10.316595077514648
1433149730107 0 0.7060787677764893 -0.5883989930152893 10.512728691101074
1433149728199 1 0.19613298773765564 0.11767979711294174 10.316595077514648
1433149730208 0 0.627625584602356 -0.5491724014282227 10.591181755065918
1433149728300 1 0.35303938388824463 0.156906396150589 10.238142013549805
1433149730309 0 0.6668521761894226 -0.5883989930152893 10.473502159118652
1433149728400 1 0.156906396150589 0.11767979711294174 10.277368545532227
1433149730409 0 0.5883989930152893 -0.627625584602356 10.512728691101074
1433149728501 1 0.156906396150589 0.19613298773765564 10.316595077514648
1433149730509 0 0.5883989930152893 -0.4314925968647003 10.551955223083496
1433149728602 1 0.23535959422588348 0.19613298773765564 10.238142013549805
1433149730610 0 0.5491724014282227 -0.4314925968647003 10.512728691101074
1433149728702 1 0.23535959422588348 0.23535959422588348 10.355822563171387
1433149730710 0 0.5883989930152893 -0.509945809841156 10.473502159118652
1433149728802 1 0.19613298773765564 0.23535959422588348 10.355822563171387
1433149730810 0 0.5883989930152893 -0.47071918845176697 10.591181755065918
1433149728903 1 0.156906396150589 0.23535959422588348 10.277368545532227
1433149730910 0 0.5883989930152893 -0.509945809841156 10.473502159118652
1433149729004 1 0.19613298773765564 0.156906396150589 10.316595077514648
1433149731010 0 0.5883989930152893 -0.5491724014282227 10.473502159118652
1433149729105 1 0.23535959422588348 0.23535959422588348 10.355822563171387
1433149731110 0 0.627625584602356 -0.5491724014282227 10.551955223083496
1433149729205 1 0.23535959422588348 0.156906396150589 10.277368545532227
1433149731211 0 0.5883989930152893 -0.5883989930152893 10.512728691101074
1433149729306 1 0.19613298773765564 0.19613298773765564 10.355822563171387
1433149731312 0 0.627625584602356 -0.47071918845176697 10.551955223083496
1433149729407 1 0.19613298773765564 0.27458620071411133 10.277368545532227
1433149731413 0 0.5883989930152893 -0.5491724014282227 10.512728691101074
1433149729508 1 0.19613298773765564 0.23535959422588348 10.316595077514648
1433149731514 0 0.627625584602356 -0.509945809841156 10.512728691101074
1433149729609 1 0.19613298773765564 0.23535959422588348 10.238142013549805
1433149731615 0 0.5491724014282227 -0.47071918845176697 10.551955223083496
1433149729709 1 0.156906396150589 0.19613298773765564 10.355822563171387
1433149731717 0 0.6668521761894226 -0.509945809841156 10.512728691101074
1433149729810 1 0.19613298773765564 0.156906396150589 10.316595077514648
1433149731818 0 0.627625584602356 -0.47071918845176697 10.551955223083496
1433149729912 1 0.19613298773765564 0.313812792301178 10.277368545532227
1433149731918 0 0.6668521761894226 -0.5883989930152893 10.551955223083496
1433149730012 1 0.23535959422588348 0.156906396150589 10.277368545532227
1433149732018 0 0.5883989930152893 -0.5491724014282227 10.512728691101074
1433149730113 1 0.156906396150589 0.156906396150589 10.316595077514648
1433149732119 0 0.5883989930152893 -0.47071918845176697 10.512728691101074
1433149730213 1 0.19613298773765564 0.11767979711294174 10.316595077514648
1433149732220 0 0.5883989930152893 -0.5883989930152893 10.473502159118652
1433149730314 1 0.23535959422588348 0.156906396150589 10.238142013549805
1433149732322 0 0.5883989930152893 -0.5883989930152893 10.43427562713623
1433149730415 1 0.19613298773765564 0.313812792301178 10.316595077514648
1433149732421 0 0.509945809841156 -0.627625584602356 10.512728691101074
1433149730516 1 0.19613298773765564 0.23535959422588348 10.277368545532227
1433149732521 0 0.627625584602356 -0.4314925968647003 10.591181755065918
1433149730617 1 0.156906396150589 0.23535959422588348 10.316595077514648
1433149732622 0 1.7259703874588013 -0.7453053593635559 11.258033752441406
1433149730717 1 0.19613298773765564 0.156906396150589 10.316595077514648
1433149732723 0 -5.452497482299805 3.5696206092834473 8.786758422851562
1433149730818 1 0.23535959422588348 0.19613298773765564 10.316595077514648
1433149732825 0 -3.608847141265869 0.0784531980752945 7.5315070152282715
1433149730919 1 0.0784531980752945 0.156906396150589 10.198915481567383
1433149732926 0 8.865211486816406 -0.3922659754753113 20.005565643310547
1433149731019 1 0.156906396150589 0.23535959422588348 10.355822563171387
1433149733027 0 -0.03922659903764725 -0.23535959422588348 16.828210830688477
1433149731119 1 0.156906396150589 0.11767979711294174 10.355822563171387
1433149733129 0 0.7453053593635559 -0.5883989930152893 10.512728691101074
1433149731219 1 0.27458620071411133 0.23535959422588348 10.316595077514648
1433149733230 0 0.7453053593635559 -0.509945809841156 10.473502159118652
1433149731319 1 0.156906396150589 0.19613298773765564 10.238142013549805
1433149733329 0 0.6668521761894226 -0.47071918845176697 10.551955223083496
1433149731419 1 0.19613298773765564 0.23535959422588348 10.316595077514648
1433149733429 0 0.7060787677764893 -0.5491724014282227 10.512728691101074
1433149731520 1 0.11767979711294174 0.156906396150589 10.355822563171387
1433149733529 0 0.6668521761894226 -0.5491724014282227 10.473502159118652
1433149731621 1 0.19613298773765564 0.19613298773765564 10.395049095153809
1433149733629 0 -0.8629851937294006 0.9414383769035339 3.0596747398376465
1433149731722 1 0.19613298773765564 0.156906396150589 9.963556289672852
1433149733729 0 1.1767979860305786 0.9806649684906006 14.906107902526855
1433149731822 1 0.19613298773765564 0.11767979711294174 10.708861351013184
1433149733829 0 0.7060787677764893 -0.5883989930152893 8.276812553405762
1433149731923 1 0.11767979711294174 0.23535959422588348 10.355822563171387
1433149733929 0 0.5491724014282227 -0.4314925968647003 10.591181755065918
1433149732024 1 0.19613298773765564 0.19613298773765564 10.316595077514648
1433149734030 0 0.7845319509506226 -0.5883989930152893 10.512728691101074
1433149732125 1 0.156906396150589 0.23535959422588348 10.355822563171387
1433149734131 0 0.7453053593635559 -0.5883989930152893 10.512728691101074
1433149732225 1 0.19613298773765564 0.23535959422588348 10.316595077514648
1433149734231 0 0.7060787677764893 -0.5491724014282227 10.473502159118652
1433149732326 1 0.156906396150589 0.27458620071411133 10.238142013549805
1433149734331 0 0.7453053593635559 -0.5491724014282227 10.551955223083496
1433149732427 1 0.19613298773765564 0.19613298773765564 10.355822563171387
1433149734431 0 0.7453053593635559 -0.5883989930152893 10.43427562713623
1433149732528 1 0.11767979711294174 0.11767979711294174 10.238142013549805
1433149734531 0 0.7845319509506226 -0.5491724014282227 10.43427562713623
1433149732629 1 0.27458620071411133 0.19613298773765564 10.316595077514648
1433149734632 0 0.6668521761894226 -0.5491724014282227 10.43427562713623
1433149732730 1 0.9022117853164673 0.27458620071411133 10.591181755065918
1433149734733 0 0.7453053593635559 -0.5491724014282227 10.551955223083496
1433149732832 1 0.4314925968647003 0.4314925968647003 12.866324424743652
1433149734834 0 0.313812792301178 -0.7060787677764893 10.591181755065918
1433149732932 1 3.295034408569336 0.19613298773765564 5.648630142211914
1433149734934 0 0.19613298773765564 -0.9806649684906006 8.708305358886719
1433149733033 1 -5.177911281585693 -0.7060787677764893 13.768536567687988
1433149735035 0 0.7453053593635559 -0.5883989930152893 11.061901092529297
1433149733136 1 0.47071918845176697 0.11767979711294174 11.14035415649414
1433149735136 0 0.7453053593635559 -0.4314925968647003 10.512728691101074
1433149733237 1 0.27458620071411133 0.23535959422588348 10.316595077514648
1433149735237 0 0.7060787677764893 -0.5491724014282227 10.512728691101074
1433149733338 1 0.19613298773765564 0.19613298773765564 10.277368545532227
1433149735338 0 0.6668521761894226 -0.5883989930152893 10.512728691101074
1433149735439 0 0.7845319509506226 -0.5883989930152893 10.473502159118652
1433149733438 1 0.27458620071411133 0.156906396150589 10.277368545532227
1433149733538 1 0.11767979711294174 0.156906396150589 10.277368545532227
1433149735539 0 0.7453053593635559 -0.5883989930152893 10.512728691101074
1433149733638 1 0.23535959422588348 0.156906396150589 10.355822563171387
1433149735640 0 0.6668521761894226 -0.627625584602356 10.473502159118652
1433149733739 1 1.1767979860305786 -1.019891619682312 12.238698959350586
1433149735741 0 0.7453053593635559 -0.5883989930152893 10.512728691101074
1433149733839 1 2.785088539123535 -0.7845319509506226 5.766310214996338
1433149735842 0 0.7845319509506226 -0.5491724014282227 10.512728691101074
1433149733939 1 1.6867437362670898 0.823758602142334 4.2364726066589355
1433149735943 0 0.627625584602356 -0.6668521761894226 10.708861351013184
1433149734039 1 -0.3922659754753113 0.19613298773765564 9.688969612121582
1433149736044 0 0.7845319509506226 -0.5883989930152893 10.63040828704834
1433149734140 1 0.19613298773765564 0.23535959422588348 10.238142013549805
1433149736145 0 0.7060787677764893 -0.509945809841156 10.512728691101074
1433149734241 1 0.19613298773765564 0.19613298773765564 10.277368545532227
1433149736246 0 0.7453053593635559 -0.47071918845176697 10.512728691101074
1433149734342 1 0.19613298773765564 0.156906396150589 10.277368545532227
1433149736347 0 0.7060787677764893 -0.509945809841156 10.512728691101074
1433149734443 1 0.156906396150589 0.23535959422588348 10.277368545532227
1433149736448 0 0.7453053593635559 -0.509945809841156 10.512728691101074
1433149734544 1 0.19613298773765564 0.19613298773765564 10.277368545532227
1433149736549 0 0.7060787677764893 -0.5491724014282227 10.512728691101074
1433149734645 1 0.03922659903764725 0.19613298773765564 10.316595077514648
1433149736650 0 0.7453053593635559 -0.509945809841156 10.512728691101074
1433149736749 0 0.7060787677764893 -0.5491724014282227 10.473502159118652
1433149734746 1 1.1375713348388672 -0.0 10.43427562713623
1433149736849 0 0.7845319509506226 -0.5491724014282227 10.551955223083496
1433149734848 1 3.1381278038024902 0.509945809841156 10.198915481567383
1433149736949 0 0.7845319509506226 -0.627625584602356 10.512728691101074
1433149734949 1 4.158019542694092 0.23535959422588348 6.197802543640137
1433149737050 0 0.6668521761894226 -0.5491724014282227 10.669634819030762
1433149735050 1 0.9806649684906006 0.47071918845176697 2.000556468963623
1433149735150 1 -1.1767979860305786 0.19613298773765564 5.80553674697876
1433149737151 0 0.7060787677764893 -0.4314925968647003 10.473502159118652
1433149735252 1 -0.156906396150589 0.156906396150589 10.198915481567383
1433149737251 0 0.6668521761894226 -0.5491724014282227 10.551955223083496
1433149737351 0 0.7060787677764893 -0.509945809841156 10.591181755065918
1433149735353 1 0.03922659903764725 0.23535959422588348 10.238142013549805
1433149735454 1 0.156906396150589 0.313812792301178 10.395049095153809
1433149737451 0 0.7453053593635559 -0.5491724014282227 10.512728691101074
1433149735555 1 0.19613298773765564 0.27458620071411133 10.198915481567383
1433149737551 0 0.823758602142334 -0.509945809841156 10.591181755065918
1433149735656 1 0.03922659903764725 0.627625584602356 10.63040828704834
1433149737651 0 0.7453053593635559 -0.627625584602356 10.473502159118652
1433149735755 1 -2.079009771347046 -1.7651969194412231 14.631521224975586
1433149737752 0 0.5883989930152893 -0.3922659754753113 10.238142013549805
1433149735856 1 -0.35303938388824463 0.11767979711294174 10.120462417602539
1433149737853 0 0.5883989930152893 -0.509945809841156 10.591181755065918
1433149735957 1 0.27458620071411133 0.156906396150589 10.238142013549805
1433149737953 0 0.7060787677764893 -0.5491724014282227 10.551955223083496
1433149736057 1 0.0784531980752945 0.23535959422588348 10.355822563171387
1433149738054 0 0.7060787677764893 -0.47071918845176697 10.669634819030762
1433149736157 1 0.313812792301178 0.19613298773765564 10.238142013549805
1433149738155 0 0.7453053593635559 -0.5491724014282227 10.473502159118652
1433149736257 1 0.5883989930152893 0.23535959422588348 10.43427562713623
1433149738256 0 0.7453053593635559 -0.5491724014282227 10.551955223083496
1433149736357 1 3.3734874725341797 -0.313812792301178 9.845876693725586
1433149738357 0 0.4314925968647003 -0.156906396150589 10.669634819030762
1433149736457 1 3.8049800395965576 -0.4314925968647003 4.393379211425781
1433149738457 0 -0.6668521761894226 0.47071918845176697 10.551955223083496
1433149736557 1 10.277368545532227 -3.687300205230713 20.005565643310547
1433149738558 0 -1.255251169204712 0.47071918845176697 11.022674560546875
1433149736658 1 2.471275806427002 0.509945809841156 9.179023742675781
1433149738658 0 -2.2751426696777344 0.3922659754753113 9.688969612121582
1433149736759 1 0.19613298773765564 0.27458620071411133 10.238142013549805
1433149738758 0 -2.510502338409424 0.35303938388824463 9.845876693725586
1433149736859 1 0.0784531980752945 0.19613298773765564 10.395049095153809
1433149738858 0 -2.863541841506958 0.3922659754753113 9.92432975769043
1433149736960 1 0.0784531980752945 0.156906396150589 10.316595077514648
1433149738958 0 -3.7657535076141357 -0.0 4.628738880157471
1433149737060 1 0.0784531980752945 0.156906396150589 10.238142013549805
1433149739059 0 8.94366455078125 -0.4314925968647003 20.005565643310547
1433149737160 1 0.11767979711294174 0.19613298773765564 10.355822563171387
1433149739159 0 -0.4314925968647003 -0.7060787677764893 6.982334613800049
1433149737261 1 0.11767979711294174 0.19613298773765564 10.277368545532227
1433149739261 0 0.7060787677764893 -0.509945809841156 10.473502159118652
1433149737362 1 0.23535959422588348 0.27458620071411133 10.591181755065918
1433149739361 0 0.7060787677764893 -0.5883989930152893 10.551955223083496
1433149737462 1 0.4314925968647003 0.0784531980752945 11.414939880371094
1433149739462 0 0.7453053593635559 -0.5883989930152893 10.551955223083496
1433149737563 1 3.9226598739624023 -0.27458620071411133 8.74753189086914
1433149739564 0 0.7060787677764893 -0.5883989930152893 10.512728691101074
1433149737663 1 0.0784531980752945 -0.0 0.47071918845176697
1433149739666 0 0.627625584602356 -0.7845319509506226 11.022674560546875
1433149737764 1 1.5690639019012451 0.35303938388824463 6.119349479675293
1433149739767 0 1.1767979860305786 -1.255251169204712 11.414939880371094
1433149737865 1 0.0784531980752945 0.23535959422588348 10.473502159118652
1433149739868 0 -1.4906107187271118 -1.019891619682312 20.005565643310547
1433149737966 1 0.156906396150589 0.19613298773765564 10.277368545532227
1433149739969 0 -2.392822504043579 0.03922659903764725 7.884546279907227
1433149738066 1 0.11767979711294174 0.23535959422588348 10.983448028564453
1433149740069 0 2.079009771347046 -0.35303938388824463 5.609403610229492
1433149738167 1 0.156906396150589 0.11767979711294174 10.43427562713623
1433149740169 0 2.079009771347046 -0.23535959422588348 18.514955520629883
1433149738268 1 0.156906396150589 0.23535959422588348 10.159688949584961
1433149740269 0 0.7060787677764893 -0.5491724014282227 10.63040828704834
1433149738369 1 0.27458620071411133 0.156906396150589 10.316595077514648
1433149740370 0 0.6668521761894226 -0.5883989930152893 10.473502159118652
1433149738470 1 0.156906396150589 0.509945809841156 11.454167366027832
1433149740472 0 0.6668521761894226 -0.5491724014282227 10.512728691101074
1433149738571 1 2.90276837348938 0.313812792301178 8.982891082763672
1433149740572 0 0.6668521761894226 -0.5491724014282227 10.512728691101074
1433149738673 1 4.942551612854004 -0.6668521761894226 9.45361042022705
1433149740673 0 0.627625584602356 0.03922659903764725 10.198915481567383
1433149738775 1 -0.627625584602356 0.4314925968647003 2.1574628353118896
1433149740774 0 0.5883989930152893 -0.5491724014282227 10.708861351013184
1433149738875 1 -0.4314925968647003 0.23535959422588348 9.688969612121582
1433149740875 0 1.0591181516647339 -0.509945809841156 12.31715202331543
1433149738976 1 0.11767979711294174 0.156906396150589 10.159688949584961
1433149740976 0 -3.0596747398376465 0.823758602142334 7.806093215942383
1433149739077 1 0.19613298773765564 0.23535959422588348 9.845876693725586
1433149741077 0 2.5889556407928467 2.2751426696777344 10.277368545532227
1433149739177 1 0.03922659903764725 0.11767979711294174 10.748087882995605
1433149741178 0 4.079566478729248 -2.432049036026001 19.65252685546875
1433149739277 1 0.35303938388824463 0.19613298773765564 10.63040828704834
1433149741278 0 0.627625584602356 -0.509945809841156 10.355822563171387
1433149739377 1 1.6867437362670898 -0.11767979711294174 9.806650161743164
1433149741379 0 0.7453053593635559 -0.5883989930152893 10.473502159118652
1433149739477 1 2.5889556407928467 0.156906396150589 9.610516548156738
1433149741480 0 0.7060787677764893 -0.5883989930152893 10.551955223083496
1433149739577 1 0.7060787677764893 0.313812792301178 9.767423629760742
1433149741581 0 0.7453053593635559 -0.509945809841156 10.512728691101074
1433149739677 1 0.19613298773765564 0.27458620071411133 10.473502159118652
1433149741682 0 0.6668521761894226 -0.5883989930152893 10.512728691101074
1433149739777 1 0.11767979711294174 0.156906396150589 10.316595077514648
1433149741783 0 0.6668521761894226 -0.5491724014282227 10.512728691101074
1433149739877 1 0.23535959422588348 0.19613298773765564 10.355822563171387
1433149741884 0 0.7453053593635559 -0.47071918845176697 10.591181755065918
1433149739977 1 0.27458620071411133 -0.5883989930152893 10.198915481567383
1433149741985 0 0.7060787677764893 -0.4314925968647003 10.512728691101074
1433149740077 1 -0.0 -0.0 10.473502159118652
1433149742085 0 0.6668521761894226 -0.5883989930152893 10.591181755065918
1433149740178 1 0.7060787677764893 0.03922659903764725 11.767979621887207
1433149742185 0 0.7060787677764893 -0.509945809841156 10.512728691101074
1433149740278 1 3.7657535076141357 -1.5690639019012451 6.433162212371826
1433149742287 0 0.7453053593635559 -0.627625584602356 10.512728691101074
1433149740378 1 3.8442068099975586 -1.255251169204712 9.022117614746094
1433149742389 0 0.7060787677764893 -0.509945809841156 10.551955223083496
1433149740479 1 5.099457740783691 -1.9221034049987793 8.629851341247559
1433149742490 0 0.7845319509506226 -0.47071918845176697 10.551955223083496
1433149740580 1 5.766310214996338 -2.039783239364624 8.041452407836914
1433149742591 0 0.7060787677764893 -0.5883989930152893 10.512728691101074
1433149740679 1 5.413270473480225 -1.6082905530929565 10.63040828704834
1433149742691 0 0.6668521761894226 -0.5883989930152893 10.512728691101074
1433149740779 1 3.4519407749176025 -0.19613298773765564 9.100570678710938
1433149742791 0 0.627625584602356 -0.5491724014282227 10.473502159118652
1433149740880 1 3.295034408569336 1.647517204284668 9.414383888244629
1433149742891 0 0.7060787677764893 -0.509945809841156 10.551955223083496
1433149740981 1 2.90276837348938 2.9419949054718018 8.551398277282715
1433149742992 0 0.7060787677764893 -0.5491724014282227 10.551955223083496
1433149741080 1 2.9419949054718018 3.0596747398376465 9.21825122833252
1433149743093 0 0.7060787677764893 -0.509945809841156 10.551955223083496
1433149741180 1 2.863541841506958 3.4519407749176025 9.45361042022705
1433149743194 0 0.6668521761894226 -0.5883989930152893 10.473502159118652
1433149741281 1 3.0989012718200684 3.5696206092834473 9.179023742675781
1433149743294 0 0.7453053593635559 -0.47071918845176697 10.551955223083496
1433149741382 1 1.6082905530929565 3.8442068099975586 8.041452407836914
1433149743395 0 0.7060787677764893 -0.47071918845176697 10.512728691101074
1433149741483 1 0.509945809841156 2.7458620071411133 8.080678939819336
1433149743496 0 0.627625584602356 -0.509945809841156 10.551955223083496
1433149741584 1 1.5690639019012451 2.9812214374542236 11.14035415649414
1433149743597 0 0.6668521761894226 -0.5491724014282227 10.551955223083496
1433149741685 1 0.03922659903764725 4.001112937927246 8.982891082763672
1433149743697 0 0.6668521761894226 -0.5491724014282227 10.551955223083496
1433149741786 1 1.3729310035705566 2.039783239364624 12.31715202331543
1433149743798 0 0.7453053593635559 -0.5491724014282227 10.551955223083496
1433149741887 1 -0.156906396150589 2.6674087047576904 9.022117614746094
1433149743899 0 0.7060787677764893 -0.509945809841156 10.473502159118652
1433149741987 1 -1.0591181516647339 4.2364726066589355 9.885103225708008
1433149744000 0 0.7453053593635559 -0.5491724014282227 10.512728691101074
1433149742088 1 -0.9022117853164673 3.687300205230713 9.335930824279785
1433149744101 0 0.7060787677764893 -0.627625584602356 10.473502159118652
1433149742188 1 -1.7651969194412231 3.255807638168335 9.492836952209473
1433149744203 0 0.7453053593635559 -0.5491724014282227 10.591181755065918
1433149742289 1 -2.5889556407928467 4.079566478729248 9.571290016174316
1433149744304 0 0.7453053593635559 -0.5883989930152893 10.512728691101074
1433149742391 1 -2.079009771347046 3.8049800395965576 9.610516548156738
1433149744405 0 0.7453053593635559 -0.5491724014282227 10.551955223083496
1433149742492 1 0.6668521761894226 3.726526975631714 10.002782821655273
1433149744506 0 0.6668521761894226 -0.509945809841156 10.551955223083496
1433149742593 1 -0.11767979711294174 3.1381278038024902 9.610516548156738
1433149744607 0 0.7453053593635559 -0.5883989930152893 10.473502159118652
1433149742694 1 -0.11767979711294174 4.550285339355469 9.21825122833252
1433149744708 0 0.7845319509506226 -0.509945809841156 10.591181755065918
1433149742797 1 0.9022117853164673 3.8442068099975586 9.375157356262207
1433149744809 0 0.7060787677764893 -0.5491724014282227 10.512728691101074
1433149742897 1 0.7060787677764893 3.648073673248291 9.335930824279785
1433149744910 0 0.627625584602356 -0.5491724014282227 10.512728691101074
1433149742998 1 2.785088539123535 3.0989012718200684 10.787314414978027
1433149745010 0 0.7453053593635559 -0.5883989930152893 10.551955223083496
1433149745111 0 0.7060787677764893 -0.509945809841156 10.512728691101074
1433149743099 1 4.7071919441223145 2.9419949054718018 9.728196144104004
1433149745212 0 0.6668521761894226 -0.5883989930152893 10.551955223083496
1433149743200 1 2.079009771347046 5.177911281585693 7.296147346496582
1433149745313 0 0.6668521761894226 -0.5883989930152893 10.591181755065918
1433149743300 1 -1.5298373699188232 10.708861351013184 1.7259703874588013
1433149745414 0 0.7060787677764893 -0.5883989930152893 10.512728691101074
1433149743401 1 5.8839898109436035 3.3734874725341797 3.648073673248291
1433149745514 0 0.7060787677764893 -0.47071918845176697 10.551955223083496
1433149743502 1 3.0204482078552246 2.9812214374542236 5.727083683013916
1433149745616 0 0.7453053593635559 -0.509945809841156 10.473502159118652
1433149743602 1 -2.2359161376953125 3.8442068099975586 3.7657535076141357
1433149745716 0 0.7060787677764893 -0.5491724014282227 10.591181755065918
1433149743702 1 -7.9629998207092285 0.156906396150589 5.021004676818848
1433149743803 1 4.864098072052002 -2.3535959720611572 13.062457084655762
1433149745817 0 0.7845319509506226 -0.5883989930152893 10.551955223083496
1433149743903 1 -8.708305358886719 7.453053951263428 6.237029075622559
1433149745918 0 0.7453053593635559 -0.5491724014282227 10.43427562713623
1433149744004 1 15.651412963867188 -6.080122947692871 11.101127624511719
1433149746018 0 0.7453053593635559 -0.5491724014282227 10.473502159118652
1433149744104 1 -7.923772811889648 20.005565643310547 -9.061344146728516
1433149746119 0 0.7060787677764893 -0.5491724014282227 10.512728691101074
1433149744204 1 13.337043762207031 -10.82654094696045 10.473502159118652
1433149746221 0 0.7845319509506226 -0.5491724014282227 10.551955223083496
1433149744304 1 3.0204482078552246 -8.355265617370605 11.101127624511719
1433149746321 0 0.6668521761894226 -0.47071918845176697 10.551955223083496
1433149744404 1 1.647517204284668 1.45138418674469 5.138684272766113
1433149746422 0 0.7453053593635559 -0.5491724014282227 10.43427562713623
1433149744504 1 4.275699138641357 2.079009771347046 13.80776309967041
1433149746523 0 0.7060787677764893 -0.5491724014282227 10.512728691101074
1433149744605 1 -0.3922659754753113 2.7458620071411133 15.180693626403809
1433149746624 0 0.7453053593635559 -0.47071918845176697 10.512728691101074
1433149744705 1 4.667965412139893 4.354152679443359 16.553625106811523
1433149746726 0 0.7060787677764893 -0.509945809841156 10.473502159118652
1433149744805 1 2.785088539123535 10.944221496582031 -3.4519407749176025
1433149746826 0 0.6668521761894226 -0.5883989930152893 10.551955223083496
1433149744905 1 0.7060787677764893 7.25692081451416 6.040896415710449
1433149746927 0 0.7060787677764893 -0.5491724014282227 10.512728691101074
1433149745006 1 0.509945809841156 8.316039085388184 6.080122947692871
1433149747028 0 0.7453053593635559 -0.5883989930152893 10.512728691101074
1433149745107 1 1.255251169204712 8.080678939819336 6.3154826164245605
1433149747129 0 0.7060787677764893 -0.5491724014282227 10.551955223083496
1433149745207 1 1.2160245180130005 7.217694282531738 7.296147346496582
1433149747229 0 0.7453053593635559 -0.509945809841156 10.473502159118652
1433149745307 1 1.019891619682312 6.629295349121094 8.002225875854492
1433149747329 0 0.7060787677764893 -0.5883989930152893 10.551955223083496
1433149745408 1 1.6082905530929565 6.2762556076049805 8.002225875854492
1433149747429 0 0.7453053593635559 -0.5883989930152893 10.591181755065918
1433149745509 1 1.3729310035705566 5.962442874908447 7.649186611175537
1433149747529 0 0.7453053593635559 -0.627625584602356 10.512728691101074
1433149745610 1 2.510502338409424 5.687856674194336 8.512171745300293
1433149747629 0 0.6668521761894226 -0.5491724014282227 10.591181755065918
1433149745710 1 4.432605743408203 5.687856674194336 9.296704292297363
1433149747729 0 0.7453053593635559 -0.509945809841156 10.591181755065918
1433149745810 1 2.7458620071411133 5.099457740783691 8.825984954833984
1433149747829 0 0.6668521761894226 -0.509945809841156 10.473502159118652
1433149745910 1 2.3535959720611572 4.197246074676514 9.179023742675781
1433149747929 0 0.7453053593635559 -0.5883989930152893 10.473502159118652
1433149746010 1 2.471275806427002 5.099457740783691 8.786758422851562
1433149748030 0 0.7453053593635559 -0.5883989930152893 10.512728691101074
1433149746112 1 2.1966896057128906 4.589511871337891 8.669078826904297
1433149748131 0 0.7453053593635559 -0.509945809841156 10.551955223083496
1433149746212 1 2.7458620071411133 4.82487154006958 8.512171745300293
1433149748232 0 0.7060787677764893 -0.5883989930152893 10.551955223083496
1433149746312 1 2.079009771347046 4.746418476104736 9.571290016174316
1433149748332 0 0.7060787677764893 -0.509945809841156 10.512728691101074
1433149746413 1 0.9022117853164673 5.844763278961182 8.394492149353027
1433149748432 0 0.7060787677764893 -0.47071918845176697 10.551955223083496
1433149746513 1 0.313812792301178 4.589511871337891 8.355265617370605
1433149748532 0 0.6668521761894226 -0.47071918845176697 10.512728691101074
1433149746613 1 1.255251169204712 4.511058807373047 9.767423629760742
1433149748633 0 0.7453053593635559 -0.509945809841156 10.473502159118652
1433149746713 1 1.2160245180130005 4.785645008087158 9.45361042022705
1433149748733 0 0.7453053593635559 -0.5491724014282227 10.551955223083496
1433149746814 1 1.255251169204712 4.667965412139893 8.865211486816406
1433149748834 0 0.7845319509506226 -0.509945809841156 10.43427562713623
1433149746914 1 -0.7845319509506226 5.962442874908447 7.688413619995117
1433149748935 0 0.7060787677764893 -0.5491724014282227 10.591181755065918
1433149747014 1 1.255251169204712 1.255251169204712 17.612743377685547
1433149749035 0 0.7060787677764893 -0.5491724014282227 10.512728691101074
1433149747115 1 -7.060787677764893 -7.021561145782471 11.022674560546875
1433149749137 0 0.7060787677764893 -0.5883989930152893 10.512728691101074
1433149747215 1 11.61107349395752 14.082348823547363 -28.125471115112305
1433149749237 0 0.7453053593635559 -0.509945809841156 10.43427562713623
1433149747315 1 -13.258590698242188 -5.413270473480225 14.00389575958252
1433149749338 0 0.7060787677764893 -0.5491724014282227 10.512728691101074
1433149747415 1 5.80553674697876 10.983448028564453 -21.3000431060791
1433149749438 0 0.7453053593635559 -0.5883989930152893 10.551955223083496
1433149747515 1 -19.10335350036621 -15.337599754333496 3.8049800395965576
1433149749539 0 0.7060787677764893 -0.47071918845176697 10.551955223083496
1433149747615 1 -8.551398277282715 -17.259702682495117 -24.20281219482422
1433149749640 0 0.6668521761894226 -0.5883989930152893 10.551955223083496
1433149747715 1 -1.647517204284668 -5.844763278961182 -25.45806312561035
1433149749741 0 0.7453053593635559 -0.5883989930152893 10.512728691101074
1433149747816 1 -14.278482437133789 -26.321048736572266 15.651412963867188
1433149749842 0 0.7060787677764893 -0.509945809841156 10.473502159118652
1433149747916 1 6.433162212371826 5.727083683013916 -32.91111755371094
1433149749943 0 0.7453053593635559 -0.627625584602356 10.512728691101074
1433149748016 1 -12.277925491333008 -14.78842830657959 35.774658203125
1433149750045 0 0.7845319509506226 -0.5491724014282227 10.473502159118652
1433149748117 1 -1.3337043523788452 -15.533733367919922 -26.713314056396484
1433149750147 0 0.627625584602356 -0.509945809841156 10.551955223083496
1433149748218 1 -0.4314925968647003 -6.119349479675293 -11.297260284423828
1433149750248 0 0.6668521761894226 -0.4314925968647003 10.43427562713623
1433149748318 1 -1.0983448028564453 -8.74753189086914 2.1182363033294678
1433149750349 0 0.7453053593635559 -0.4314925968647003 10.512728691101074
1433149748419 1 6.354709148406982 2.6281821727752686 -18.27959442138672
1433149750450 0 0.7845319509506226 -0.5491724014282227 10.591181755065918
1433149748519 1 0.509945809841156 -10.042009353637695 31.734317779541016
1433149750549 0 0.7060787677764893 -0.5883989930152893 10.512728691101074
1433149748620 1 10.787314414978027 7.649186611175537 -19.730979919433594
1433149750650 0 0.7453053593635559 -0.5883989930152893 10.473502159118652
1433149748720 1 -7.021561145782471 3.1381278038024902 -19.730979919433594
1433149748825 1 -2.471275806427002 -10.198915481567383 6.590068817138672
1433149750751 0 0.7060787677764893 -0.5491724014282227 10.512728691101074
1433149748926 1 -19.613300323486328 -14.749200820922852 4.903325080871582
1433149750851 0 0.7453053593635559 -0.5491724014282227 10.512728691101074
1433149749027 1 19.29948616027832 10.081235885620117 5.57017707824707
1433149750951 0 0.627625584602356 -0.509945809841156 10.473502159118652
1433149749128 1 -41.815555572509766 -27.144805908203125 -4.864098072052002
1433149751052 0 0.7060787677764893 -0.5883989930152893 10.512728691101074
1433149749229 1 31.38127899169922 6.590068817138672 27.890111923217773
1433149751152 0 0.7060787677764893 -0.47071918845176697 10.591181755065918
1433149749330 1 -35.853111267089844 -20.2801513671875 -0.5883989930152893
1433149751252 0 0.7060787677764893 -0.627625584602356 10.43427562713623
1433149749431 1 29.733762741088867 5.099457740783691 27.38016700744629
1433149751353 0 0.7060787677764893 -0.509945809841156 10.551955223083496
1433149749532 1 -47.58186340332031 -36.990684509277344 8.551398277282715
1433149751454 0 0.6668521761894226 -0.5491724014282227 10.551955223083496
1433149749632 1 11.767979621887207 -6.590068817138672 24.281265258789062
1433149751555 0 0.7060787677764893 -0.5883989930152893 10.473502159118652
1433149749732 1 -14.866881370544434 -35.93156433105469 10.042009353637695
1433149751656 0 0.7060787677764893 -0.5883989930152893 10.473502159118652
1433149749833 1 -2.1966896057128906 -38.32438659667969 10.43427562713623
1433149751757 0 0.7060787677764893 -0.509945809841156 10.591181755065918
1433149749933 1 41.93323516845703 -17.298931121826172 24.43817138671875
1433149751858 0 0.6668521761894226 -0.509945809841156 10.551955223083496
1433149750033 1 -57.310062408447266 -44.12992477416992 -2.5497288703918457
1433149751959 0 0.6668521761894226 -0.5491724014282227 10.43427562713623
1433149750133 1 24.948116302490234 -9.335930824279785 30.75365447998047
1433149752060 0 0.7060787677764893 -0.47071918845176697 10.512728691101074
1433149750233 1 -21.143136978149414 -60.17360305786133 13.886216163635254
1433149752161 0 0.6668521761894226 -0.509945809841156 10.551955223083496
1433149750336 1 -53.85811996459961 -48.8763427734375 -2.392822504043579
1433149752262 0 0.7845319509506226 -0.5491724014282227 10.512728691101074
1433149750437 1 28.949230194091797 -9.571290016174316 34.833221435546875
1433149752364 0 0.7060787677764893 -0.5491724014282227 10.551955223083496
1433149750537 1 -3.4127140045166016 -47.58186340332031 7.453053951263428
1433149752466 0 0.7060787677764893 -0.5491724014282227 10.551955223083496
1433149750637 1 -41.18792724609375 -36.1276969909668 4.550285339355469
1433149752569 0 0.6668521761894226 -0.509945809841156 10.512728691101074
1433149750738 1 12.787871360778809 -13.219364166259766 20.240924835205078
1433149752668 0 0.6668521761894226 -0.5491724014282227 10.551955223083496
1433149750839 1 11.964112281799316 -40.32494354248047 20.04479217529297
1433149752768 0 0.7845319509506226 -0.5491724014282227 10.43427562713623
1433149750940 1 -57.42774200439453 -44.05147171020508 9.022117614746094
1433149752869 0 0.7060787677764893 -0.47071918845176697 10.551955223083496
1433149751040 1 23.928224563598633 -11.101127624511719 24.555850982666016
1433149752969 0 0.7060787677764893 -0.5883989930152893 10.551955223083496
1433149751139 1 0.03922659903764725 -40.677982330322266 17.377384185791016
1433149753069 0 0.7060787677764893 -0.5491724014282227 10.473502159118652
1433149751239 1 -29.537628173828125 -21.84921646118164 1.255251169204712
1433149753170 0 0.7453053593635559 -0.5491724014282227 10.551955223083496
1433149751339 1 42.56085968017578 17.416610717773438 18.31882095336914
1433149753271 0 0.7060787677764893 -0.5491724014282227 10.473502159118652
1433149751440 1 -30.165254592895508 -25.105022430419922 16.749757766723633
1433149753372 0 0.6668521761894226 -0.5883989930152893 10.473502159118652
1433149751541 1 1.019891619682312 -10.277368545532227 -0.509945809841156
1433149753472 0 0.6668521761894226 -0.47071918845176697 10.591181755065918
1433149751642 1 54.95646667480469 16.5143985748291 17.730422973632812
1433149753573 0 0.6668521761894226 -0.5491724014282227 10.591181755065918
1433149751742 1 -39.93267822265625 -27.497846603393555 17.808876037597656
1433149753674 0 0.627625584602356 -0.5491724014282227 10.512728691101074
1433149751843 1 22.04534912109375 3.4127140045166016 7.923772811889648
1433149753775 0 0.7453053593635559 -0.4314925968647003 10.512728691101074
1433149751944 1 -5.491724014282227 -27.06635284423828 20.201698303222656
1433149753876 0 0.7453053593635559 -0.5491724014282227 10.473502159118652
1433149752045 1 -18.12268829345703 -25.536516189575195 0.9414383769035339
1433149753977 0 0.7453053593635559 -0.5491724014282227 10.512728691101074
1433149752146 1 55.85867691040039 16.004451751708984 29.302268981933594
1433149754078 0 0.7060787677764893 -0.5883989930152893 10.63040828704834
1433149752247 1 -42.91389846801758 -30.43984031677246 15.180693626403809
1433149754178 0 0.7845319509506226 -0.5491724014282227 10.473502159118652
1433149752348 1 12.552511215209961 -7.806093215942383 5.452497482299805
1433149754279 0 0.627625584602356 -0.5883989930152893 10.473502159118652
1433149752449 1 32.71498489379883 -16.435945510864258 17.534290313720703
1433149754381 0 0.7453053593635559 -0.6668521761894226 10.395049095153809
1433149752550 1 -30.63597297668457 -21.535402297973633 -2.5889556407928467
1433149754482 0 0.7060787677764893 -0.5491724014282227 10.512728691101074
1433149752651 1 26.791767120361328 2.9812214374542236 6.393935680389404
1433149754583 0 0.7060787677764893 -0.5491724014282227 10.512728691101074
1433149754684 0 0.7453053593635559 -0.5491724014282227 10.512728691101074
1433149752752 1 -4.667965412139893 4.511058807373047 0.23535959422588348
1433149752852 1 11.14035415649414 5.962442874908447 2.1182363033294678
1433149754786 0 0.7060787677764893 -0.509945809841156 10.473502159118652
1433149752953 1 12.238698959350586 5.8839898109436035 1.1767979860305786
1433149754888 0 0.7453053593635559 -0.47071918845176697 10.512728691101074
1433149753054 1 9.92432975769043 4.11879301071167 2.785088539123535
1433149754989 0 0.7453053593635559 -0.509945809841156 10.43427562713623
1433149753156 1 6.550841808319092 2.7458620071411133 3.648073673248291
1433149755089 0 0.7060787677764893 -0.5883989930152893 10.512728691101074
1433149755189 0 0.7060787677764893 -0.509945809841156 10.512728691101074
1433149753257 1 8.43371868133545 1.9613299369812012 4.393379211425781
1433149755290 0 0.6668521761894226 -0.509945809841156 10.512728691101074
1433149753359 1 10.042009353637695 1.45138418674469 3.216581106185913
1433149755391 0 0.7060787677764893 -0.509945809841156 10.512728691101074
1433149753459 1 6.2762556076049805 1.0983448028564453 3.648073673248291
1433149755492 0 0.7845319509506226 -0.5883989930152893 10.512728691101074
1433149753560 1 18.358047485351562 -0.0 19.417165756225586
1433149755592 0 0.627625584602356 -0.5883989930152893 10.82654094696045
1433149753661 1 4.667965412139893 -1.1767979860305786 9.414383888244629
1433149755692 0 0.3922659754753113 -0.156906396150589 10.669634819030762
1433149753763 1 2.1182363033294678 0.7845319509506226 5.530950546264648
1433149755792 0 -0.19613298773765564 -0.0 8.786758422851562
1433149753863 1 -5.413270473480225 1.4121575355529785 20.005565643310547
1433149755892 0 0.03922659903764725 -1.0591181516647339 11.807206153869629
1433149753964 1 0.509945809841156 0.19613298773765564 12.5917387008667
1433149755993 0 1.4121575355529785 0.19613298773765564 9.688969612121582
1433149754065 1 0.0784531980752945 0.11767979711294174 10.355822563171387
1433149756094 0 0.7845319509506226 -1.1767979860305786 11.061901092529297
1433149754166 1 0.03922659903764725 0.0784531980752945 10.159688949584961
1433149756195 0 2.1966896057128906 -2.3143694400787354 10.865767478942871
1433149754266 1 0.03922659903764725 0.03922659903764725 10.159688949584961
1433149756296 0 4.001112937927246 -1.9221034049987793 13.768536567687988
1433149754366 1 0.0784531980752945 0.03922659903764725 10.198915481567383
1433149756397 0 5.962442874908447 1.7651969194412231 6.943108081817627
1433149754467 1 0.03922659903764725 0.156906396150589 10.316595077514648
1433149756498 0 1.8828767538070679 4.197246074676514 5.021004676818848
1433149754568 1 -0.0 0.03922659903764725 10.159688949584961
1433149756599 0 2.5497288703918457 5.256364345550537 9.963556289672852
1433149754669 1 0.03922659903764725 0.0784531980752945 10.042009353637695
1433149756700 0 4.275699138641357 5.374043941497803 8.276812553405762
1433149754770 1 0.156906396150589 0.11767979711294174 10.120462417602539
1433149756801 0 3.4127140045166016 6.001669883728027 7.688413619995117
1433149754870 1 0.0784531980752945 0.03922659903764725 10.198915481567383
1433149756902 0 5.766310214996338 5.413270473480225 8.590624809265137
1433149754970 1 0.11767979711294174 0.0784531980752945 10.355822563171387
1433149757002 0 4.432605743408203 5.962442874908447 4.785645008087158
1433149755072 1 -0.0 0.156906396150589 10.238142013549805
1433149757103 0 2.90276837348938 5.334817409515381 9.728196144104004
1433149755172 1 0.0784531980752945 0.03922659903764725 10.159688949584961
1433149755273 1 0.0784531980752945 0.19613298773765564 10.316595077514648
1433149757205 0 3.648073673248291 3.0596747398376465 9.64974308013916
1433149755375 1 0.03922659903764725 0.0784531980752945 10.238142013549805
1433149757307 0 2.471275806427002 6.197802543640137 10.865767478942871
1433149755476 1 0.11767979711294174 0.0784531980752945 10.198915481567383
1433149757407 0 3.961886405944824 5.648630142211914 8.904438018798828
1433149755577 1 -0.0 0.03922659903764725 10.198915481567383
1433149757507 0 1.019891619682312 6.51161527633667 7.1000142097473145
1433149755678 1 0.0784531980752945 0.11767979711294174 10.198915481567383
1433149757607 0 5.177911281585693 7.9629998207092285 11.689526557922363
1433149755778 1 0.156906396150589 0.11767979711294174 10.198915481567383
1433149757707 0 7.806093215942383 10.63040828704834 -4.158019542694092
1433149755878 1 0.03922659903764725 0.03922659903764725 10.198915481567383
1433149757807 0 12.670191764831543 4.079566478729248 -1.9613299369812012
1433149755978 1 0.11767979711294174 0.11767979711294174 10.238142013549805
1433149757907 0 6.668521881103516 -44.05147171020508 1.2944778203964233
1433149756079 1 0.03922659903764725 0.11767979711294174 10.042009353637695
1433149758007 0 48.758663177490234 -38.01057434082031 5.334817409515381
1433149756180 1 0.156906396150589 0.19613298773765564 10.198915481567383
1433149758108 0 25.379610061645508 1.9613299369812012 -2.9812214374542236
1433149758208 0 -6.158576011657715 -66.09681701660156 8.002225875854492
1433149756280 1 0.11767979711294174 0.0784531980752945 10.159688949584961
1433149756381 1 0.11767979711294174 0.19613298773765564 10.198915481567383
1433149758309 0 30.40061378479004 -4.667965412139893 8.74753189086914
1433149758410 0 49.11170196533203 -3.0596747398376465 30.518293380737305
1433149756481 1 0.03922659903764725 0.11767979711294174 10.159688949584961
1433149756581 1 0.11767979711294174 0.0784531980752945 10.277368545532227
1433149758509 0 -52.05369567871094 -54.13270568847656 -0.313812792301178
1433149756682 1 0.03922659903764725 0.11767979711294174 10.316595077514648
1433149758609 0 6.393935680389404 -12.042566299438477 18.63263511657715
1433149756783 1 0.11767979711294174 0.11767979711294174 10.238142013549805
1433149758710 0 40.011131286621094 19.534847259521484 34.519405364990234
1433149756884 1 0.0784531980752945 0.156906396150589 10.277368545532227
1433149758811 0 -33.34260940551758 -35.696205139160156 -4.158019542694092
1433149756985 1 0.0784531980752945 0.03922659903764725 10.238142013549805
1433149758911 0 -8.708305358886719 -13.964669227600098 5.80553674697876
1433149757085 1 0.11767979711294174 -0.0 10.198915481567383
1433149759011 0 43.69843292236328 16.47517204284668 34.04868698120117
1433149757187 1 0.19613298773765564 -0.0 10.238142013549805
1433149759112 0 -51.347618103027344 -42.953125 14.435388565063477
1433149759213 0 5.687856674194336 -11.571846961975098 17.69119644165039
1433149757288 1 0.156906396150589 0.19613298773765564 10.238142013549805
1433149759314 0 27.733205795288086 -22.123802185058594 23.182920455932617
1433149757389 1 0.03922659903764725 0.11767979711294174 10.355822563171387
1433149757490 1 0.0784531980752945 0.23535959422588348 10.238142013549805
1433149759415 0 -47.660316467285156 -32.126583099365234 -6.393935680389404
1433149757591 1 0.11767979711294174 0.03922659903764725 10.316595077514648
1433149759516 0 10.277368545532227 -1.3729310035705566 6.2762556076049805
1433149757692 1 -0.03922659903764725 0.156906396150589 10.238142013549805
1433149759617 0 32.00890350341797 -6.668521881103516 33.65642166137695
1433149757793 1 0.11767979711294174 0.0784531980752945 10.198915481567383
1433149759718 0 -24.00667953491211 -10.90499496459961 -16.71053123474121
1433149759819 0 19.691753387451172 11.14035415649414 10.708861351013184
1433149759921 0 -40.36417007446289 -32.4796257019043 0.9022117853164673
1433149757896 1 0.0784531980752945 0.11767979711294174 10.198915481567383
1433149757996 1 0.03922659903764725 0.11767979711294174 10.316595077514648
1433149760022 0 10.82654094696045 -1.647517204284668 18.9072208404541
1433149758097 1 0.0784531980752945 0.0784531980752945 10.198915481567383
1433149760122 0 -0.27458620071411133 -52.13214874267578 10.120462417602539
1433149758198 1 0.0784531980752945 -0.03922659903764725 10.277368545532227
1433149760222 0 -27.458620071411133 -25.536516189575195 -31.734317779541016
1433149758298 1 0.03922659903764725 0.156906396150589 10.238142013549805
1433149760322 0 35.892337799072266 -14.51384162902832 44.36528396606445
1433149758398 1 0.11767979711294174 0.03922659903764725 10.159688949584961
1433149760422 0 -31.22437286376953 -31.067466735839844 -8.316039085388184
1433149758499 1 0.11767979711294174 0.23535959422588348 10.238142013549805
1433149760522 0 -3.4519407749176025 2.90276837348938 -5.374043941497803
1433149758601 1 0.0784531980752945 0.0784531980752945 10.277368545532227
1433149760623 0 14.160801887512207 9.571290016174316 11.297260284423828
1433149758702 1 -0.0 0.11767979711294174 10.238142013549805
1433149760724 0 -38.32438659667969 -51.85756301879883 -4.197246074676514
1433149758803 1 0.156906396150589 0.156906396150589 10.277368545532227
1433149760825 0 6.629295349121094 -4.471832275390625 -3.0989012718200684
1433149758904 1 0.0784531980752945 0.0784531980752945 10.238142013549805
1433149760927 0 -7.1392412185668945 -61.50730895996094 1.7651969194412231
1433149759005 1 0.11767979711294174 -0.03922659903764725 10.238142013549805
1433149761028 0 -13.219364166259766 -22.986787796020508 -17.416610717773438
1433149759106 1 0.03922659903764725 0.11767979711294174 10.277368545532227
1433149761129 0 50.44540786743164 -11.689526557922363 47.15037155151367
1433149759207 1 0.19613298773765564 -0.0 10.316595077514648
1433149761229 0 -20.67241859436035 -43.463069915771484 -1.0983448028564453
1433149759309 1 0.0784531980752945 0.156906396150589 10.355822563171387
1433149761329 0 -37.461402893066406 -32.75421142578125 -27.733205795288086
1433149759410 1 0.156906396150589 0.156906396150589 10.238142013549805
1433149761429 0 49.425514221191406 -3.0989012718200684 50.79844665527344
1433149759511 1 0.156906396150589 0.19613298773765564 10.238142013549805
1433149761530 0 33.65642166137695 -4.11879301071167 21.535402297973633
1433149759612 1 0.11767979711294174 0.03922659903764725 10.198915481567383
1433149761631 0 -12.552511215209961 3.608847141265869 -15.141467094421387
1433149759714 1 0.0784531980752945 0.19613298773765564 10.277368545532227
1433149761732 0 6.237029075622559 9.414383888244629 6.668521881103516
1433149761831 0 16.200586318969727 13.140911102294922 13.02323055267334
1433149759815 1 0.11767979711294174 0.156906396150589 10.355822563171387
1433149759915 1 0.156906396150589 0.11767979711294174 10.316595077514648
1433149761931 0 13.611629486083984 -4.079566478729248 4.040339469909668
1433149760016 1 0.03922659903764725 0.03922659903764725 10.316595077514648
1433149762031 0 -57.82000732421875 -74.13827514648438 35.97079086303711
1433149760116 1 0.03922659903764725 0.0784531980752945 10.198915481567383
1433149762131 0 40.12881088256836 20.2801513671875 8.708305358886719
1433149760216 1 0.0784531980752945 0.0784531980752945 10.159688949584961
1433149760316 1 -0.03922659903764725 0.11767979711294174 10.198915481567383
1433149762231 0 -2.863541841506958 -11.964112281799316 -2.432049036026001
1433149760417 1 0.0784531980752945 0.11767979711294174 10.120462417602539
1433149762332 0 17.024343490600586 -75.58965301513672 9.257477760314941
1433149760517 1 0.03922659903764725 0.11767979711294174 10.198915481567383
1433149762433 0 18.9072208404541 9.13979721069336 -5.177911281585693
1433149760617 1 0.11767979711294174 0.156906396150589 10.159688949584961
1433149762534 0 -48.40562438964844 -62.40951919555664 25.889554977416992
1433149760717 1 -0.03922659903764725 0.03922659903764725 10.238142013549805
1433149762635 0 33.7348747253418 5.8839898109436035 30.00834846496582
1433149760817 1 0.0784531980752945 0.11767979711294174 10.277368545532227
1433149762736 0 -49.03324890136719 -39.50118637084961 14.70997428894043
1433149760917 1 0.156906396150589 -0.0 10.198915481567383
1433149762837 0 35.38239288330078 -5.57017707824707 31.734317779541016
1433149761017 1 0.156906396150589 0.0784531980752945 10.277368545532227
1433149762938 0 -54.99569320678711 -58.48685836791992 17.10279655456543
1433149761117 1 0.23535959422588348 -0.0 10.159688949584961
1433149763039 0 30.086801528930664 11.179580688476562 8.43371868133545
1433149761217 1 0.0784531980752945 0.156906396150589 10.316595077514648
1433149763141 0 -41.266380310058594 -48.48407745361328 18.43650245666504
1433149761318 1 0.03922659903764725 0.35303938388824463 10.081235885620117
1433149763241 0 13.376270294189453 -10.081235885620117 3.216581106185913
1433149761419 1 0.156906396150589 0.11767979711294174 10.159688949584961
1433149763342 0 26.752540588378906 -35.34316635131836 10.43427562713623
1433149761520 1 0.156906396150589 -0.0784531980752945 10.316595077514648
1433149763443 0 -36.20615005493164 -41.815555572509766 -8.74753189086914
