1432904991114 1 -0.0 0.11767979711294174 10.316595077514648
1432904991915 0 0.0784531980752945 0.11767979711294174 10.551955223083496
1432904991314 1 -0.03922659903764725 0.11767979711294174 10.238142013549805
1432904992116 0 0.0784531980752945 0.11767979711294174 10.512728691101074
1432904991515 1 0.03922659903764725 0.0784531980752945 10.277368545532227
1432904992317 0 0.03922659903764725 0.03922659903764725 10.512728691101074
1432904991714 1 -0.03922659903764725 0.03922659903764725 10.316595077514648
1432904992515 0 0.03922659903764725 0.0784531980752945 10.512728691101074
1432904991913 1 -0.0 0.03922659903764725 10.238142013549805
1432904992715 0 0.0784531980752945 0.03922659903764725 10.512728691101074
1432904992113 1 -0.0 0.03922659903764725 10.316595077514648
1432904992916 0 0.03922659903764725 0.03922659903764725 10.551955223083496
1432904992313 1 -0.0 0.156906396150589 10.277368545532227
1432904993115 0 0.03922659903764725 0.0784531980752945 10.551955223083496
1432904992514 1 -0.0 0.0784531980752945 10.277368545532227
1432904993314 0 0.11767979711294174 0.0784531980752945 10.551955223083496
1432904992713 1 -0.0 0.03922659903764725 10.316595077514648
1432904993515 0 0.0784531980752945 0.0784531980752945 10.512728691101074
1432904992913 1 -0.0784531980752945 0.0784531980752945 10.355822563171387
1432904993114 1 -0.0 0.03922659903764725 10.277368545532227
1432904993715 0 0.156906396150589 0.03922659903764725 10.551955223083496
1432904993916 0 0.0784531980752945 0.0784531980752945 10.591181755065918
1432904993315 1 0.03922659903764725 0.0784531980752945 10.198915481567383
1432904993515 1 -0.0 0.03922659903764725 10.355822563171387
1432904994115 0 0.03922659903764725 0.11767979711294174 10.473502159118652
1432904994314 0 0.0784531980752945 0.11767979711294174 10.473502159118652
1432904993714 1 0.03922659903764725 0.11767979711294174 10.316595077514648
1432904993913 1 -0.0 0.0784531980752945 10.277368545532227
1432904994515 0 0.0784531980752945 0.11767979711294174 10.512728691101074
1432904994111 1 -0.0 0.0784531980752945 10.238142013549805
1432904994715 0 0.0784531980752945 0.11767979711294174 10.551955223083496
1432904994311 1 -0.0 0.0784531980752945 10.316595077514648
1432904994917 0 0.03922659903764725 0.11767979711294174 10.551955223083496
1432904994511 1 -0.0 0.03922659903764725 10.316595077514648
1432904995116 0 0.0784531980752945 0.0784531980752945 10.591181755065918
1432904995315 0 0.0784531980752945 0.11767979711294174 10.591181755065918
1432904994713 1 0.03922659903764725 0.03922659903764725 10.316595077514648
1432904995518 0 0.03922659903764725 0.156906396150589 10.551955223083496
1432904994912 1 0.03922659903764725 0.0784531980752945 10.316595077514648
1432904995716 0 0.03922659903764725 0.11767979711294174 10.512728691101074
1432904995111 1 0.03922659903764725 0.03922659903764725 10.277368545532227
1432904995916 0 0.11767979711294174 0.0784531980752945 10.551955223083496
1432904995311 1 -0.0 0.0784531980752945 10.277368545532227
1432904996116 0 -0.313812792301178 -0.5491724014282227 10.081235885620117
1432904995514 1 -0.0 -0.03922659903764725 10.355822563171387
1432904996315 0 0.11767979711294174 -0.627625584602356 10.473502159118652
1432904995713 1 0.03922659903764725 0.03922659903764725 10.355822563171387
1432904996516 0 7.335373878479004 0.9414383769035339 12.866324424743652
1432904996716 0 5.923216342926025 5.177911281585693 1.4121575355529785
1432904996111 1 0.0784531980752945 0.0784531980752945 10.277368545532227
1432904996915 0 4.354152679443359 7.9629998207092285 5.609403610229492
1432904996315 1 -0.03922659903764725 0.156906396150589 10.355822563171387
1432904997116 0 3.961886405944824 7.649186611175537 4.746418476104736
1432904996514 1 -0.0 0.11767979711294174 10.277368545532227
1432904997315 0 7.296147346496582 7.453053951263428 4.628738880157471
1432904996716 1 -0.03922659903764725 0.19613298773765564 10.277368545532227
1432904997516 0 -10.983448028564453 5.80553674697876 -4.628738880157471
1432904996914 1 0.03922659903764725 0.11767979711294174 10.277368545532227
1432904997717 0 3.961886405944824 -14.592294692993164 13.062457084655762
1432904997114 1 0.03922659903764725 0.0784531980752945 10.355822563171387
1432904997915 0 -6.001669883728027 -11.807206153869629 15.847545623779297
1432904997314 1 0.0784531980752945 0.0784531980752945 10.277368545532227
1432904998113 0 -1.255251169204712 -20.005565643310547 9.061344146728516
1432904997515 1 0.03922659903764725 0.11767979711294174 10.355822563171387
1432904998314 0 -20.005565643310547 -14.631521224975586 16.632078170776367
1432904997714 1 -0.0 0.11767979711294174 10.355822563171387
1432904998513 0 -20.005565643310547 -3.9226598739624023 3.961886405944824
1432904997915 1 -0.0 0.11767979711294174 10.277368545532227
1432904998714 0 -20.005565643310547 2.3535959720611572 -9.100570678710938
1432904998113 1 -0.03922659903764725 0.11767979711294174 10.316595077514648
1432904998913 0 -20.005565643310547 -3.0204482078552246 -20.005565643310547
1432904998314 1 -0.0 0.0784531980752945 10.316595077514648
1432904999114 0 20.005565643310547 -10.355822563171387 20.005565643310547
1432904998514 1 0.03922659903764725 0.0784531980752945 10.277368545532227
1432904999314 0 19.534847259521484 -11.33648681640625 20.005565643310547
1432904998715 1 -0.03922659903764725 0.156906396150589 10.238142013549805
1432904999515 0 3.8049800395965576 -18.789541244506836 4.903325080871582
1432904998914 1 -0.0 0.03922659903764725 10.316595077514648
1432904999714 0 8.865211486816406 2.9419949054718018 -16.357492446899414
1432904999112 1 -0.0 0.03922659903764725 10.238142013549805
1432904999912 0 -17.14202308654785 -1.3729310035705566 -20.005565643310547
1432904999315 1 0.03922659903764725 0.0784531980752945 10.316595077514648
1432905000114 0 -11.84643268585205 0.4314925968647003 -20.005565643310547
1432904999513 1 0.03922659903764725 0.0784531980752945 10.355822563171387
1432905000315 0 -6.943108081817627 -20.005565643310547 -2.9419949054718018
1432904999714 1 -0.03922659903764725 0.03922659903764725 10.238142013549805
1432905000513 0 -4.197246074676514 -7.884546279907227 20.005565643310547
1432904999914 1 -0.0784531980752945 0.03922659903764725 10.355822563171387
1432905000713 0 9.806650161743164 -1.4906107187271118 -3.5696206092834473
1432905000112 1 0.03922659903764725 -0.0 10.316595077514648
1432905000923 0 -7.453053951263428 0.19613298773765564 -20.005565643310547
1432905000321 1 0.03922659903764725 0.0784531980752945 10.316595077514648
1432905001112 0 4.197246074676514 6.590068817138672 -20.005565643310547
1432905000515 1 -0.0 -0.0 10.277368545532227
1432905001315 0 -10.551955223083496 -15.259146690368652 -18.12268829345703
1432905000715 1 -0.0 0.03922659903764725 10.355822563171387
1432905001514 0 9.532063484191895 -10.473502159118652 -1.4906107187271118
1432905000915 1 -0.0 0.03922659903764725 10.316595077514648
1432905001713 0 20.005565643310547 -7.453053951263428 20.005565643310547
1432905001115 1 -0.0 0.03922659903764725 10.277368545532227
1432905001913 0 7.25692081451416 -9.21825122833252 20.005565643310547
1432905001315 1 -0.0 0.0784531980752945 10.277368545532227
1432905002114 0 1.6867437362670898 -12.866324424743652 1.5690639019012451
1432905001515 1 -0.0 0.0784531980752945 10.238142013549805
1432905002313 0 -19.770206451416016 -20.005565643310547 5.138684272766113
1432905001715 1 0.0784531980752945 0.03922659903764725 10.277368545532227
1432905002515 0 -20.005565643310547 -20.005565643310547 6.550841808319092
1432905001914 1 -0.0 0.0784531980752945 10.198915481567383
1432905002715 0 20.005565643310547 9.610516548156738 -6.590068817138672
1432905002111 1 0.03922659903764725 0.0784531980752945 10.277368545532227
1432905002915 0 11.493393898010254 -5.962442874908447 13.415496826171875
1432905002320 1 0.03922659903764725 0.11767979711294174 10.277368545532227
1432905003116 0 19.338712692260742 -14.866881370544434 -5.138684272766113
1432905002515 1 -0.03922659903764725 0.156906396150589 10.277368545532227
1432905003314 0 -20.005565643310547 8.669078826904297 20.005565643310547
1432905002714 1 -0.03922659903764725 0.03922659903764725 10.198915481567383
1432905003514 0 2.863541841506958 8.159132957458496 6.2762556076049805
1432905002915 1 -0.0 0.03922659903764725 10.238142013549805
1432905003715 0 2.1966896057128906 8.159132957458496 4.942551612854004
1432905003114 1 -0.11767979711294174 -0.03922659903764725 10.238142013549805
1432905003915 0 2.2751426696777344 8.472945213317871 5.177911281585693
1432905003313 1 -0.0 -0.0 10.316595077514648
1432905004115 0 2.079009771347046 8.94366455078125 4.511058807373047
1432905003515 1 0.03922659903764725 0.0784531980752945 10.63040828704834
1432905004316 0 1.4121575355529785 8.276812553405762 4.197246074676514
1432905003715 1 0.509945809841156 -0.47071918845176697 10.43427562713623
1432905004515 0 1.255251169204712 8.669078826904297 5.57017707824707
1432905003915 1 3.8049800395965576 0.27458620071411133 8.708305358886719
1432905004714 0 5.8839898109436035 2.2359161376953125 6.472388744354248
1432905004114 1 6.550841808319092 -4.432605743408203 4.471832275390625
1432905004915 0 8.198359489440918 -1.3729310035705566 6.197802543640137
1432905004313 1 7.806093215942383 -1.255251169204712 3.3734874725341797
1432905005116 0 8.472945213317871 -2.7066352367401123 6.825428009033203
1432905004514 1 8.94366455078125 -0.0784531980752945 3.0204482078552246
1432905005314 0 5.923216342926025 -1.7259703874588013 7.413827419281006
1432905004715 1 9.100570678710938 -0.27458620071411133 2.9812214374542236
1432905005515 0 3.1381278038024902 -1.5298373699188232 10.081235885620117
1432905004912 1 10.944221496582031 -0.23535959422588348 2.392822504043579
1432905005717 0 2.9419949054718018 0.0784531980752945 5.217137813568115
1432905005113 1 9.688969612121582 1.9221034049987793 2.079009771347046
1432905005916 0 1.4121575355529785 0.509945809841156 13.29781723022461
1432905005314 1 2.90276837348938 6.590068817138672 3.7657535076141357
1432905006116 0 0.03922659903764725 0.19613298773765564 10.551955223083496
1432905005514 1 3.0989012718200684 6.158576011657715 10.708861351013184
1432905006314 0 0.0784531980752945 0.11767979711294174 10.512728691101074
1432905005714 1 4.471832275390625 6.197802543640137 5.687856674194336
1432905006515 0 0.03922659903764725 0.19613298773765564 10.473502159118652
1432905005915 1 -0.7060787677764893 9.335930824279785 5.452497482299805
1432905006717 0 0.0784531980752945 0.0784531980752945 10.512728691101074
1432905006115 1 2.000556468963623 5.413270473480225 9.571290016174316
1432905006917 0 0.0784531980752945 0.0784531980752945 10.551955223083496
1432905006314 1 20.005565643310547 12.513284683227539 2.5497288703918457
1432905007116 0 0.11767979711294174 0.0784531980752945 10.512728691101074
1432905006515 1 3.4519407749176025 -10.551955223083496 3.726526975631714
1432905007315 0 0.11767979711294174 0.03922659903764725 10.63040828704834
1432905006714 1 -18.946447372436523 -20.005565643310547 6.393935680389404
1432905007517 0 0.11767979711294174 0.11767979711294174 10.591181755065918
1432905006916 1 -0.156906396150589 1.2160245180130005 -3.0989012718200684
1432905007715 0 0.19613298773765564 -0.27458620071411133 10.865767478942871
1432905007113 1 20.005565643310547 11.689526557922363 20.005565643310547
1432905007917 0 0.156906396150589 -0.03922659903764725 10.551955223083496
1432905007312 1 20.005565643310547 4.785645008087158 20.005565643310547
1432905008116 0 0.0784531980752945 0.03922659903764725 10.551955223083496
1432905007514 1 20.005565643310547 11.101127624511719 19.809432983398438
1432905008317 0 0.0784531980752945 0.156906396150589 10.591181755065918
1432905007714 1 20.005565643310547 4.11879301071167 16.90666389465332
1432905008516 0 0.0784531980752945 0.11767979711294174 10.512728691101074
1432905007914 1 -17.769649505615234 -2.5889556407928467 0.23535959422588348
1432905008715 0 0.0784531980752945 0.0784531980752945 10.63040828704834
1432905008115 1 -20.005565643310547 -3.5303938388824463 -5.648630142211914
1432905008914 0 0.11767979711294174 0.11767979711294174 10.551955223083496
1432905008316 1 -20.005565643310547 -1.5298373699188232 -7.570733547210693
1432905009115 0 0.03922659903764725 0.156906396150589 10.63040828704834
1432905008516 1 -10.277368545532227 -5.80553674697876 -1.2944778203964233
1432905009316 0 0.03922659903764725 0.03922659903764725 10.473502159118652
1432905008714 1 -2.6674087047576904 -9.571290016174316 6.903881549835205
1432905009516 0 0.11767979711294174 0.0784531980752945 10.43427562713623
1432905008915 1 19.534847259521484 8.316039085388184 7.060787677764893
1432905009715 0 0.11767979711294174 0.03922659903764725 10.473502159118652
1432905009116 1 20.005565643310547 20.005565643310547 11.493393898010254
1432905009915 0 0.0784531980752945 0.11767979711294174 10.512728691101074
1432905009315 1 19.966339111328125 19.809432983398438 3.608847141265869
1432905010116 0 -0.0 0.0784531980752945 10.43427562713623
1432905009514 1 15.023787498474121 18.514955520629883 -3.0596747398376465
1432905010315 0 0.0784531980752945 0.03922659903764725 10.395049095153809
1432905009714 1 8.786758422851562 11.218807220458984 -1.2944778203964233
1432905010515 0 0.0784531980752945 0.03922659903764725 10.473502159118652
1432905009914 1 0.19613298773765564 3.216581106185913 0.6668521761894226
1432905010715 0 0.03922659903764725 0.19613298773765564 10.43427562713623
1432905010114 1 -14.70997428894043 3.177354574203491 5.766310214996338
1432905010915 0 -0.0 0.156906396150589 10.63040828704834
1432905010316 1 -20.005565643310547 -2.5889556407928467 9.335930824279785
1432905011116 0 0.0784531980752945 0.03922659903764725 10.473502159118652
1432905010516 1 -13.337043762207031 -7.570733547210693 6.982334613800049
1432905011314 0 0.11767979711294174 0.19613298773765564 10.473502159118652
1432905010716 1 20.005565643310547 20.005565643310547 2.9419949054718018
1432905011516 0 0.11767979711294174 0.0784531980752945 10.591181755065918
1432905010914 1 -11.61107349395752 -0.47071918845176697 8.590624809265137
1432905011716 0 0.156906396150589 0.03922659903764725 10.591181755065918
1432905011115 1 -13.140911102294922 -1.0983448028564453 5.8839898109436035
1432905011916 0 0.0784531980752945 0.23535959422588348 10.591181755065918
1432905011316 1 5.0602312088012695 10.944221496582031 2.3535959720611572
1432905012115 0 0.11767979711294174 -0.03922659903764725 10.591181755065918
1432905011514 1 -13.219364166259766 2.9812214374542236 10.395049095153809
1432905012314 0 0.03922659903764725 0.23535959422588348 10.63040828704834
1432905011714 1 -10.983448028564453 -1.1767979860305786 5.177911281585693
1432905012514 0 0.156906396150589 0.0784531980752945 10.512728691101074
1432905011914 1 11.375713348388672 10.512728691101074 -1.6867437362670898
1432905012714 0 0.03922659903764725 -0.03922659903764725 10.43427562713623
1432905012115 1 -17.65196990966797 2.5497288703918457 13.53317642211914
1432905012914 0 0.03922659903764725 0.19613298773765564 10.551955223083496
1432905012315 1 -6.825428009033203 0.7060787677764893 4.040339469909668
1432905013115 0 0.0784531980752945 -0.0 10.512728691101074
1432905012514 1 10.473502159118652 9.92432975769043 4.667965412139893
1432905013317 0 0.11767979711294174 0.0784531980752945 10.551955223083496
1432905012714 1 -20.005565643310547 3.608847141265869 9.767423629760742
1432905013515 0 0.0784531980752945 0.11767979711294174 10.473502159118652
1432905012914 1 -0.23535959422588348 3.608847141265869 3.334260940551758
1432905013716 0 0.11767979711294174 -0.0 10.512728691101074
1432905013114 1 -2.3143694400787354 7.9629998207092285 7.766866683959961
1432905013916 0 0.11767979711294174 0.11767979711294174 10.473502159118652
1432905013315 1 -9.963556289672852 7.060787677764893 -1.8044235706329346
1432905014116 0 0.156906396150589 -0.0 10.551955223083496
1432905013514 1 6.903881549835205 12.82709789276123 -2.785088539123535
1432905014315 0 0.03922659903764725 0.11767979711294174 10.43427562713623
1432905013713 1 -0.7453053593635559 9.296704292297363 3.177354574203491
1432905014515 0 0.0784531980752945 0.19613298773765564 10.591181755065918
1432905013913 1 3.5696206092834473 11.61107349395752 -0.156906396150589
1432905014714 0 0.0784531980752945 0.11767979711294174 10.473502159118652
1432905014113 1 4.864098072052002 12.944777488708496 6.943108081817627
1432905014915 0 0.0784531980752945 0.11767979711294174 10.512728691101074
1432905014315 1 -14.239255905151367 -0.19613298773765564 3.4519407749176025
1432905015115 0 -0.0 0.03922659903764725 10.63040828704834
1432905014513 1 -2.6281821727752686 3.0204482078552246 5.766310214996338
1432905015315 0 0.03922659903764725 0.11767979711294174 10.355822563171387
1432905014713 1 12.160245895385742 9.688969612121582 0.23535959422588348
1432905015515 0 -0.0 0.11767979711294174 10.512728691101074
1432905014912 1 7.845319747924805 8.355265617370605 -0.03922659903764725
1432905015714 0 0.03922659903764725 0.11767979711294174 10.43427562713623
1432905015114 1 -8.94366455078125 3.1381278038024902 4.001112937927246
1432905015915 0 0.0784531980752945 0.0784531980752945 10.551955223083496
1432905015313 1 15.572959899902344 11.218807220458984 5.844763278961182
1432905016116 0 0.11767979711294174 0.03922659903764725 10.512728691101074
1432905015514 1 -4.82487154006958 3.961886405944824 1.4121575355529785
1432905016316 0 0.156906396150589 0.0784531980752945 10.473502159118652
1432905015715 1 -15.141467094421387 1.4121575355529785 3.295034408569336
1432905016517 0 0.11767979711294174 0.03922659903764725 10.512728691101074
1432905015915 1 0.27458620071411133 8.74753189086914 4.471832275390625
1432905016715 0 0.11767979711294174 0.11767979711294174 10.591181755065918
1432905016114 1 -8.198359489440918 3.8834333419799805 3.334260940551758
1432905016916 0 0.03922659903764725 0.0784531980752945 10.43427562713623
1432905016316 1 15.102240562438965 7.766866683959961 6.433162212371826
1432905017116 0 0.03922659903764725 0.0784531980752945 10.551955223083496
1432905016514 1 -0.6668521761894226 6.119349479675293 0.8629851937294006
1432905017314 0 -0.0 0.0784531980752945 10.551955223083496
1432905016714 1 -13.768536567687988 0.7060787677764893 2.863541841506958
1432905017515 0 0.03922659903764725 0.156906396150589 10.63040828704834
1432905016914 1 5.374043941497803 12.199472427368164 2.432049036026001
1432905017715 0 0.0784531980752945 0.0784531980752945 10.551955223083496
1432905017114 1 -7.060787677764893 4.314925670623779 2.824315071105957
1432905017915 0 0.11767979711294174 0.0784531980752945 10.551955223083496
1432905017314 1 -0.11767979711294174 -9.296704292297363 4.785645008087158
1432905018116 0 0.11767979711294174 0.0784531980752945 10.512728691101074
1432905017516 1 -12.003339767456055 1.6867437362670898 2.1574628353118896
1432905018316 0 0.11767979711294174 0.11767979711294174 10.512728691101074
1432905017714 1 0.03922659903764725 -7.217694282531738 4.667965412139893
1432905018515 0 0.0784531980752945 0.11767979711294174 10.512728691101074
1432905017914 1 -8.23758602142334 3.687300205230713 1.3337043523788452
1432905018716 0 0.0784531980752945 0.11767979711294174 10.473502159118652
1432905018114 1 20.005565643310547 16.632078170776367 5.648630142211914
1432905018916 0 0.0784531980752945 0.03922659903764725 10.512728691101074
1432905018314 1 -20.005565643310547 -1.255251169204712 4.354152679443359
1432905019115 0 0.0784531980752945 0.11767979711294174 10.551955223083496
1432905018515 1 -20.005565643310547 -4.471832275390625 2.1966896057128906
1432905019314 0 0.03922659903764725 0.03922659903764725 10.63040828704834
1432905018715 1 -20.005565643310547 1.9613299369812012 2.7458620071411133
1432905019514 0 -0.03922659903764725 -0.0784531980752945 10.512728691101074
1432905018914 1 -20.005565643310547 0.27458620071411133 4.393379211425781
1432905019715 0 -0.03922659903764725 0.23535959422588348 10.473502159118652
1432905019113 1 -1.9221034049987793 -0.3922659754753113 4.2364726066589355
1432905019916 0 -0.0784531980752945 0.11767979711294174 10.551955223083496
1432905019314 1 18.63263511657715 15.4945068359375 5.374043941497803
1432905020116 0 0.03922659903764725 -0.0 10.355822563171387
1432905019514 1 -20.005565643310547 6.903881549835205 5.491724014282227
1432905020317 0 -0.03922659903764725 0.23535959422588348 10.473502159118652
1432905019713 1 5.609403610229492 8.316039085388184 3.177354574203491
1432905020517 0 0.156906396150589 0.03922659903764725 10.551955223083496
1432905019914 1 -1.9221034049987793 5.80553674697876 4.942551612854004
1432905020715 0 -0.0784531980752945 0.19613298773765564 10.512728691101074
1432905020114 1 -5.452497482299805 5.57017707824707 0.47071918845176697
1432905020914 0 0.11767979711294174 0.0784531980752945 10.551955223083496
1432905020314 1 11.84643268585205 10.395049095153809 9.963556289672852
1432905021115 0 0.0784531980752945 0.03922659903764725 10.512728691101074
1432905020514 1 -8.316039085388184 6.080122947692871 0.19613298773765564
1432905021315 0 0.156906396150589 0.156906396150589 10.63040828704834
1432905020715 1 8.825984954833984 12.748644828796387 0.23535959422588348
1432905021516 0 0.11767979711294174 0.0784531980752945 10.512728691101074
1432905020913 1 -6.040896415710449 8.982891082763672 4.001112937927246
1432905021715 0 0.11767979711294174 0.03922659903764725 10.512728691101074
1432905021113 1 2.471275806427002 8.786758422851562 0.509945809841156
1432905021915 0 0.11767979711294174 0.03922659903764725 10.551955223083496
1432905021315 1 2.5889556407928467 6.197802543640137 5.099457740783691
1432905022115 0 0.03922659903764725 0.0784531980752945 10.43427562713623
1432905021514 1 3.726526975631714 2.392822504043579 6.2762556076049805
1432905022315 0 0.11767979711294174 0.11767979711294174 10.43427562713623
1432905021715 1 6.903881549835205 1.3729310035705566 10.081235885620117
1432905022517 0 -0.0 0.0784531980752945 10.591181755065918
1432905021914 1 3.8049800395965576 -2.432049036026001 7.688413619995117
1432905022717 0 0.0784531980752945 0.11767979711294174 10.551955223083496
1432905022114 1 1.9613299369812012 -2.1574628353118896 9.414383888244629
1432905022916 0 0.03922659903764725 0.0784531980752945 10.120462417602539
1432905022313 1 6.550841808319092 1.1375713348388672 20.005565643310547
1432905023115 0 0.0784531980752945 0.0784531980752945 10.473502159118652
1432905022514 1 0.11767979711294174 0.156906396150589 9.963556289672852
1432905023315 0 0.0784531980752945 0.0784531980752945 10.591181755065918
1432905022714 1 -0.03922659903764725 0.0784531980752945 10.316595077514648
1432905023517 0 0.11767979711294174 0.03922659903764725 10.591181755065918
1432905022913 1 -0.0 0.03922659903764725 10.277368545532227
1432905023717 0 0.03922659903764725 0.03922659903764725 10.43427562713623
1432905023114 1 -0.11767979711294174 0.0784531980752945 10.238142013549805
1432905023914 0 0.156906396150589 0.03922659903764725 10.512728691101074
1432905023315 1 0.03922659903764725 0.03922659903764725 10.316595077514648
1432905023514 1 -0.03922659903764725 0.0784531980752945 10.316595077514648
1432905023715 1 -0.0 0.03922659903764725 10.277368545532227
