1432903611312 1 1.8828767538070679 6.982334613800049 7.178467750549316
1432903612102 0 0.11767979711294174 0.11767979711294174 10.551955223083496
1432903611513 1 1.3729310035705566 6.943108081817627 7.806093215942383
1432903612302 0 0.156906396150589 0.11767979711294174 10.512728691101074
1432903611712 1 0.9414383769035339 7.609960079193115 6.786201477050781
1432903612503 0 -0.5883989930152893 0.313812792301178 10.002782821655273
1432903611912 1 1.9613299369812012 6.982334613800049 7.570733547210693
1432903612703 0 1.1767979860305786 0.9022117853164673 12.552511215209961
1432903612113 1 1.8828767538070679 7.1000142097473145 6.982334613800049
1432903612903 0 2.1966896057128906 -1.647517204284668 17.259702682495117
1432903612312 1 1.8044235706329346 7.1000142097473145 7.5315070152282715
1432903613102 0 -0.4314925968647003 4.197246074676514 4.550285339355469
1432903612512 1 0.823758602142334 7.609960079193115 6.158576011657715
1432903613303 0 -4.471832275390625 4.158019542694092 4.354152679443359
1432903612713 1 0.509945809841156 7.923772811889648 6.433162212371826
1432903613503 0 -2.1966896057128906 1.255251169204712 6.7077484130859375
1432903612912 1 -0.6668521761894226 8.825984954833984 6.001669883728027
1432903613703 0 -5.609403610229492 -3.3734874725341797 6.786201477050781
1432903613112 1 -0.0784531980752945 8.198359489440918 7.296147346496582
1432903613902 0 -11.414939880371094 -2.3535959720611572 13.925442695617676
1432903613312 1 -1.2160245180130005 8.825984954833984 5.687856674194336
1432903614103 0 -20.005565643310547 -4.158019542694092 4.079566478729248
1432903613512 1 -1.0591181516647339 8.94366455078125 4.079566478729248
1432903614304 0 20.005565643310547 19.770206451416016 1.9221034049987793
1432903613712 1 -0.5491724014282227 8.865211486816406 4.11879301071167
1432903614503 0 -1.7651969194412231 3.648073673248291 20.005565643310547
1432903613912 1 -3.9226598739624023 8.865211486816406 5.609403610229492
1432903614702 0 -20.005565643310547 -5.962442874908447 8.512171745300293
1432903614112 1 -3.5696206092834473 8.355265617370605 5.256364345550537
1432903614903 0 2.6281821727752686 -3.4127140045166016 -1.0591181516647339
1432903614312 1 -0.7845319509506226 8.276812553405762 3.9226598739624023
1432903615102 0 20.005565643310547 13.376270294189453 10.316595077514648
1432903614512 1 -1.4121575355529785 9.257477760314941 4.471832275390625
1432903615303 0 -20.005565643310547 -3.1381278038024902 20.005565643310547
1432903614712 1 -2.824315071105957 9.571290016174316 4.942551612854004
1432903615503 0 -20.005565643310547 -10.395049095153809 1.6082905530929565
1432903614912 1 -3.295034408569336 8.551398277282715 4.667965412139893
1432903615703 0 20.005565643310547 13.768536567687988 2.3535959720611572
1432903615112 1 -1.4906107187271118 8.590624809265137 4.001112937927246
1432903615904 0 1.4906107187271118 2.5889556407928467 20.005565643310547
1432903615312 1 -1.3729310035705566 9.022117614746094 4.275699138641357
1432903616102 0 -20.005565643310547 -6.864655017852783 5.844763278961182
1432903615512 1 -2.824315071105957 9.375157356262207 4.864098072052002
1432903616302 0 20.005565643310547 11.728753089904785 -6.864655017852783
1432903615712 1 -3.1381278038024902 9.13979721069336 4.903325080871582
1432903616503 0 -20.005565643310547 -2.6281821727752686 6.825428009033203
1432903615912 1 9.885103225708008 0.7060787677764893 -6.903881549835205
1432903616703 0 19.84865951538086 10.591181755065918 6.197802543640137
1432903616112 1 -20.005565643310547 12.12101936340332 18.9072208404541
1432903616902 0 -20.005565643310547 -2.079009771347046 0.9414383769035339
1432903616312 1 11.767979621887207 0.9414383769035339 -14.121575355529785
1432903617103 0 3.687300205230713 6.590068817138672 9.179023742675781
1432903616512 1 -5.256364345550537 1.9613299369812012 9.963556289672852
1432903617302 0 1.1375713348388672 8.512171745300293 3.216581106185913
1432903616712 1 -3.687300205230713 2.5497288703918457 11.767979621887207
1432903617503 0 1.5298373699188232 9.532063484191895 4.589511871337891
1432903616912 1 -5.0602312088012695 1.45138418674469 5.923216342926025
1432903617704 0 2.1574628353118896 9.375157356262207 3.8049800395965576
1432903617112 1 17.024343490600586 -6.158576011657715 20.005565643310547
1432903617904 0 6.864655017852783 10.748087882995605 6.040896415710449
1432903617312 1 0.11767979711294174 -0.0 10.82654094696045
1432903618102 0 20.005565643310547 14.356935501098633 17.69119644165039
1432903617512 1 -0.0 0.156906396150589 10.238142013549805
1432903618303 0 20.005565643310547 8.94366455078125 11.258033752441406
1432903617712 1 -0.0 0.156906396150589 10.277368545532227
1432903618504 0 -9.92432975769043 4.550285339355469 12.709418296813965
1432903617912 1 -0.03922659903764725 0.11767979711294174 10.395049095153809
1432903618704 0 -20.005565643310547 -5.374043941497803 1.1767979860305786
1432903618112 1 -0.03922659903764725 0.0784531980752945 10.316595077514648
1432903618903 0 -6.433162212371826 -8.904438018798828 -2.039783239364624
1432903618312 1 -0.0784531980752945 0.11767979711294174 10.316595077514648
1432903619103 0 20.005565643310547 16.082904815673828 9.963556289672852
1432903618512 1 -0.0 0.0784531980752945 10.277368545532227
1432903619304 0 -13.337043762207031 5.334817409515381 13.925442695617676
1432903618712 1 -0.03922659903764725 0.11767979711294174 10.316595077514648
1432903619503 0 2.1182363033294678 9.179023742675781 3.726526975631714
1432903618912 1 -0.03922659903764725 0.156906396150589 10.316595077514648
1432903619703 0 12.709418296813965 7.453053951263428 9.885103225708008
1432903619112 1 -0.03922659903764725 0.11767979711294174 10.316595077514648
1432903619904 0 -20.005565643310547 -15.376827239990234 6.746974945068359
1432903619312 1 -0.0784531980752945 0.0784531980752945 10.316595077514648
1432903620102 0 17.534290313720703 3.5696206092834473 19.06412696838379
1432903619512 1 -0.03922659903764725 0.156906396150589 10.238142013549805
1432903620308 0 -20.005565643310547 -20.005565643310547 1.8044235706329346
1432903619712 1 -0.03922659903764725 0.0784531980752945 10.395049095153809
1432903620502 0 1.6867437362670898 -20.005565643310547 -0.509945809841156
1432903619912 1 -0.0784531980752945 0.11767979711294174 10.277368545532227
1432903620703 0 18.12268829345703 1.5298373699188232 13.140911102294922
1432903620111 1 -0.03922659903764725 0.11767979711294174 10.355822563171387
1432903620903 0 -20.005565643310547 -20.005565643310547 6.7077484130859375
1432903620317 1 -0.03922659903764725 0.11767979711294174 10.277368545532227
1432903621104 0 11.61107349395752 2.3535959720611572 -0.156906396150589
1432903620512 1 -0.0 0.11767979711294174 10.316595077514648
1432903621304 0 -3.648073673248291 8.512171745300293 0.823758602142334
1432903620712 1 0.03922659903764725 0.0784531980752945 10.473502159118652
1432903621502 0 0.627625584602356 9.335930824279785 1.2944778203964233
1432903620912 1 -0.0 0.0784531980752945 10.43427562713623
1432903621704 0 6.943108081817627 8.904438018798828 6.903881549835205
1432903621112 1 -0.0 0.23535959422588348 10.316595077514648
1432903621903 0 0.19613298773765564 7.5315070152282715 5.923216342926025
1432903621312 1 -0.03922659903764725 0.0784531980752945 10.277368545532227
1432903622102 0 1.4121575355529785 8.002225875854492 6.354709148406982
1432903621512 1 -0.03922659903764725 0.19613298773765564 10.395049095153809
1432903622306 0 10.120462417602539 20.005565643310547 -2.824315071105957
1432903621711 1 -0.03922659903764725 0.0784531980752945 10.355822563171387
1432903622503 0 -1.4121575355529785 -2.2359161376953125 5.80553674697876
1432903621911 1 -0.0784531980752945 0.19613298773765564 10.277368545532227
1432903622702 0 20.005565643310547 14.160801887512207 20.005565643310547
1432903622111 1 -0.03922659903764725 0.11767979711294174 10.355822563171387
1432903622902 0 -11.218807220458984 -20.005565643310547 12.238698959350586
1432903622311 1 -0.03922659903764725 0.11767979711294174 10.238142013549805
1432903623102 0 -16.357492446899414 -20.005565643310547 -3.687300205230713
1432903622514 1 -0.03922659903764725 0.156906396150589 10.238142013549805
1432903623302 0 20.005565643310547 5.491724014282227 0.0784531980752945
1432903622713 1 -0.0 0.0784531980752945 10.316595077514648
1432903623503 0 20.005565643310547 20.005565643310547 20.005565643310547
1432903622912 1 -0.11767979711294174 0.11767979711294174 10.395049095153809
1432903623705 0 6.864655017852783 -20.005565643310547 0.9806649684906006
1432903623111 1 -0.03922659903764725 0.0784531980752945 10.238142013549805
1432903623904 0 -17.10279655456543 -20.005565643310547 0.823758602142334
1432903623312 1 -0.0 0.11767979711294174 10.355822563171387
1432903624103 0 20.005565643310547 -7.649186611175537 20.005565643310547
1432903624305 0 -0.7845319509506226 -20.005565643310547 -4.7071919441223145
1432903623712 1 -0.0 0.156906396150589 10.277368545532227
1432903624505 0 20.005565643310547 -20.005565643310547 7.884546279907227
1432903623912 1 -0.0 0.0784531980752945 10.277368545532227
1432903624705 0 20.005565643310547 3.1381278038024902 13.886216163635254
1432903624111 1 -0.0784531980752945 0.0784531980752945 10.238142013549805
1432903624906 0 -20.005565643310547 -20.005565643310547 0.9022117853164673
1432903624312 1 -0.0784531980752945 0.11767979711294174 10.238142013549805
1432903625104 0 20.005565643310547 -20.005565643310547 20.005565643310547
1432903624512 1 -0.03922659903764725 0.03922659903764725 10.355822563171387
1432903625303 0 -8.825984954833984 -20.005565643310547 -4.903325080871582
1432903624712 1 -0.03922659903764725 0.0784531980752945 10.316595077514648
1432903625511 0 20.005565643310547 -20.005565643310547 20.005565643310547
1432903624912 1 -0.03922659903764725 0.03922659903764725 10.316595077514648
1432903625704 0 -20.005565643310547 -20.005565643310547 -3.4127140045166016
1432903625111 1 -0.03922659903764725 0.0784531980752945 10.316595077514648
1432903625905 0 20.005565643310547 -0.11767979711294174 20.005565643310547
1432903625312 1 -0.03922659903764725 0.0784531980752945 10.355822563171387
1432903626103 0 -20.005565643310547 -20.005565643310547 6.080122947692871
1432903625512 1 -0.0 0.156906396150589 10.316595077514648
1432903626306 0 19.691753387451172 -20.005565643310547 -2.6674087047576904
1432903625712 1 -0.0 0.27458620071411133 10.355822563171387
1432903626505 0 20.005565643310547 15.612186431884766 -13.140911102294922
1432903625912 1 -0.03922659903764725 0.0784531980752945 10.355822563171387
1432903626705 0 20.005565643310547 3.4911673069000244 4.628738880157471
1432903626111 1 -0.0 0.11767979711294174 10.355822563171387
1432903626904 0 -20.005565643310547 -20.005565643310547 1.9221034049987793
1432903626312 1 -0.03922659903764725 0.0784531980752945 10.238142013549805
1432903627104 0 -20.005565643310547 -15.141467094421387 13.140911102294922
1432903626512 1 -0.03922659903764725 0.03922659903764725 10.355822563171387
1432903627305 0 -20.005565643310547 -14.9845609664917 -4.942551612854004
1432903626712 1 -0.03922659903764725 0.0784531980752945 10.277368545532227
1432903627504 0 -3.5303938388824463 -5.609403610229492 -6.943108081817627
1432903626912 1 -0.0784531980752945 0.11767979711294174 10.316595077514648
1432903627705 0 15.376827239990234 7.1000142097473145 19.88788604736328
1432903627111 1 -0.03922659903764725 0.11767979711294174 10.316595077514648
1432903627905 0 20.005565643310547 13.062457084655762 17.063570022583008
1432903627312 1 -0.11767979711294174 0.0784531980752945 10.355822563171387
1432903628104 0 -9.100570678710938 0.35303938388824463 -1.0591181516647339
1432903627512 1 -0.03922659903764725 0.11767979711294174 10.316595077514648
1432903628306 0 -0.0 6.786201477050781 -0.156906396150589
1432903627712 1 -0.03922659903764725 0.0784531980752945 10.355822563171387
1432903628503 0 20.005565643310547 4.393379211425781 16.004451751708984
1432903627912 1 -0.03922659903764725 0.156906396150589 10.316595077514648
1432903628704 0 -1.2160245180130005 -0.35303938388824463 -2.000556468963623
1432903628111 1 -0.0784531980752945 0.11767979711294174 10.395049095153809
1432903628903 0 6.746974945068359 6.825428009033203 10.708861351013184
1432903628312 1 -0.03922659903764725 0.11767979711294174 10.238142013549805
1432903629105 0 20.005565643310547 17.808876037597656 -0.3922659754753113
1432903628512 1 -0.03922659903764725 0.0784531980752945 10.277368545532227
1432903629307 0 -20.005565643310547 -13.140911102294922 10.042009353637695
1432903628712 1 -0.03922659903764725 0.156906396150589 10.316595077514648
1432903629504 0 -20.005565643310547 -2.1574628353118896 3.4519407749176025
1432903628912 1 -0.03922659903764725 0.03922659903764725 10.277368545532227
1432903629705 0 -11.33648681640625 -1.6082905530929565 -5.256364345550537
1432903629111 1 -0.0 0.11767979711294174 10.238142013549805
1432903629906 0 2.1966896057128906 5.256364345550537 2.1182363033294678
1432903629312 1 -0.0 -0.0 10.355822563171387
1432903630103 0 17.769649505615234 5.099457740783691 16.043678283691406
1432903629512 1 -0.03922659903764725 0.11767979711294174 10.238142013549805
1432903630304 0 20.005565643310547 19.377939224243164 -6.472388744354248
1432903629712 1 -0.0 0.0784531980752945 10.238142013549805
1432903629912 1 -0.03922659903764725 0.0784531980752945 10.277368545532227
1432903630504 0 10.277368545532227 -20.005565643310547 2.785088539123535
1432903630704 0 -20.005565643310547 -14.592294692993164 9.845876693725586
1432903630111 1 -0.03922659903764725 0.11767979711294174 10.277368545532227
1432903630904 0 -20.005565643310547 -12.356378555297852 -8.512171745300293
1432903630312 1 -0.03922659903764725 0.11767979711294174 10.316595077514648
1432903631106 0 -20.005565643310547 -13.886216163635254 -10.120462417602539
1432903630512 1 -0.0 0.156906396150589 10.277368545532227
1432903631304 0 2.9419949054718018 -2.90276837348938 -8.786758422851562
1432903630712 1 -0.03922659903764725 0.03922659903764725 10.355822563171387
1432903631506 0 11.297260284423828 10.708861351013184 14.160801887512207
1432903630912 1 -0.0 0.11767979711294174 10.316595077514648
1432903631111 1 -0.0784531980752945 0.11767979711294174 10.355822563171387
1432903631706 0 20.005565643310547 6.982334613800049 19.613300323486328
1432903631312 1 -0.0 0.0784531980752945 10.277368545532227
1432903631904 0 20.005565643310547 -16.47517204284668 -8.865211486816406
1432903631512 1 -0.0 0.03922659903764725 10.277368545532227
1432903632106 0 -17.338157653808594 -20.005565643310547 11.84643268585205
1432903631712 1 -0.03922659903764725 0.11767979711294174 10.316595077514648
1432903632305 0 -20.005565643310547 -6.040896415710449 9.257477760314941
1432903631912 1 -0.03922659903764725 0.0784531980752945 10.355822563171387
1432903632504 0 -20.005565643310547 -8.94366455078125 1.45138418674469
1432903632111 1 -0.0 0.11767979711294174 10.316595077514648
1432903632703 0 -13.572402954101562 -8.041452407836914 -3.648073673248291
1432903632312 1 -0.03922659903764725 0.0784531980752945 10.238142013549805
1432903632904 0 20.005565643310547 -20.005565643310547 3.334260940551758
1432903633104 0 -18.12268829345703 -20.005565643310547 9.963556289672852
1432903632512 1 -0.0784531980752945 0.11767979711294174 10.355822563171387
1432903633306 0 -20.005565643310547 -8.629851341247559 8.23758602142334
1432903632712 1 -0.0784531980752945 0.156906396150589 10.316595077514648
1432903633510 0 -20.005565643310547 -11.807206153869629 -4.864098072052002
1432903632912 1 -0.03922659903764725 0.0784531980752945 10.355822563171387
1432903633708 0 -5.138684272766113 -4.393379211425781 -2.9812214374542236
1432903633111 1 -0.11767979711294174 0.11767979711294174 10.277368545532227
1432903633907 0 8.119906425476074 1.7651969194412231 -0.7453053593635559
1432903633312 1 -0.03922659903764725 0.156906396150589 10.316595077514648
1432903634103 0 14.51384162902832 5.766310214996338 20.005565643310547
1432903633512 1 -0.03922659903764725 0.03922659903764725 10.316595077514648
1432903634306 0 20.005565643310547 5.138684272766113 20.005565643310547
1432903633712 1 -0.0784531980752945 0.11767979711294174 10.238142013549805
1432903634504 0 20.005565643310547 -2.471275806427002 2.1182363033294678
1432903633912 1 -0.03922659903764725 0.0784531980752945 10.277368545532227
1432903634704 0 8.041452407836914 -20.005565643310547 9.061344146728516
1432903634111 1 -0.0784531980752945 0.0784531980752945 10.316595077514648
1432903634904 0 -20.005565643310547 -3.4911673069000244 8.316039085388184
1432903634312 1 -0.03922659903764725 0.0784531980752945 10.355822563171387
1432903635105 0 -20.005565643310547 -11.493393898010254 8.590624809265137
1432903634512 1 -0.0784531980752945 0.0784531980752945 10.316595077514648
1432903635305 0 -14.043122291564941 -4.354152679443359 -1.4906107187271118
1432903634712 1 0.03922659903764725 0.11767979711294174 10.395049095153809
1432903635506 0 -6.2762556076049805 -4.785645008087158 -6.040896415710449
1432903634912 1 -0.03922659903764725 0.19613298773765564 10.277368545532227
1432903635704 0 -3.334260940551758 0.7845319509506226 -4.040339469909668
1432903635111 1 -0.03922659903764725 0.0784531980752945 10.316595077514648
1432903635906 0 6.119349479675293 5.844763278961182 -1.5298373699188232
1432903635312 1 -0.0784531980752945 0.0784531980752945 10.316595077514648
1432903636105 0 20.005565643310547 6.2762556076049805 14.827654838562012
1432903635512 1 -0.11767979711294174 0.11767979711294174 10.277368545532227
1432903636305 0 20.005565643310547 10.042009353637695 5.766310214996338
1432903635712 1 -0.03922659903764725 0.0784531980752945 10.355822563171387
1432903636505 0 20.005565643310547 -6.51161527633667 -13.611629486083984
1432903635912 1 -0.0 0.0784531980752945 10.316595077514648
1432903636707 0 -11.297260284423828 -20.005565643310547 7.727640151977539
1432903636111 1 -0.0 0.0784531980752945 10.277368545532227
1432903636907 0 -20.005565643310547 -13.53317642211914 20.005565643310547
1432903636312 1 -0.0 0.156906396150589 10.238142013549805
1432903637103 0 20.005565643310547 3.8442068099975586 2.3143694400787354
1432903636512 1 -0.03922659903764725 0.156906396150589 10.355822563171387
1432903637304 0 20.005565643310547 2.000556468963623 7.649186611175537
1432903636712 1 -0.03922659903764725 0.19613298773765564 10.316595077514648
1432903637507 0 6.943108081817627 5.923216342926025 -0.0
1432903636912 1 -0.03922659903764725 0.156906396150589 10.238142013549805
1432903637707 0 6.786201477050781 5.687856674194336 9.688969612121582
1432903637111 1 -0.03922659903764725 0.11767979711294174 10.277368545532227
1432903637905 0 6.433162212371826 3.8442068099975586 7.688413619995117
1432903637312 1 -0.03922659903764725 0.156906396150589 10.238142013549805
1432903638103 0 5.844763278961182 2.039783239364624 8.708305358886719
1432903637512 1 -0.03922659903764725 0.11767979711294174 10.238142013549805
1432903638305 0 2.6281821727752686 1.647517204284668 10.787314414978027
1432903637712 1 -0.0784531980752945 0.0784531980752945 10.395049095153809
1432903638506 0 1.45138418674469 0.9022117853164673 9.885103225708008
1432903637912 1 -0.0 0.11767979711294174 10.277368545532227
1432903638705 0 0.5883989930152893 1.0983448028564453 10.395049095153809
1432903638111 1 -0.03922659903764725 0.0784531980752945 10.277368545532227
1432903638906 0 -0.0784531980752945 1.1767979860305786 9.64974308013916
1432903638311 1 -0.03922659903764725 0.11767979711294174 10.316595077514648
1432903639104 0 0.509945809841156 1.2944778203964233 10.473502159118652
1432903638512 1 -0.0784531980752945 0.11767979711294174 10.316595077514648
1432903639305 0 1.4121575355529785 3.1381278038024902 9.767423629760742
1432903638712 1 -0.03922659903764725 0.156906396150589 10.355822563171387
1432903639504 0 2.471275806427002 5.609403610229492 8.43371868133545
1432903638912 1 -0.03922659903764725 0.0784531980752945 10.316595077514648
1432903639111 1 -0.03922659903764725 0.03922659903764725 10.355822563171387
1432903639704 0 1.3729310035705566 5.021004676818848 8.708305358886719
1432903639904 0 2.1574628353118896 4.667965412139893 7.335373878479004
1432903639312 1 -0.03922659903764725 0.0784531980752945 10.277368545532227
1432903640107 0 -1.9221034049987793 5.687856674194336 11.022674560546875
1432903639512 1 -0.0784531980752945 0.156906396150589 10.355822563171387
1432903640302 0 -0.23535959422588348 4.7071919441223145 6.51161527633667
1432903639712 1 -0.03922659903764725 0.156906396150589 10.355822563171387
1432903640502 0 3.177354574203491 -1.45138418674469 10.551955223083496
1432903639912 1 -0.11767979711294174 0.156906396150589 10.316595077514648
1432903640702 0 -0.35303938388824463 -3.0989012718200684 9.061344146728516
1432903640111 1 -0.0784531980752945 0.0784531980752945 10.395049095153809
1432903640903 0 0.6668521761894226 -3.1381278038024902 12.944777488708496
1432903640312 1 -0.03922659903764725 0.23535959422588348 10.316595077514648
1432903641103 0 0.627625584602356 -3.216581106185913 10.43427562713623
1432903640512 1 -0.03922659903764725 0.11767979711294174 10.355822563171387
1432903641303 0 0.47071918845176697 -1.1767979860305786 10.43427562713623
1432903640712 1 -0.156906396150589 -0.23535959422588348 10.042009353637695
1432903641503 0 1.255251169204712 0.3922659754753113 10.787314414978027
1432903640912 1 -0.03922659903764725 0.11767979711294174 10.355822563171387
1432903641112 1 -0.03922659903764725 0.03922659903764725 10.316595077514648
1432903641703 0 1.0591181516647339 0.4314925968647003 10.473502159118652
1432903641903 0 1.0591181516647339 0.3922659754753113 10.473502159118652
1432903641312 1 -0.03922659903764725 0.03922659903764725 10.355822563171387
1432903642103 0 1.0983448028564453 0.5491724014282227 10.43427562713623
1432903641512 1 -0.0784531980752945 0.156906396150589 10.316595077514648
1432903642303 0 1.019891619682312 0.47071918845176697 10.473502159118652
1432903642502 0 1.0983448028564453 0.3922659754753113 10.512728691101074
1432903641912 1 -0.0 0.19613298773765564 10.316595077514648
1432903642702 0 1.0591181516647339 0.4314925968647003 10.43427562713623
1432903642112 1 -0.0 0.23535959422588348 10.159688949584961
1432903642905 0 1.019891619682312 0.47071918845176697 10.43427562713623
1432903642312 1 -0.03922659903764725 0.27458620071411133 10.316595077514648
1432903643102 0 1.1375713348388672 0.3922659754753113 10.43427562713623
1432903642511 1 -0.11767979711294174 0.03922659903764725 10.316595077514648
1432903643302 0 1.0591181516647339 0.23535959422588348 10.512728691101074
1432903642711 1 -0.0 0.23535959422588348 10.43427562713623
1432903643502 0 1.0983448028564453 0.4314925968647003 10.43427562713623
1432903642911 1 -0.03922659903764725 0.35303938388824463 10.277368545532227
1432903643703 0 1.1375713348388672 0.4314925968647003 10.43427562713623
1432903643111 1 0.03922659903764725 0.35303938388824463 10.277368545532227
1432903643908 0 1.0591181516647339 0.5491724014282227 10.473502159118652
1432903643317 1 -0.0 0.313812792301178 10.238142013549805
1432903644104 0 1.0983448028564453 0.4314925968647003 10.473502159118652
1432903643512 1 -0.156906396150589 0.156906396150589 10.277368545532227
1432903644303 0 1.019891619682312 0.4314925968647003 10.43427562713623
