1432848337094 1 1.0
1432848337294 1 1.0
1432848337494 1 1.0
1432848337694 1 1.0
1432848339888 0 4.0
1432848337894 1 1.0
1432848338093 1 1.0
1432848340305 0 4.0
1432848338293 1 1.0
1432848338494 1 0.0
1432848338694 1 0.0
1432848340720 0 7.0
1432848338894 1 1.0
1432848339094 1 1.0
1432848339294 1 1.0
1432848341810 0 8.0
1432848339494 1 1.0
1432848339694 1 1.0
1432848339897 1 1.0
1432848340094 1 2.0
1432848340293 1 3.0
1432848340493 1 3.0
1432848340693 1 2.0
1432848342017 0 12.0
1432848342225 0 2.0
1432848342379 0 2.0
1432848340893 1 2.0
1432848341093 1 2.0
1432848341294 1 2.0
1432848342588 0 2.0
1432848343054 0 2.0
1432848341493 1 2.0
1432848341694 1 4.0
1432848341893 1 5.0
1432848343210 0 2.0
1432848343366 0 3.0
1432848343522 0 4.0
1432848343730 0 6.0
1432848342094 1 5.0
1432848344041 0 2.0
1432848342294 1 4.0
1432848344196 0 2.0
1432848342494 1 4.0
1432848342693 1 4.0
1432848342893 1 4.0
1432848344769 0 2.0
1432848343093 1 3.0
1432848344924 0 2.0
1432848343293 1 3.0
1432848343493 1 3.0
1432848345442 0 2.0
1432848343694 1 4.0
1432848343894 1 4.0
1432848345598 0 2.0
1432848344093 1 4.0
1432848345752 0 3.0
1432848345907 0 11.0
1432848346065 0 12.0
1432848346273 0 8.0
1432848344294 1 5.0
1432848344494 1 7.0
1432848346480 0 7.0
1432848344694 1 10.0
1432848344894 1 35.0
1432848346684 0 8.0
1432848345094 1 9.0
1432848345293 1 5.0
1432848345493 1 8.0
1432848347103 0 8.0
1432848347363 0 10.0
1432848345694 1 52.0
1432848345894 1 56.0
1432848346094 1 59.0
1432848347775 0 12.0
1432848346294 1 56.0
1432848346494 1 54.0
1432848346694 1 54.0
1432848346894 1 54.0
1432848347094 1 55.0
1432848347293 1 53.0
1432848347493 1 52.0
1432848347694 1 48.0
1432848347893 1 48.0
1432848348094 1 49.0
1432848350010 0 14.0
1432848348294 1 57.0
1432848348494 1 53.0
1432848350216 0 24.0
1432848350371 0 32.0
1432848348694 1 9.0
1432848350838 0 16.0
1432848348894 1 4.0
1432848349094 1 3.0
1432848349293 1 1.0
1432848350996 0 31.0
1432848349494 1 1.0
1432848351201 0 48.0
1432848349694 1 1.0
1432848349894 1 1.0
1432848350094 1 1.0
1432848352138 0 60.0
1432848352289 0 62.0
1432848350293 1 1.0
1432848350494 1 1.0
1432848352605 0 14.0
1432848350694 1 1.0
1432848350894 1 1.0
1432848352811 0 37.0
1432848352968 0 54.0
1432848351093 1 1.0
1432848351294 1 1.0
1432848353124 0 47.0
1432848351494 1 1.0
1432848353331 0 28.0
1432848353488 0 33.0
1432848351693 1 1.0
1432848351894 1 1.0
1432848353643 0 67.0
1432848353797 0 185.0
1432848352094 1 1.0
1432848353950 0 250.0
1432848354108 0 237.0
1432848352294 1 1.0
1432848352494 1 1.0
1432848352694 1 1.0
1432848354837 0 207.0
1432848352893 1 1.0
1432848353093 1 1.0
1432848355095 0 186.0
1432848353294 1 1.0
1432848355251 0 32.0
1432848353494 1 1.0
1432848353694 1 1.0
1432848353894 1 1.0
1432848355407 0 11.0
1432848355564 0 11.0
1432848355719 0 6.0
1432848354094 1 1.0
1432848354294 1 1.0
1432848355977 0 4.0
1432848356134 0 6.0
1432848354494 1 1.0
1432848354694 1 1.0
1432848354893 1 2.0
1432848355093 1 1.0
1432848355294 1 3.0
1432848355493 1 45.0
1432848355694 1 46.0
1432848355894 1 31.0
1432848356094 1 37.0
1432848356294 1 34.0
1432848356494 1 33.0
1432848356693 1 23.0
1432848356893 1 12.0
1432848357093 1 5.0
1432848357293 1 3.0
1432848357493 1 6.0
1432848357694 1 21.0
1432848357894 1 41.0
1432848358094 1 47.0
1432848358293 1 46.0
1432848358493 1 3.0
1432848358694 1 4.0
1432848358894 1 49.0
1432848359093 1 49.0
1432848359294 1 6.0
1432848359494 1 5.0
1432848359694 1 12.0
1432848359894 1 58.0
1432848362098 0 6.0
1432848360093 1 53.0
1432848360293 1 5.0
1432848360494 1 4.0
1432848360693 1 4.0
1432848360893 1 15.0
1432848361094 1 197.0
1432848361294 1 410.0
1432848361494 1 140.0
1432848361694 1 19.0
1432848361894 1 13.0
1432848362094 1 12.0
1432848362294 1 16.0
1432848362494 1 132.0
1432848362694 1 9577.0
1432848362893 1 10219.0
1432848363093 1 8436.0
1432848363294 1 7524.0
1432848363494 1 7288.0
1432848365476 0 7.0
1432848363694 1 7816.0
1432848363894 1 7554.0
1432848364094 1 217.0
1432848364294 1 39.0
1432848364494 1 31.0
1432848364694 1 13.0
1432848364893 1 10.0
1432848365093 1 10.0
1432848365293 1 11.0
1432848365494 1 54.0
1432848365694 1 4333.0
1432848365895 1 11561.0
1432848366094 1 17522.0
1432848366293 1 9101.0
1432848366494 1 58.0
1432848366693 1 10.0
1432848366893 1 5.0
1432848367093 1 5.0
1432848367294 1 5.0
1432848367494 1 4.0
1432848367694 1 3.0
1432848369680 0 6.0
1432848367894 1 2.0
1432848368093 1 2.0
