1433161804978 1 477.0
1433161804928 0 674.0
1433161805079 1 477.0
1433161805029 0 674.0
1433161805180 1 477.0
1433161805131 0 674.0
1433161805233 0 674.0
1433161805281 1 477.0
1433161805334 0 674.0
1433161805382 1 477.0
1433161805435 0 674.0
1433161805535 0 674.0
1433161805484 1 477.0
1433161805637 0 674.0
1433161805588 1 477.0
1433161805739 0 674.0
1433161805689 1 477.0
1433161805791 1 477.0
1433161805841 0 674.0
1433161805893 1 477.0
1433161805944 0 674.0
1433161805994 1 477.0
1433161806045 0 674.0
1433161806095 1 477.0
1433161806147 0 674.0
1433161806197 1 477.0
1433161806248 0 674.0
1433161806298 1 477.0
1433161806350 0 674.0
1433161806399 1 477.0
1433161806453 0 674.0
1433161806503 1 477.0
1433161806554 0 674.0
1433161806604 1 477.0
1433161806705 1 477.0
1433161806656 0 674.0
1433161806807 1 477.0
1433161806758 0 674.0
1433161806859 0 674.0
1433161806909 1 477.0
1433161806962 0 674.0
1433161807011 1 477.0
1433161807063 0 674.0
1433161807115 1 477.0
1433161807165 0 674.0
1433161807216 1 477.0
1433161807271 0 674.0
1433161807317 1 477.0
1433161807372 0 674.0
1433161807419 1 477.0
1433161807519 1 477.0
1433161807471 0 674.0
1433161807620 1 477.0
1433161807571 0 674.0
1433161807722 1 477.0
1433161807671 0 674.0
1433161807824 1 477.0
1433161807773 0 674.0
1433161807924 1 477.0
1433161807874 0 674.0
1433161808027 1 477.0
1433161807976 0 674.0
1433161808127 1 477.0
1433161808077 0 674.0
1433161808178 0 674.0
1433161808227 1 477.0
1433161808278 0 674.0
1433161808328 1 477.0
1433161808380 0 674.0
1433161808428 1 477.0
1433161808482 0 674.0
1433161808528 1 477.0
1433161808584 0 674.0
1433161808630 1 477.0
1433161808731 1 477.0
1433161808686 0 674.0
1433161808834 1 477.0
1433161808789 0 674.0
1433161808936 1 477.0
1433161808890 0 674.0
1433161809037 1 477.0
1433161808991 0 674.0
1433161809091 0 674.0
1433161809139 1 477.0
1433161809192 0 674.0
1433161809293 0 674.0
1433161809240 1 477.0
1433161809342 1 477.0
1433161809395 0 674.0
1433161809444 1 477.0
1433161809496 0 674.0
1433161809547 1 477.0
1433161809599 0 674.0
1433161809648 1 477.0
1433161809701 0 674.0
1433161809755 1 477.0
1433161809802 0 674.0
1433161809856 1 477.0
1433161809902 0 674.0
1433161809957 1 477.0
1433161810004 0 674.0
1433161810058 1 477.0
1433161810105 0 674.0
1433161810158 1 477.0
1433161810207 0 674.0
1433161810258 1 477.0
1433161810309 0 674.0
1433161810358 1 477.0
1433161810417 0 674.0
1433161810458 1 477.0
1433161810558 1 477.0
1433161810519 0 674.0
1433161810658 1 477.0
1433161810620 0 674.0
1433161810760 1 477.0
1433161810723 0 674.0
1433161810862 1 477.0
1433161810824 0 674.0
1433161810926 0 674.0
1433161810964 1 477.0
1433161811027 0 674.0
1433161811065 1 477.0
1433161811128 0 674.0
1433161811168 1 477.0
1433161811231 0 674.0
1433161811269 1 477.0
1433161811332 0 674.0
1433161811370 1 477.0
1433161811434 0 674.0
1433161811470 1 477.0
1433161811570 1 477.0
1433161811538 0 674.0
1433161811671 1 477.0
1433161811639 0 674.0
1433161811772 1 477.0
1433161811739 0 674.0
1433161811840 0 674.0
1433161811941 0 674.0
1433161811874 1 477.0
1433161812041 0 674.0
1433161811977 1 477.0
1433161812143 0 674.0
1433161812078 1 477.0
1433161812179 1 196.0
1433161812245 0 674.0
1433161812282 1 393.0
1433161812346 0 674.0
1433161812383 1 463.0
1433161812447 0 674.0
1433161812484 1 463.0
1433161812551 0 674.0
1433161812586 1 463.0
1433161812687 1 463.0
1433161812652 0 674.0
1433161812788 1 463.0
1433161812753 0 674.0
1433161812890 1 463.0
1433161812854 0 674.0
1433161812991 1 463.0
1433161812954 0 674.0
1433161813054 0 674.0
1433161813093 1 463.0
1433161813156 0 674.0
1433161813195 1 463.0
1433161813258 0 674.0
1433161813298 1 463.0
1433161813359 0 674.0
1433161813402 1 505.0
1433161813460 0 674.0
1433161813502 1 561.0
1433161813562 0 674.0
1433161813603 1 561.0
1433161813665 0 674.0
1433161813707 1 646.0
1433161813767 0 674.0
1433161813808 1 646.0
1433161813869 0 674.0
1433161813968 0 674.0
1433161813909 1 646.0
1433161814010 1 674.0
1433161814069 0 674.0
1433161814112 1 730.0
1433161814171 0 674.0
1433161814214 1 730.0
1433161814273 0 674.0
1433161814316 1 730.0
1433161814375 0 674.0
1433161814419 1 730.0
1433161814476 0 674.0
1433161814520 1 730.0
1433161814579 0 674.0
1433161814623 1 730.0
1433161814681 0 674.0
1433161814723 1 730.0
1433161814782 0 674.0
1433161814825 1 730.0
1433161814882 0 674.0
1433161814983 0 632.0
1433161814927 1 730.0
1433161815085 0 576.0
1433161815028 1 730.0
1433161815130 1 730.0
1433161815186 0 519.0
1433161815234 1 730.0
1433161815287 0 576.0
1433161815334 1 730.0
1433161815389 0 576.0
1433161815435 1 730.0
1433161815490 0 618.0
1433161815537 1 730.0
1433161815594 0 618.0
1433161815637 1 688.0
1433161815695 0 674.0
1433161815739 1 688.0
1433161815796 0 674.0
1433161815841 1 674.0
1433161815899 0 674.0
1433161815942 1 660.0
1433161816000 0 674.0
1433161816044 1 562.0
1433161816100 0 674.0
1433161816145 1 351.0
1433161816200 0 674.0
1433161816301 0 674.0
1433161816246 1 252.0
1433161816403 0 674.0
1433161816347 1 309.0
1433161816505 0 674.0
1433161816447 1 323.0
1433161816548 1 323.0
1433161816607 0 674.0
1433161816648 1 435.0
1433161816709 0 674.0
1433161816749 1 506.0
1433161816810 0 674.0
1433161816849 1 506.0
1433161816912 0 674.0
1433161816951 1 506.0
1433161817012 0 674.0
1433161817052 1 506.0
1433161817114 0 674.0
1433161817154 1 534.0
1433161817214 0 674.0
1433161817255 1 534.0
1433161817315 0 674.0
1433161817417 0 674.0
1433161817357 1 534.0
1433161817518 0 674.0
1433161817458 1 534.0
1433161817620 0 674.0
1433161817560 1 534.0
1433161817722 0 674.0
1433161817663 1 562.0
1433161817823 0 674.0
1433161817764 1 562.0
1433161817924 0 716.0
1433161817867 1 562.0
1433161817967 1 604.0
1433161818026 0 773.0
1433161818068 1 604.0
1433161818127 0 773.0
1433161818169 1 604.0
1433161818230 0 745.0
1433161818270 1 618.0
1433161818331 0 604.0
1433161818370 1 618.0
1433161818471 1 618.0
1433161818431 0 379.0
1433161818572 1 618.0
1433161818532 0 365.0
1433161818673 1 688.0
1433161818633 0 660.0
1433161818775 1 688.0
1433161818734 0 688.0
1433161818834 0 182.0
1433161818877 1 688.0
1433161818935 0 154.0
1433161818978 1 688.0
1433161819036 0 112.0
1433161819137 0 93.0
1433161819080 1 688.0
1433161819238 0 64.0
1433161819183 1 688.0
1433161819339 0 26.0
1433161819285 1 688.0
1433161819439 0 15.0
1433161819385 1 688.0
1433161819487 1 688.0
1433161819540 0 12.0
1433161819588 1 688.0
1433161819642 0 7.0
1433161819689 1 688.0
1433161819743 0 2.0
1433161819790 1 688.0
1433161819845 0 2.0
1433161819893 1 688.0
1433161819946 0 2.0
1433161819995 1 688.0
1433161820048 0 2.0
1433161820095 1 688.0
1433161820196 1 688.0
1433161820148 0 2.0
1433161820298 1 688.0
1433161820251 0 2.0
1433161820350 0 2.0
1433161820400 1 688.0
1433161820451 0 2.0
1433161820504 1 688.0
1433161820554 0 2.0
1433161820605 1 688.0
1433161820656 0 2.0
1433161820706 1 688.0
1433161820758 0 2.0
1433161820806 1 688.0
1433161820858 0 2.0
1433161820959 0 2.0
1433161820909 1 688.0
1433161821060 0 2.0
1433161821010 1 688.0
1433161821161 0 2.0
1433161821113 1 688.0
1433161821263 0 2.0
1433161821214 1 688.0
1433161821317 1 688.0
1433161821365 0 2.0
1433161821418 1 688.0
1433161821466 0 2.0
1433161821520 1 688.0
1433161821569 0 2.0
1433161821622 1 688.0
1433161821670 0 2.0
1433161821726 1 688.0
1433161821771 0 2.0
1433161821827 1 688.0
1433161821871 0 2.0
1433161821928 1 688.0
1433161821971 0 2.0
1433161822028 1 688.0
1433161822071 0 2.0
1433161822130 1 688.0
1433161822172 0 5.0
1433161822232 1 688.0
1433161822272 0 8.0
1433161822335 1 688.0
1433161822373 0 14.0
1433161822436 1 688.0
1433161822475 0 52.0
1433161822537 1 618.0
1433161822576 0 224.0
1433161822638 1 519.0
1433161822677 0 210.0
1433161822741 1 463.0
1433161822779 0 210.0
1433161822841 1 463.0
1433161822880 0 519.0
1433161822942 1 463.0
1433161822984 0 519.0
1433161823044 1 463.0
1433161823084 0 576.0
1433161823145 1 407.0
1433161823185 0 576.0
1433161823247 1 407.0
1433161823287 0 632.0
1433161823348 1 322.0
1433161823389 0 632.0
1433161823448 1 168.0
1433161823490 0 632.0
1433161823549 1 322.0
1433161823591 0 632.0
1433161823651 1 322.0
1433161823693 0 632.0
1433161823752 1 322.0
1433161823794 0 632.0
1433161823854 1 435.0
1433161823895 0 632.0
1433161823955 1 519.0
1433161823997 0 632.0
1433161824056 1 477.0
1433161824097 0 632.0
1433161824197 0 632.0
1433161824157 1 533.0
1433161824299 0 632.0
1433161824257 1 533.0
1433161824358 1 533.0
1433161824401 0 632.0
1433161824459 1 533.0
1433161824501 0 632.0
1433161824561 1 533.0
1433161824603 0 632.0
1433161824662 1 533.0
1433161824763 1 562.0
1433161824705 0 632.0
1433161824809 0 632.0
1433161824865 1 562.0
1433161824910 0 632.0
1433161824965 1 562.0
1433161825011 0 632.0
1433161825066 1 562.0
1433161825111 0 632.0
1433161825211 0 632.0
1433161825168 1 562.0
1433161825312 0 632.0
1433161825269 1 562.0
1433161825414 0 632.0
1433161825369 1 562.0
1433161825515 0 632.0
1433161825471 1 562.0
1433161825617 0 632.0
1433161825574 1 562.0
1433161825718 0 632.0
1433161825676 1 562.0
1433161825780 1 562.0
1433161825820 0 632.0
1433161825882 1 562.0
1433161825920 0 632.0
1433161825983 1 562.0
1433161826023 0 632.0
1433161826083 1 562.0
1433161826185 1 562.0
1433161826125 0 632.0
1433161826287 1 562.0
1433161826226 0 632.0
1433161826388 1 562.0
1433161826328 0 632.0
1433161826431 0 632.0
1433161826489 1 562.0
1433161826532 0 632.0
1433161826590 1 562.0
1433161826633 0 632.0
1433161826692 1 562.0
1433161826736 0 632.0
1433161826794 1 562.0
1433161826839 0 632.0
1433161826896 1 562.0
1433161826939 0 632.0
1433161826998 1 562.0
1433161827040 0 632.0
1433161827099 1 562.0
1433161827143 0 632.0
1433161827200 1 562.0
1433161827301 1 562.0
1433161827244 0 632.0
1433161827402 1 562.0
1433161827345 0 632.0
1433161827503 1 562.0
1433161827446 0 632.0
1433161827547 0 632.0
1433161827647 0 632.0
1433161827605 1 562.0
1433161827749 0 632.0
1433161827708 1 562.0
1433161827849 0 632.0
1433161827810 1 562.0
1433161827951 0 632.0
1433161827911 1 562.0
1433161828051 0 632.0
1433161828012 1 562.0
1433161828153 0 632.0
1433161828112 1 562.0
1433161828213 1 562.0
1433161828255 0 632.0
1433161828356 0 632.0
1433161828315 1 562.0
1433161828457 0 632.0
1433161828417 1 562.0
1433161828521 1 562.0
1433161828559 0 632.0
1433161828622 1 562.0
1433161828659 0 632.0
1433161828723 1 562.0
1433161828762 0 632.0
1433161828825 1 562.0
1433161828863 0 632.0
1433161828927 1 562.0
1433161828965 0 632.0
1433161829028 1 562.0
1433161829066 0 632.0
1433161829129 1 562.0
1433161829167 0 632.0
1433161829233 1 562.0
1433161829269 0 632.0
1433161829334 1 562.0
1433161829371 0 632.0
1433161829435 1 562.0
1433161829471 0 632.0
1433161829537 1 562.0
1433161829574 0 632.0
1433161829637 1 562.0
1433161829738 1 562.0
1433161829675 0 632.0
1433161829840 1 562.0
1433161829776 0 632.0
1433161829942 1 562.0
1433161829876 0 632.0
1433161830043 1 562.0
1433161829978 0 632.0
1433161830145 1 562.0
1433161830079 0 674.0
1433161830247 1 562.0
1433161830183 0 674.0
1433161830349 1 562.0
1433161830284 0 674.0
1433161830450 1 562.0
1433161830385 0 674.0
1433161830552 1 562.0
1433161830486 0 674.0
1433161830651 1 562.0
1433161830588 0 674.0
1433161830753 1 562.0
1433161830689 0 674.0
1433161830854 1 562.0
1433161830790 0 674.0
1433161830955 1 562.0
1433161830891 0 674.0
1433161831054 1 562.0
1433161830991 0 674.0
1433161831091 0 674.0
1433161831155 1 562.0
1433161831192 0 674.0
1433161831255 1 562.0
1433161831293 0 674.0
1433161831395 0 674.0
1433161831357 1 562.0
1433161831497 0 674.0
1433161831458 1 562.0
1433161831598 0 674.0
1433161831560 1 561.0
1433161831700 0 674.0
1433161831662 1 561.0
1433161831799 0 674.0
1433161831765 1 561.0
1433161831899 0 674.0
1433161831865 1 561.0
1433161831999 0 674.0
1433161831966 1 561.0
1433161832100 0 674.0
1433161832067 1 561.0
1433161832200 0 674.0
1433161832167 1 561.0
1433161832268 1 561.0
1433161832302 0 674.0
1433161832368 1 561.0
1433161832470 1 561.0
1433161832404 0 674.0
1433161832572 1 561.0
1433161832508 0 674.0
1433161832674 1 561.0
1433161832609 0 674.0
1433161832777 1 561.0
1433161832710 0 674.0
1433161832879 1 561.0
1433161832811 0 674.0
1433161832912 0 674.0
1433161832981 1 561.0
1433161833012 0 674.0
1433161833113 0 674.0
1433161833082 1 561.0
1433161833215 0 674.0
1433161833185 1 561.0
1433161833287 1 561.0
1433161833317 0 674.0
1433161833387 1 561.0
1433161833418 0 674.0
1433161833488 1 561.0
1433161833520 0 674.0
1433161833592 1 561.0
1433161833621 0 674.0
1433161833693 1 561.0
1433161833722 0 674.0
1433161833793 1 561.0
1433161833824 0 674.0
1433161833895 1 561.0
1433161833927 0 674.0
1433161833996 1 561.0
1433161834029 0 674.0
1433161834097 1 561.0
1433161834130 0 674.0
1433161834198 1 561.0
1433161834231 0 674.0
1433161834300 1 561.0
1433161834335 0 674.0
1433161834403 1 561.0
1433161834435 0 674.0
1433161834504 1 561.0
1433161834535 0 674.0
1433161834606 1 561.0
1433161834707 1 561.0
1433161834636 0 674.0
1433161834808 1 561.0
1433161834738 0 674.0
1433161834910 1 561.0
1433161834839 0 674.0
1433161835011 1 561.0
1433161834940 0 674.0
1433161835113 1 561.0
1433161835041 0 674.0
1433161835215 1 561.0
1433161835145 0 674.0
1433161835246 0 674.0
1433161835317 1 561.0
1433161835347 0 674.0
1433161835417 1 561.0
1433161835448 0 674.0
1433161835548 0 674.0
1433161835521 1 561.0
1433161835649 0 674.0
1433161835623 1 561.0
1433161835751 0 674.0
1433161835724 1 561.0
1433161835824 1 561.0
1433161835926 1 561.0
1433161835852 0 674.0
1433161836028 1 561.0
1433161835952 0 674.0
1433161836056 0 674.0
1433161836130 1 561.0
1433161836157 0 674.0
1433161836233 1 561.0
1433161836258 0 674.0
1433161836335 1 561.0
1433161836359 0 674.0
1433161836435 1 561.0
1433161836460 0 674.0
1433161836537 1 561.0
1433161836562 0 674.0
1433161836638 1 561.0
1433161836739 1 561.0
1433161836665 0 674.0
1433161836840 1 561.0
1433161836766 0 674.0
1433161836940 1 561.0
1433161836868 0 674.0
1433161837041 1 561.0
1433161836968 0 674.0
1433161837142 1 561.0
1433161837070 0 674.0
1433161837171 0 674.0
1433161837244 1 561.0
1433161837271 0 674.0
1433161837347 1 561.0
1433161837373 0 674.0
1433161837451 1 561.0
1433161837473 0 674.0
1433161837553 1 561.0
1433161837575 0 674.0
1433161837676 0 674.0
1433161837654 1 561.0
1433161837754 1 561.0
1433161837779 0 674.0
1433161837854 1 561.0
1433161837881 0 674.0
1433161837956 1 561.0
1433161837983 0 660.0
1433161838058 1 561.0
1433161838084 0 660.0
1433161838160 1 561.0
1433161838186 0 660.0
1433161838261 1 561.0
1433161838288 0 660.0
1433161838363 1 561.0
1433161838389 0 660.0
1433161838489 0 660.0
1433161838463 1 491.0
1433161838589 0 660.0
1433161838564 1 435.0
1433161838664 1 435.0
1433161838767 1 435.0
1433161838690 0 660.0
1433161838869 1 435.0
1433161838791 0 660.0
1433161838970 1 491.0
1433161838892 0 660.0
1433161839072 1 491.0
1433161838996 0 660.0
1433161839174 1 519.0
1433161839096 0 660.0
1433161839276 1 519.0
1433161839197 0 660.0
1433161839377 1 519.0
1433161839297 0 660.0
1433161839398 0 660.0
1433161839499 0 660.0
1433161839479 1 561.0
1433161839581 1 561.0
1433161839600 0 660.0
