1433153463711 1 519.0
1433153463884 0 533.0
1433153463601 1 547.0
1433153465593 0 490.0
1433153463812 1 519.0
1433153463986 0 533.0
1433153463703 1 547.0
1433153465696 0 490.0
1433153463913 1 519.0
1433153464086 0 533.0
1433153463805 1 547.0
1433153465797 0 490.0
1433153464013 1 519.0
1433153464188 0 533.0
1433153463907 1 547.0
1433153465899 0 490.0
1433153464114 1 519.0
1433153464290 0 533.0
1433153464008 1 547.0
1433153466001 0 490.0
1433153464214 1 519.0
1433153464391 0 533.0
1433153464110 1 547.0
1433153466102 0 490.0
1433153464315 1 519.0
1433153464493 0 533.0
1433153464211 1 547.0
1433153466203 0 490.0
1433153464415 1 519.0
1433153464595 0 533.0
1433153464313 1 547.0
1433153466306 0 490.0
1433153464515 1 519.0
1433153464698 0 533.0
1433153464416 1 547.0
1433153466407 0 490.0
1433153464615 1 519.0
1433153464800 0 533.0
1433153464518 1 547.0
1433153466508 0 490.0
1433153464715 1 519.0
1433153464902 0 533.0
1433153464619 1 547.0
1433153466610 0 490.0
1433153464815 1 519.0
1433153465004 0 533.0
1433153464721 1 547.0
1433153466710 0 490.0
1433153464915 1 519.0
1433153465015 1 519.0
1433153465106 0 533.0
1433153464822 1 547.0
1433153466811 0 490.0
1433153465116 1 519.0
1433153465208 0 533.0
1433153466913 0 490.0
1433153464924 1 547.0
1433153465216 1 519.0
1433153465310 0 533.0
1433153465024 1 547.0
1433153467016 0 490.0
1433153465316 1 519.0
1433153465411 0 533.0
1433153465127 1 547.0
1433153467118 0 490.0
1433153465416 1 519.0
1433153465512 0 533.0
1433153465229 1 547.0
1433153467220 0 490.0
1433153465516 1 519.0
1433153465613 0 533.0
1433153465330 1 547.0
1433153467322 0 490.0
1433153465616 1 519.0
1433153465714 0 533.0
1433153465431 1 547.0
1433153467424 0 490.0
1433153465716 1 519.0
1433153465815 0 533.0
1433153465533 1 547.0
1433153467526 0 490.0
1433153465816 1 519.0
1433153465917 0 533.0
1433153465635 1 547.0
1433153465916 1 519.0
1433153467627 0 490.0
1433153466018 0 533.0
1433153465737 1 547.0
1433153467729 0 490.0
1433153466016 1 519.0
1433153465838 1 547.0
1433153466117 1 519.0
1433153467831 0 490.0
1433153466118 0 533.0
1433153466218 1 519.0
1433153465940 1 547.0
1433153466218 0 533.0
1433153467932 0 490.0
1433153466319 0 533.0
1433153466319 1 519.0
1433153466042 1 547.0
1433153468034 0 490.0
1433153466420 0 533.0
1433153466419 1 519.0
1433153466144 1 547.0
1433153468136 0 490.0
1433153466522 0 533.0
1433153466246 1 547.0
1433153468238 0 490.0
1433153466520 1 519.0
1433153466624 0 533.0
1433153466620 1 519.0
1433153466348 1 547.0
1433153468340 0 490.0
1433153466726 0 533.0
1433153466720 1 519.0
1433153468441 0 490.0
1433153466828 0 533.0
1433153466820 1 519.0
1433153468541 0 490.0
1433153466448 1 547.0
1433153466548 1 547.0
1433153466929 0 533.0
1433153466920 1 519.0
1433153466648 1 547.0
1433153468643 0 490.0
1433153467030 0 533.0
1433153467020 1 519.0
1433153466749 1 547.0
1433153468743 0 490.0
1433153467132 0 533.0
1433153467120 1 519.0
1433153466850 1 547.0
1433153468844 0 490.0
1433153467221 1 519.0
1433153466952 1 547.0
1433153468946 0 490.0
1433153467233 0 533.0
1433153467333 0 533.0
1433153467321 1 519.0
1433153469045 0 490.0
1433153467433 0 533.0
1433153467421 1 519.0
1433153467054 1 547.0
1433153467155 1 547.0
1433153467535 0 533.0
1433153467521 1 519.0
1433153467256 1 547.0
1433153469149 0 490.0
1433153467636 0 533.0
1433153467621 1 519.0
1433153467358 1 547.0
1433153469250 0 490.0
1433153469350 0 490.0
1433153467737 0 533.0
1433153467722 1 519.0
1433153467459 1 547.0
1433153469452 0 490.0
1433153467822 1 519.0
1433153467838 0 533.0
1433153467561 1 547.0
1433153467923 1 519.0
1433153467940 0 533.0
1433153467662 1 547.0
1433153469554 0 490.0
1433153468023 1 519.0
1433153468041 0 477.0
1433153467763 1 547.0
1433153469654 0 490.0
1433153469754 0 490.0
1433153468123 1 519.0
1433153468142 0 393.0
1433153467864 1 547.0
1433153469855 0 490.0
1433153468224 1 519.0
1433153469957 0 490.0
1433153467967 1 547.0
1433153468324 1 519.0
1433153468242 0 83.0
1433153468344 0 27.0
1433153468067 1 547.0
1433153470059 0 490.0
1433153468425 1 519.0
1433153468444 0 27.0
1433153470160 0 490.0
1433153468168 1 547.0
1433153468524 1 519.0
1433153468546 0 18.0
1433153470262 0 490.0
1433153468269 1 547.0
1433153468625 1 519.0
1433153468646 0 13.0
1433153470364 0 490.0
1433153468371 1 547.0
1433153468725 1 519.0
1433153468747 0 9.0
1433153470464 0 490.0
1433153468472 1 547.0
1433153468825 1 519.0
1433153468849 0 11.0
1433153470566 0 490.0
1433153468574 1 547.0
1433153468925 1 519.0
1433153468951 0 11.0
1433153468675 1 547.0
1433153470668 0 490.0
1433153469052 0 11.0
1433153469025 1 519.0
1433153468776 1 547.0
1433153470768 0 490.0
1433153469126 1 519.0
1433153469153 0 11.0
1433153468878 1 547.0
1433153470869 0 490.0
1433153469227 1 519.0
1433153469254 0 9.0
1433153468979 1 547.0
1433153470969 0 490.0
1433153469328 1 519.0
1433153469356 0 9.0
1433153469079 1 547.0
1433153471071 0 490.0
1433153469428 1 519.0
1433153469458 0 9.0
1433153469180 1 547.0
1433153471171 0 490.0
1433153469528 1 519.0
1433153469560 0 9.0
1433153469281 1 547.0
1433153471273 0 490.0
1433153469628 1 519.0
1433153469382 1 547.0
1433153471374 0 490.0
1433153469728 1 519.0
1433153469661 0 9.0
1433153471476 0 490.0
1433153469483 1 547.0
1433153469828 1 519.0
1433153469762 0 9.0
1433153469863 0 9.0
1433153469585 1 547.0
1433153471576 0 490.0
1433153469928 1 519.0
1433153469964 0 9.0
1433153469686 1 547.0
1433153471677 0 490.0
1433153470029 1 519.0
1433153470065 0 9.0
1433153469788 1 547.0
1433153471778 0 490.0
1433153470129 1 519.0
1433153470167 0 9.0
1433153471880 0 490.0
1433153470229 1 519.0
1433153470268 0 8.0
1433153471981 0 490.0
1433153469888 1 547.0
1433153469989 1 547.0
1433153470329 1 519.0
1433153470369 0 8.0
1433153470090 1 547.0
1433153472082 0 490.0
1433153470430 1 519.0
1433153470191 1 547.0
1433153472183 0 490.0
1433153470530 1 519.0
1433153470470 0 8.0
1433153470570 0 8.0
1433153470292 1 547.0
1433153472286 0 490.0
1433153470631 1 519.0
1433153470670 0 8.0
1433153472388 0 490.0
1433153470394 1 547.0
1433153470732 1 519.0
1433153470771 0 8.0
1433153470495 1 547.0
1433153472489 0 490.0
1433153470832 1 519.0
1433153470596 1 547.0
1433153472591 0 490.0
1433153470932 1 519.0
1433153470872 0 8.0
1433153470974 0 8.0
1433153470697 1 547.0
1433153472692 0 490.0
1433153471033 1 519.0
1433153471076 0 8.0
1433153470799 1 547.0
1433153472793 0 490.0
1433153471134 1 519.0
1433153471178 0 8.0
1433153470901 1 547.0
1433153472895 0 490.0
1433153471234 1 519.0
1433153471280 0 8.0
1433153471002 1 547.0
1433153472997 0 490.0
1433153471334 1 519.0
1433153471380 0 8.0
1433153471103 1 547.0
1433153473098 0 490.0
1433153471434 1 519.0
1433153471481 0 8.0
1433153471205 1 547.0
1433153473200 0 490.0
1433153471535 1 519.0
1433153471583 0 8.0
1433153471307 1 547.0
1433153473302 0 490.0
1433153471635 1 519.0
1433153471685 0 8.0
1433153471409 1 547.0
1433153473402 0 490.0
1433153471736 1 519.0
1433153471786 0 8.0
1433153471511 1 547.0
1433153473504 0 490.0
1433153471837 1 519.0
1433153471887 0 8.0
1433153471612 1 547.0
1433153473606 0 490.0
1433153471937 1 519.0
1433153471988 0 8.0
1433153471714 1 547.0
1433153473707 0 490.0
1433153472038 1 519.0
1433153472090 0 8.0
1433153471815 1 547.0
1433153473808 0 490.0
1433153472139 1 519.0
1433153472192 0 8.0
1433153471917 1 547.0
1433153473911 0 490.0
1433153472240 1 519.0
1433153472293 0 9.0
1433153472018 1 547.0
1433153474012 0 490.0
1433153472341 1 519.0
1433153472395 0 9.0
1433153472119 1 547.0
1433153474114 0 490.0
1433153472441 1 519.0
1433153472496 0 9.0
1433153472221 1 547.0
1433153474215 0 490.0
1433153472541 1 519.0
1433153472598 0 9.0
1433153472323 1 547.0
1433153474316 0 490.0
1433153472641 1 519.0
1433153472700 0 9.0
1433153472425 1 547.0
1433153474418 0 490.0
1433153472741 1 519.0
1433153472802 0 9.0
1433153472527 1 547.0
1433153474519 0 490.0
1433153472841 1 519.0
1433153472902 0 9.0
1433153472628 1 547.0
1433153474621 0 490.0
1433153472941 1 519.0
1433153473003 0 9.0
1433153472730 1 547.0
1433153474723 0 490.0
1433153473042 1 519.0
1433153473105 0 9.0
1433153472832 1 547.0
1433153474825 0 490.0
1433153473142 1 519.0
1433153473207 0 9.0
1433153472934 1 547.0
1433153474927 0 490.0
1433153473243 1 519.0
1433153473309 0 9.0
1433153473036 1 547.0
1433153475029 0 490.0
1433153473343 1 519.0
1433153473411 0 9.0
1433153473137 1 547.0
1433153475130 0 490.0
1433153473443 1 519.0
1433153473512 0 9.0
1433153473239 1 547.0
1433153475231 0 490.0
1433153473544 1 519.0
1433153473614 0 9.0
1433153473341 1 547.0
1433153475332 0 490.0
1433153473715 0 9.0
1433153473644 1 519.0
1433153473443 1 547.0
1433153475435 0 490.0
1433153473745 1 519.0
1433153473819 0 9.0
1433153473545 1 547.0
1433153475536 0 490.0
1433153473845 1 519.0
1433153473921 0 9.0
1433153473647 1 547.0
1433153475637 0 490.0
1433153473945 1 519.0
1433153474022 0 9.0
1433153473748 1 547.0
1433153475739 0 490.0
1433153474045 1 519.0
1433153474124 0 9.0
1433153473848 1 547.0
1433153475840 0 490.0
1433153474146 1 519.0
1433153474225 0 9.0
1433153473950 1 547.0
1433153475941 0 490.0
1433153474247 1 519.0
1433153474327 0 9.0
1433153474050 1 547.0
1433153476043 0 490.0
1433153474348 1 519.0
1433153474429 0 9.0
1433153474152 1 547.0
1433153476145 0 490.0
1433153474448 1 519.0
1433153474530 0 9.0
1433153476247 0 490.0
1433153474548 1 519.0
1433153474631 0 9.0
1433153476349 0 490.0
1433153474252 1 547.0
1433153474353 1 547.0
1433153474648 1 519.0
1433153474731 0 9.0
1433153474454 1 547.0
1433153476448 0 490.0
1433153474748 1 519.0
1433153474832 0 9.0
1433153474555 1 547.0
1433153476549 0 490.0
1433153474849 1 519.0
1433153474934 0 9.0
1433153474656 1 547.0
1433153476651 0 490.0
1433153474948 1 519.0
1433153474757 1 547.0
1433153476753 0 490.0
1433153475049 1 519.0
1433153475034 0 9.0
1433153475136 0 9.0
1433153474858 1 547.0
1433153476854 0 490.0
1433153475149 1 519.0
1433153475237 0 9.0
1433153474960 1 547.0
1433153476956 0 490.0
1433153475250 1 519.0
1433153475339 0 9.0
1433153475061 1 547.0
1433153477057 0 490.0
1433153475350 1 519.0
1433153475440 0 9.0
1433153475163 1 547.0
1433153477159 0 490.0
1433153475451 1 519.0
1433153475264 1 547.0
1433153477261 0 490.0
1433153475551 1 519.0
1433153475541 0 9.0
1433153475641 0 9.0
1433153475366 1 547.0
1433153477363 0 490.0
1433153475651 1 519.0
1433153475742 0 9.0
1433153475467 1 547.0
1433153477464 0 490.0
1433153475751 1 519.0
1433153475843 0 9.0
1433153475569 1 547.0
1433153475851 1 519.0
1433153477565 0 490.0
1433153475944 0 9.0
1433153475670 1 547.0
1433153475951 1 519.0
1433153477667 0 490.0
1433153476045 0 9.0
1433153475772 1 547.0
1433153476051 1 519.0
1433153477768 0 490.0
1433153476147 0 9.0
1433153475874 1 547.0
1433153476151 1 519.0
1433153477868 0 490.0
1433153476248 0 9.0
1433153475975 1 547.0
1433153476252 1 519.0
1433153477968 0 490.0
1433153476350 0 9.0
1433153476076 1 547.0
1433153476352 1 519.0
1433153478069 0 490.0
1433153476451 0 9.0
1433153476176 1 547.0
1433153476452 1 519.0
1433153478170 0 490.0
1433153476552 0 8.0
1433153476552 1 519.0
1433153476277 1 547.0
1433153478272 0 490.0
1433153476653 0 8.0
1433153476652 1 519.0
1433153476379 1 547.0
1433153478373 0 490.0
1433153476754 0 8.0
1433153476753 1 519.0
1433153476481 1 547.0
1433153478474 0 490.0
1433153476854 0 8.0
1433153476853 1 519.0
1433153476583 1 547.0
1433153478575 0 490.0
1433153476954 0 8.0
1433153476954 1 519.0
1433153476685 1 547.0
1433153478676 0 490.0
1433153477056 0 8.0
1433153477055 1 519.0
1433153476787 1 547.0
1433153478777 0 490.0
1433153477158 0 8.0
1433153477157 1 519.0
1433153476887 1 547.0
1433153478880 0 490.0
1433153477259 0 8.0
1433153477258 1 519.0
1433153476988 1 547.0
1433153478981 0 490.0
1433153477361 0 8.0
1433153477358 1 519.0
1433153477089 1 547.0
1433153479082 0 490.0
1433153477462 0 8.0
1433153477458 1 519.0
1433153477190 1 547.0
1433153479184 0 490.0
1433153477563 0 8.0
1433153477559 1 519.0
1433153477291 1 547.0
1433153479286 0 490.0
1433153477665 0 8.0
1433153477658 1 519.0
1433153477392 1 547.0
1433153479387 0 490.0
1433153477767 0 8.0
1433153477759 1 519.0
1433153477494 1 547.0
1433153479489 0 490.0
1433153477869 0 8.0
1433153477859 1 519.0
1433153477596 1 547.0
1433153479590 0 490.0
1433153477970 0 8.0
1433153477960 1 519.0
1433153477697 1 547.0
1433153479691 0 490.0
1433153478060 1 519.0
1433153477799 1 547.0
1433153479792 0 490.0
1433153478161 1 519.0
1433153478070 0 8.0
1433153478171 0 8.0
1433153477901 1 547.0
1433153479893 0 490.0
1433153478273 0 8.0
1433153479995 0 490.0
1433153478374 0 8.0
1433153478262 1 519.0
1433153478361 1 519.0
1433153480097 0 490.0
1433153478001 1 547.0
1433153478102 1 547.0
1433153478476 0 8.0
1433153478204 1 547.0
1433153480198 0 490.0
1433153478578 0 8.0
1433153478462 1 519.0
1433153478306 1 547.0
1433153480300 0 490.0
1433153478562 1 519.0
1433153478408 1 547.0
1433153480401 0 490.0
1433153478662 1 519.0
1433153478678 0 8.0
1433153478780 0 8.0
1433153480503 0 490.0
1433153478763 1 519.0
1433153478881 0 8.0
1433153480604 0 490.0
1433153478508 1 547.0
1433153478609 1 547.0
1433153478863 1 519.0
1433153478983 0 8.0
1433153478711 1 547.0
1433153480706 0 490.0
1433153478963 1 519.0
1433153479084 0 8.0
1433153478812 1 547.0
1433153480807 0 490.0
1433153479063 1 519.0
1433153479186 0 8.0
1433153478914 1 547.0
1433153480909 0 490.0
1433153479163 1 519.0
1433153479288 0 8.0
1433153479016 1 547.0
1433153481010 0 490.0
1433153479264 1 519.0
1433153479389 0 8.0
1433153479118 1 547.0
1433153481111 0 490.0
1433153479364 1 519.0
1433153479491 0 8.0
1433153479220 1 547.0
1433153481213 0 490.0
1433153479465 1 519.0
1433153479593 0 8.0
1433153479322 1 547.0
1433153481314 0 490.0
1433153479565 1 519.0
1433153479693 0 8.0
1433153479423 1 547.0
1433153481414 0 490.0
1433153479665 1 519.0
1433153479794 0 8.0
1433153479525 1 547.0
1433153481515 0 490.0
1433153479765 1 519.0
1433153479895 0 17.0
1433153479627 1 547.0
1433153481616 0 490.0
1433153479865 1 519.0
1433153479996 0 101.0
1433153481718 0 490.0
1433153479729 1 547.0
1433153479966 1 519.0
1433153480097 0 87.0
1433153481820 0 490.0
1433153479831 1 547.0
1433153480067 1 476.0
1433153480167 1 476.0
1433153480199 0 117.0
1433153481922 0 490.0
1433153479933 1 547.0
1433153480301 0 127.0
1433153480034 1 547.0
1433153482022 0 490.0
1433153480267 1 476.0
1433153480367 1 476.0
1433153480401 0 350.0
1433153482124 0 490.0
1433153480136 1 547.0
1433153480503 0 73.0
1433153480238 1 547.0
1433153482226 0 490.0
1433153480467 1 476.0
1433153480567 1 476.0
1433153480603 0 35.0
1433153482327 0 490.0
1433153480339 1 547.0
1433153480704 0 2.0
1433153482429 0 490.0
1433153480441 1 547.0
1433153480668 1 476.0
1433153480804 0 3.0
1433153482531 0 490.0
1433153480542 1 547.0
1433153480768 1 476.0
1433153480906 0 3.0
1433153480643 1 547.0
1433153482633 0 490.0
1433153480868 1 476.0
1433153481009 0 3.0
1433153482734 0 490.0
1433153480745 1 547.0
1433153480968 1 476.0
1433153481068 1 476.0
1433153481111 0 3.0
1433153482835 0 490.0
1433153480846 1 547.0
1433153481169 1 476.0
1433153481213 0 3.0
1433153480948 1 547.0
1433153482937 0 490.0
1433153481269 1 476.0
1433153481048 1 547.0
1433153483040 0 490.0
1433153481313 0 3.0
1433153481413 0 3.0
1433153481150 1 547.0
1433153483141 0 490.0
1433153481370 1 476.0
1433153481513 0 3.0
1433153483242 0 490.0
1433153481470 1 476.0
1433153481613 0 3.0
1433153481250 1 547.0
1433153481351 1 547.0
1433153483344 0 490.0
1433153481571 1 476.0
1433153481714 0 3.0
1433153481451 1 547.0
1433153483446 0 490.0
1433153481671 1 476.0
1433153481814 0 3.0
1433153481553 1 547.0
1433153483547 0 490.0
1433153481771 1 476.0
1433153481915 0 3.0
1433153481654 1 547.0
1433153483648 0 490.0
1433153481871 1 476.0
1433153481755 1 547.0
1433153483750 0 490.0
1433153481971 1 476.0
1433153482016 0 3.0
1433153481856 1 547.0
1433153483852 0 490.0
1433153482071 1 476.0
1433153482116 0 3.0
1433153482217 0 3.0
1433153481957 1 547.0
1433153483953 0 490.0
1433153482171 1 476.0
1433153482319 0 3.0
1433153482058 1 547.0
1433153484054 0 490.0
1433153482271 1 476.0
1433153482419 0 3.0
1433153482160 1 547.0
1433153484156 0 490.0
1433153482372 1 476.0
1433153482520 0 3.0
1433153482261 1 547.0
1433153484257 0 490.0
1433153482472 1 476.0
1433153482622 0 3.0
1433153482362 1 547.0
1433153484359 0 490.0
1433153482573 1 476.0
1433153482722 0 3.0
1433153482462 1 547.0
1433153484461 0 490.0
1433153482673 1 476.0
1433153482823 0 3.0
1433153482564 1 547.0
1433153484561 0 490.0
1433153482774 1 476.0
1433153482924 0 3.0
1433153482665 1 547.0
1433153484663 0 490.0
1433153482874 1 476.0
1433153483024 0 3.0
1433153482766 1 547.0
1433153484764 0 490.0
1433153482975 1 476.0
1433153483126 0 3.0
1433153482867 1 547.0
1433153484866 0 490.0
1433153483075 1 476.0
1433153483229 0 3.0
1433153482969 1 547.0
1433153484968 0 490.0
1433153483175 1 476.0
1433153483331 0 3.0
1433153483070 1 547.0
1433153485070 0 490.0
1433153483275 1 476.0
1433153483172 1 547.0
1433153485169 0 490.0
1433153483375 1 476.0
1433153483432 0 3.0
1433153483273 1 547.0
1433153485270 0 490.0
1433153483475 1 476.0
1433153483532 0 3.0
1433153483633 0 3.0
1433153483375 1 547.0
1433153485371 0 490.0
1433153483575 1 476.0
1433153483733 0 3.0
1433153483476 1 547.0
1433153485473 0 490.0
1433153483675 1 476.0
1433153483835 0 3.0
1433153483578 1 547.0
1433153485573 0 490.0
1433153483775 1 476.0
1433153483936 0 3.0
1433153483680 1 547.0
1433153485674 0 490.0
1433153483875 1 476.0
1433153484037 0 3.0
1433153483782 1 547.0
1433153485775 0 490.0
1433153483976 1 476.0
1433153484138 0 3.0
1433153483883 1 547.0
1433153485876 0 490.0
1433153484076 1 476.0
1433153484239 0 3.0
1433153483986 1 547.0
1433153485977 0 490.0
1433153484176 1 476.0
1433153484340 0 3.0
1433153484087 1 547.0
1433153486078 0 490.0
1433153484277 1 476.0
1433153484441 0 3.0
1433153484188 1 547.0
1433153484377 1 476.0
1433153484289 1 547.0
1433153486180 0 490.0
1433153484477 1 476.0
1433153484542 0 3.0
1433153484390 1 547.0
1433153486280 0 490.0
1433153486381 0 490.0
1433153484577 1 476.0
1433153484642 0 3.0
1433153484743 0 3.0
1433153484491 1 547.0
1433153486483 0 490.0
1433153484678 1 476.0
1433153484845 0 3.0
1433153484593 1 547.0
1433153486583 0 490.0
1433153484778 1 476.0
1433153484946 0 3.0
1433153484695 1 547.0
1433153486685 0 490.0
1433153484879 1 476.0
1433153485047 0 3.0
1433153484979 1 476.0
1433153484796 1 547.0
1433153486787 0 490.0
1433153485149 0 3.0
1433153484897 1 547.0
1433153485080 1 476.0
1433153486888 0 490.0
1433153485249 0 3.0
1433153485180 1 476.0
1433153484997 1 547.0
1433153486990 0 490.0
1433153485351 0 3.0
1433153485280 1 476.0
1433153485099 1 547.0
1433153487091 0 490.0
1433153485452 0 3.0
1433153485380 1 476.0
1433153485200 1 547.0
1433153487193 0 490.0
1433153485553 0 3.0
1433153485480 1 476.0
1433153485301 1 547.0
1433153487294 0 490.0
1433153485654 0 3.0
1433153485580 1 476.0
1433153485403 1 547.0
1433153487395 0 490.0
1433153485755 0 3.0
1433153485680 1 476.0
1433153485505 1 547.0
1433153487496 0 490.0
1433153485856 0 3.0
1433153485780 1 476.0
1433153487597 0 490.0
1433153485607 1 547.0
1433153485957 0 3.0
1433153485880 1 476.0
1433153487698 0 490.0
1433153485709 1 547.0
1433153486061 0 3.0
1433153485981 1 476.0
1433153487799 0 490.0
1433153485811 1 547.0
1433153486162 0 3.0
1433153486081 1 476.0
1433153487900 0 490.0
1433153485913 1 547.0
1433153486264 0 3.0
1433153486181 1 476.0
1433153488001 0 490.0
1433153486015 1 547.0
1433153486365 0 3.0
1433153486281 1 476.0
1433153488103 0 490.0
1433153486117 1 547.0
1433153486465 0 3.0
1433153486381 1 476.0
1433153488205 0 490.0
1433153486219 1 547.0
1433153486567 0 3.0
1433153486481 1 476.0
1433153488306 0 490.0
1433153486321 1 547.0
1433153486668 0 3.0
1433153486582 1 476.0
1433153488407 0 490.0
1433153486423 1 547.0
1433153486769 0 3.0
1433153486682 1 476.0
1433153488509 0 490.0
1433153486525 1 547.0
1433153486782 1 476.0
1433153488610 0 490.0
1433153486627 1 547.0
1433153486870 0 3.0
1433153486882 1 476.0
1433153488711 0 490.0
1433153486729 1 547.0
1433153486970 0 3.0
1433153486982 1 476.0
1433153488812 0 490.0
1433153486831 1 547.0
1433153487071 0 3.0
1433153487172 0 3.0
1433153487082 1 476.0
1433153488913 0 490.0
1433153486933 1 547.0
1433153487273 0 3.0
1433153487182 1 476.0
1433153489015 0 490.0
1433153487035 1 547.0
1433153487374 0 3.0
1433153487282 1 476.0
1433153489117 0 490.0
1433153487137 1 547.0
1433153487475 0 3.0
1433153487382 1 476.0
1433153489219 0 490.0
1433153487238 1 547.0
1433153487576 0 3.0
1433153487483 1 476.0
1433153487340 1 547.0
1433153487677 0 3.0
1433153487583 1 476.0
1433153487441 1 547.0
1433153489319 0 490.0
1433153489419 0 490.0
1433153487778 0 3.0
1433153487683 1 476.0
1433153489521 0 490.0
1433153487543 1 547.0
1433153487880 0 3.0
1433153487783 1 476.0
1433153489621 0 490.0
1433153487646 1 547.0
1433153487982 0 3.0
1433153487884 1 476.0
1433153489722 0 490.0
1433153487747 1 547.0
1433153488084 0 3.0
1433153487985 1 476.0
1433153489824 0 490.0
1433153487847 1 547.0
1433153488185 0 3.0
1433153488085 1 476.0
1433153489926 0 490.0
1433153487949 1 547.0
1433153488287 0 3.0
1433153488185 1 476.0
1433153490027 0 490.0
1433153488049 1 547.0
1433153488387 0 3.0
1433153488285 1 476.0
1433153490129 0 490.0
1433153488151 1 547.0
1433153488386 1 476.0
1433153490231 0 490.0
1433153488251 1 547.0
1433153488487 1 476.0
1433153488490 0 3.0
1433153490332 0 490.0
1433153488353 1 547.0
1433153488591 0 3.0
1433153488587 1 476.0
1433153490434 0 490.0
1433153488455 1 547.0
1433153488693 0 3.0
1433153488687 1 476.0
1433153490536 0 490.0
1433153488557 1 547.0
1433153488793 0 3.0
1433153488787 1 476.0
1433153490638 0 490.0
1433153488658 1 547.0
1433153488894 0 3.0
1433153488888 1 476.0
1433153490740 0 490.0
1433153488759 1 547.0
1433153488994 0 3.0
1433153488988 1 476.0
1433153490841 0 490.0
1433153488860 1 547.0
1433153489095 0 3.0
1433153489089 1 476.0
1433153490943 0 490.0
1433153488962 1 547.0
1433153489189 1 476.0
1433153489195 0 3.0
1433153489296 0 3.0
1433153491045 0 490.0
1433153489063 1 547.0
1433153489289 1 476.0
1433153489397 0 3.0
1433153491147 0 490.0
1433153489165 1 547.0
1433153489390 1 476.0
1433153489499 0 3.0
1433153491249 0 490.0
1433153489266 1 547.0
1433153489490 1 476.0
1433153489601 0 3.0
1433153491349 0 490.0
1433153489368 1 547.0
1433153489590 1 476.0
1433153489702 0 3.0
1433153491450 0 490.0
1433153489469 1 547.0
1433153489690 1 476.0
1433153489802 0 3.0
1433153491551 0 490.0
1433153489570 1 547.0
1433153489790 1 476.0
1433153489903 0 3.0
1433153491652 0 490.0
1433153489671 1 547.0
1433153489890 1 476.0
1433153490005 0 3.0
1433153491753 0 490.0
1433153489772 1 547.0
1433153489990 1 476.0
1433153490106 0 3.0
1433153491854 0 490.0
1433153489873 1 547.0
1433153490090 1 476.0
1433153490208 0 3.0
1433153491956 0 490.0
1433153489975 1 547.0
1433153490190 1 476.0
1433153490310 0 3.0
1433153492058 0 490.0
1433153490076 1 547.0
1433153490290 1 476.0
1433153490412 0 3.0
1433153492160 0 490.0
1433153490176 1 547.0
1433153490391 1 476.0
1433153490514 0 3.0
1433153492263 0 490.0
1433153490277 1 547.0
1433153490491 1 476.0
1433153490616 0 3.0
1433153492364 0 490.0
1433153490378 1 547.0
1433153490591 1 476.0
1433153490718 0 3.0
1433153492465 0 490.0
1433153490479 1 547.0
1433153490691 1 476.0
1433153490820 0 3.0
1433153490580 1 547.0
1433153492568 0 490.0
1433153490791 1 476.0
1433153490921 0 3.0
1433153492668 0 490.0
1433153490681 1 547.0
1433153490891 1 476.0
1433153491022 0 3.0
1433153492769 0 490.0
1433153490782 1 547.0
1433153490992 1 476.0
1433153492870 0 490.0
1433153490885 1 547.0
1433153491092 1 476.0
1433153491122 0 3.0
1433153491224 0 3.0
1433153492970 0 490.0
1433153490987 1 547.0
1433153491192 1 476.0
1433153491293 1 476.0
1433153491326 0 3.0
1433153493071 0 490.0
1433153491088 1 547.0
1433153491393 1 476.0
1433153491428 0 3.0
1433153493171 0 490.0
1433153491189 1 547.0
1433153491493 1 476.0
1433153491530 0 3.0
1433153493272 0 490.0
1433153491290 1 547.0
1433153491593 1 476.0
1433153491631 0 3.0
1433153493372 0 490.0
1433153491392 1 547.0
1433153491693 1 476.0
1433153491733 0 3.0
1433153493472 0 490.0
1433153491493 1 547.0
1433153491793 1 476.0
1433153493574 0 490.0
1433153491595 1 547.0
1433153491893 1 476.0
1433153491833 0 3.0
1433153491933 0 3.0
1433153493676 0 490.0
1433153491696 1 547.0
1433153491994 1 476.0
1433153492033 0 3.0
1433153493777 0 490.0
1433153491798 1 547.0
1433153492094 1 476.0
1433153492135 0 3.0
1433153493878 0 490.0
1433153491900 1 547.0
1433153492194 1 476.0
1433153492236 0 3.0
1433153493979 0 490.0
1433153492001 1 547.0
1433153492294 1 476.0
1433153492338 0 3.0
1433153494081 0 490.0
1433153492103 1 547.0
1433153492394 1 476.0
1433153492439 0 3.0
1433153494182 0 490.0
1433153492205 1 547.0
1433153492494 1 476.0
1433153492540 0 3.0
1433153494284 0 490.0
1433153492306 1 547.0
1433153492595 1 476.0
1433153492641 0 3.0
1433153494386 0 490.0
1433153492408 1 547.0
1433153492694 1 476.0
1433153492742 0 3.0
1433153494487 0 490.0
1433153492509 1 547.0
1433153492795 1 476.0
1433153492844 0 3.0
1433153494589 0 490.0
1433153492611 1 547.0
1433153492895 1 476.0
1433153492946 0 3.0
1433153494691 0 490.0
1433153492713 1 547.0
1433153492996 1 476.0
1433153493048 0 3.0
1433153494793 0 490.0
1433153492815 1 547.0
1433153493097 1 476.0
1433153493149 0 3.0
1433153494895 0 490.0
1433153492917 1 547.0
1433153493197 1 476.0
1433153493250 0 3.0
1433153494997 0 490.0
1433153493018 1 547.0
1433153493352 0 3.0
1433153495099 0 490.0
1433153493119 1 547.0
1433153493297 1 476.0
1433153493397 1 476.0
1433153493453 0 3.0
1433153495201 0 490.0
1433153493220 1 547.0
1433153493555 0 3.0
1433153495302 0 490.0
1433153493498 1 476.0
1433153493322 1 547.0
1433153493657 0 3.0
1433153495404 0 490.0
1433153493598 1 476.0
1433153493424 1 547.0
1433153493756 0 3.0
1433153495505 0 490.0
1433153493698 1 476.0
1433153493525 1 547.0
1433153493858 0 3.0
