1433150389568 1 125.0
1433150391579 0 561.0
1433150389669 1 125.0
1433150391679 0 561.0
1433150389771 1 125.0
1433150391780 0 561.0
1433150389873 1 125.0
1433150391880 0 561.0
1433150389975 1 125.0
1433150391981 0 561.0
1433150390076 1 125.0
1433150392082 0 561.0
1433150390177 1 125.0
1433150392183 0 561.0
1433150390278 1 125.0
1433150392284 0 561.0
1433150390378 1 196.0
1433150392385 0 561.0
1433150390479 1 210.0
1433150392486 0 561.0
1433150390581 1 196.0
1433150392587 0 561.0
1433150390682 1 308.0
1433150392689 0 561.0
1433150390782 1 449.0
1433150392790 0 561.0
1433150390882 1 533.0
1433150392891 0 561.0
1433150390985 1 603.0
1433150392992 0 561.0
1433150391086 1 617.0
1433150393093 0 561.0
1433150391187 1 617.0
1433150393195 0 561.0
1433150391289 1 617.0
1433150393296 0 561.0
1433150393398 0 631.0
1433150391389 1 617.0
1433150391489 1 617.0
1433150391590 1 617.0
1433150393498 0 898.0
1433150393599 0 1067.0
1433150391692 1 617.0
1433150393700 0 1011.0
1433150391794 1 617.0
1433150393801 0 1011.0
1433150391896 1 674.0
1433150393901 0 1011.0
1433150391997 1 674.0
1433150392098 1 674.0
1433150394002 0 1503.0
1433150392199 1 730.0
1433150394102 0 2263.0
1433150392301 1 730.0
1433150394203 0 3121.0
1433150392403 1 800.0
1433150394305 0 3388.0
1433150394406 0 3613.0
1433150392505 1 800.0
1433150394507 0 3923.0
1433150392607 1 800.0
1433150394608 0 4373.0
1433150392709 1 800.0
1433150394709 0 4837.0
1433150392811 1 800.0
1433150394809 0 5231.0
1433150392912 1 800.0
1433150394910 0 5625.0
1433150393014 1 800.0
1433150395011 0 5625.0
1433150393114 1 800.0
1433150395112 0 5977.0
1433150393215 1 800.0
1433150395213 0 5077.0
1433150393317 1 800.0
1433150395315 0 2642.0
1433150393419 1 800.0
1433150395417 0 489.0
1433150393520 1 687.0
1433150395517 0 233.0
1433150393622 1 687.0
1433150395617 0 233.0
1433150393724 1 687.0
1433150395718 0 107.0
1433150393825 1 631.0
1433150395818 0 32.0
1433150393926 1 575.0
1433150395918 0 23.0
1433150394027 1 463.0
1433150396018 0 21.0
1433150394127 1 3.0
1433150396119 0 21.0
1433150396220 0 24.0
1433150394228 1 2.0
1433150394328 1 2.0
1433150396320 0 27.0
1433150396421 0 27.0
1433150394428 1 2.0
1433150394528 1 3.0
1433150396523 0 27.0
1433150394628 1 3.0
1433150396624 0 27.0
1433150394729 1 3.0
1433150396725 0 19.0
1433150394830 1 3.0
1433150396826 0 5.0
1433150394931 1 3.0
1433150396927 0 5.0
1433150395032 1 3.0
1433150397027 0 2.0
1433150395134 1 3.0
1433150397128 0 2.0
1433150395240 1 3.0
1433150397228 0 2.0
1433150397330 0 2.0
1433150395340 1 3.0
1433150395440 1 3.0
1433150397431 0 2.0
1433150397532 0 2.0
1433150395541 1 3.0
1433150397633 0 2.0
1433150395642 1 3.0
1433150397734 0 2.0
1433150395742 1 3.0
1433150397834 0 2.0
1433150395843 1 3.0
1433150397934 0 38.0
1433150395943 1 3.0
1433150398035 0 159.0
1433150396044 1 3.0
1433150398135 0 159.0
1433150396144 1 3.0
1433150398235 0 372.0
1433150396244 1 3.0
1433150396344 1 3.0
1433150398336 0 3079.0
1433150396445 1 3.0
1433150398437 0 5442.0
1433150396547 1 3.0
1433150398538 0 6723.0
1433150396647 1 3.0
1433150398639 0 7750.0
1433150396748 1 3.0
1433150398738 0 7750.0
1433150396850 1 3.0
1433150398838 0 6005.0
1433150396951 1 3.0
1433150398939 0 362.0
1433150397051 1 3.0
1433150399039 0 232.0
1433150397153 1 3.0
1433150399140 0 149.0
1433150397254 1 3.0
1433150399240 0 41.0
1433150397354 1 3.0
1433150399340 0 13.0
1433150397455 1 3.0
1433150399440 0 2.0
1433150397557 1 3.0
1433150399540 0 2.0
1433150397659 1 3.0
1433150399641 0 2.0
1433150397760 1 3.0
1433150399741 0 2.0
1433150397861 1 3.0
1433150399841 0 2.0
1433150397963 1 3.0
1433150399941 0 2.0
1433150398064 1 3.0
1433150400042 0 2.0
1433150398166 1 3.0
1433150400142 0 40.0
1433150398268 1 3.0
1433150400243 0 157.0
1433150398369 1 3.0
1433150400343 0 233.0
1433150398470 1 3.0
1433150400443 0 249.0
1433150398571 1 3.0
1433150400544 0 3008.0
1433150398672 1 3.0
1433150400646 0 6357.0
1433150398773 1 317.0
1433150400746 0 7088.0
1433150398873 1 758.0
1433150400847 0 2558.0
1433150398973 1 800.0
1433150400949 0 232.0
1433150401049 0 232.0
1433150399073 1 800.0
1433150401150 0 98.0
1433150399174 1 800.0
1433150401250 0 20.0
1433150399275 1 800.0
1433150399376 1 856.0
1433150401350 0 2.0
1433150399475 1 1123.0
1433150401450 0 3.0
1433150399577 1 1588.0
1433150401551 0 2.0
1433150401652 0 2.0
1433150399678 1 1714.0
1433150401754 0 2.0
1433150399778 1 1503.0
1433150399879 1 1630.0
1433150401856 0 2.0
1433150399981 1 1630.0
1433150401956 0 2.0
1433150400081 1 1630.0
1433150402056 0 2.0
1433150402156 0 2.0
1433150400182 1 1630.0
1433150402256 0 2.0
1433150400284 1 1630.0
1433150402357 0 2.0
1433150400384 1 1630.0
1433150402458 0 26.0
1433150400484 1 1630.0
1433150400585 1 1630.0
1433150402560 0 194.0
1433150400687 1 1630.0
1433150402661 0 389.0
1433150400789 1 1630.0
1433150402762 0 643.0
1433150400891 1 1630.0
1433150402863 0 1770.0
1433150400991 1 1757.0
1433150402964 0 4373.0
1433150401092 1 1757.0
1433150403065 0 7088.0
1433150401193 1 1883.0
1433150403166 0 8284.0
1433150401293 1 1883.0
1433150403267 0 7806.0
1433150401395 1 2066.0
1433150403368 0 2234.0
1433150401497 1 2066.0
1433150403469 0 228.0
1433150401598 1 2207.0
1433150403569 0 164.0
1433150401699 1 2207.0
1433150403670 0 110.0
1433150401801 1 2207.0
1433150403771 0 23.0
1433150401902 1 2207.0
1433150403873 0 10.0
1433150402003 1 2207.0
1433150403974 0 2.0
1433150402103 1 2390.0
1433150404075 0 2.0
1433150402204 1 2390.0
1433150404177 0 2.0
1433150402305 1 2390.0
1433150404277 0 2.0
1433150402407 1 2390.0
1433150404378 0 2.0
1433150402508 1 2390.0
1433150404479 0 2.0
1433150402610 1 2390.0
1433150404580 0 2.0
1433150402712 1 2573.0
1433150404681 0 2.0
1433150402813 1 2573.0
1433150404780 0 2.0
1433150402915 1 2573.0
1433150404881 0 2.0
1433150403016 1 2573.0
1433150404981 0 2.0
1433150403117 1 2573.0
1433150405082 0 2.0
1433150403218 1 2573.0
1433150405182 0 2.0
1433150403319 1 2573.0
1433150405282 0 2.0
1433150403420 1 2573.0
1433150405382 0 2.0
1433150403521 1 2573.0
1433150405483 0 2.0
1433150403622 1 2573.0
1433150405583 0 2.0
1433150403724 1 2573.0
1433150405685 0 2.0
1433150403825 1 2573.0
1433150405787 0 2.0
1433150403927 1 2573.0
1433150405889 0 2.0
1433150404028 1 2573.0
1433150405989 0 39.0
1433150404128 1 2573.0
1433150406090 0 163.0
1433150404229 1 2573.0
1433150406190 0 375.0
1433150404331 1 2573.0
1433150406290 0 1207.0
1433150404433 1 2573.0
1433150406390 0 4486.0
1433150404535 1 2573.0
1433150406491 0 7159.0
1433150404636 1 2573.0
1433150406592 0 6497.0
1433150404737 1 2573.0
1433150406693 0 5976.0
1433150404838 1 2573.0
1433150406794 0 6342.0
1433150404940 1 2573.0
1433150406896 0 6792.0
1433150406998 0 6314.0
1433150405041 1 2573.0
1433150405143 1 2573.0
1433150407099 0 5301.0
1433150405244 1 2573.0
1433150407201 0 5301.0
1433150405345 1 2573.0
1433150407301 0 4879.0
1433150405446 1 2573.0
1433150407403 0 4879.0
1433150405548 1 2573.0
1433150407503 0 5245.0
1433150405649 1 2573.0
1433150407604 0 5245.0
1433150405750 1 2573.0
1433150407706 0 5541.0
1433150405851 1 2573.0
1433150407808 0 5541.0
1433150405953 1 2573.0
1433150407910 0 5864.0
1433150406054 1 2573.0
1433150408011 0 5864.0
1433150406156 1 2573.0
1433150408112 0 6357.0
1433150408213 0 6737.0
1433150406256 1 2573.0
1433150406359 1 2573.0
1433150408314 0 6737.0
1433150406460 1 2573.0
1433150408416 0 6737.0
1433150406562 1 2573.0
1433150408517 0 6737.0
1433150406663 1 2573.0
1433150408618 0 7102.0
1433150406764 1 2573.0
1433150408719 0 7102.0
1433150406865 1 2573.0
1433150408819 0 7102.0
1433150406967 1 2573.0
1433150408921 0 7553.0
1433150407069 1 2573.0
1433150409021 0 7553.0
1433150407171 1 2573.0
1433150409123 0 7553.0
1433150409224 0 7553.0
1433150407272 1 2573.0
1433150407372 1 2573.0
1433150409327 0 7553.0
1433150407473 1 2573.0
1433150409428 0 7975.0
1433150407575 1 2573.0
1433150409529 0 7975.0
1433150407676 1 2573.0
1433150409629 0 7975.0
1433150407778 1 2573.0
1433150409731 0 7975.0
1433150407879 1 2573.0
1433150409832 0 8425.0
1433150407981 1 2573.0
1433150409934 0 8425.0
1433150408081 1 2573.0
1433150410036 0 8425.0
1433150408182 1 2573.0
1433150410136 0 8903.0
1433150408284 1 2573.0
1433150410237 0 8903.0
1433150408385 1 2573.0
1433150410338 0 8903.0
1433150408486 1 2573.0
1433150410438 0 8903.0
1433150408588 1 2573.0
1433150410539 0 8903.0
1433150408689 1 2573.0
1433150410640 0 8903.0
1433150408792 1 2573.0
1433150410742 0 8903.0
1433150408892 1 2334.0
1433150410843 0 8903.0
1433150408993 1 2052.0
1433150410945 0 6736.0
1433150409094 1 1954.0
1433150411046 0 278.0
1433150409196 1 1729.0
1433150411147 0 193.0
1433150409298 1 1504.0
1433150411248 0 100.0
1433150409399 1 1250.0
1433150411349 0 59.0
1433150409501 1 1152.0
1433150411450 0 10.0
1433150409602 1 884.0
1433150411552 0 2.0
1433150409704 1 828.0
1433150411653 0 2.0
1433150409805 1 716.0
1433150411753 0 2.0
1433150409906 1 688.0
1433150411854 0 2.0
1433150410007 1 688.0
1433150411956 0 2.0
1433150410109 1 645.0
1433150412057 0 2.0
1433150410209 1 645.0
1433150412157 0 3.0
1433150410310 1 547.0
1433150412258 0 3.0
1433150410411 1 547.0
1433150412359 0 3.0
1433150410512 1 547.0
1433150412459 0 2.0
1433150410614 1 547.0
1433150412560 0 3.0
1433150410716 1 547.0
1433150412664 0 4.0
1433150410817 1 505.0
1433150412765 0 4.0
1433150410919 1 505.0
1433150412866 0 3.0
1433150411020 1 533.0
1433150412967 0 4.0
1433150411121 1 575.0
1433150413067 0 5.0
1433150411223 1 575.0
1433150413167 0 5.0
1433150411324 1 547.0
1433150413268 0 6.0
1433150411425 1 308.0
1433150413370 0 73.0
1433150411526 1 378.0
1433150413471 0 227.0
1433150413571 0 233.0
1433150411626 1 589.0
1433150411726 1 589.0
1433150413673 0 1263.0
1433150411827 1 603.0
1433150413774 0 5091.0
1433150411930 1 603.0
1433150413876 0 6484.0
1433150412031 1 603.0
1433150413977 0 6807.0
1433150412133 1 603.0
1433150414078 0 6807.0
1433150412236 1 603.0
1433150414179 0 6807.0
1433150412338 1 603.0
1433150414281 0 6807.0
1433150412438 1 603.0
1433150414382 0 6807.0
1433150412539 1 603.0
1433150414483 0 6807.0
1433150412638 1 603.0
1433150414583 0 6807.0
1433150412739 1 603.0
1433150414683 0 6807.0
1433150412839 1 603.0
1433150414784 0 7229.0
1433150412941 1 603.0
1433150414886 0 7229.0
1433150414987 0 7229.0
1433150413042 1 603.0
1433150415089 0 7229.0
1433150413142 1 603.0
1433150415191 0 7229.0
1433150413243 1 603.0
1433150413344 1 603.0
1433150415291 0 7229.0
1433150413444 1 603.0
1433150415392 0 7229.0
1433150413546 1 603.0
1433150415494 0 7229.0
1433150413646 1 603.0
1433150415595 0 2487.0
1433150413747 1 603.0
1433150415696 0 218.0
1433150413848 1 603.0
1433150415798 0 137.0
1433150413950 1 603.0
1433150415899 0 35.0
1433150414051 1 603.0
1433150415999 0 17.0
1433150414153 1 603.0
1433150416100 0 10.0
1433150414254 1 603.0
1433150416201 0 2.0
1433150414356 1 603.0
1433150416302 0 4.0
1433150414456 1 603.0
1433150416403 0 4.0
1433150414558 1 603.0
1433150416504 0 4.0
1433150414659 1 603.0
1433150416605 0 4.0
1433150414760 1 603.0
1433150416706 0 3.0
1433150414861 1 603.0
1433150416807 0 6.0
1433150414962 1 603.0
1433150416908 0 13.0
1433150415063 1 603.0
1433150417009 0 127.0
1433150415165 1 603.0
1433150417110 0 175.0
1433150415265 1 603.0
1433150417211 0 227.0
1433150415367 1 603.0
1433150417312 0 377.0
1433150415468 1 603.0
1433150417414 0 3655.0
1433150415570 1 603.0
1433150417515 0 6371.0
1433150415671 1 603.0
1433150417617 0 4204.0
1433150415773 1 603.0
1433150417718 0 3613.0
1433150415874 1 603.0
1433150417817 0 4795.0
1433150415976 1 603.0
1433150417918 0 5371.0
1433150418018 0 5864.0
1433150416076 1 603.0
1433150416176 1 603.0
1433150418119 0 6722.0
1433150416277 1 603.0
1433150418220 0 249.0
1433150416379 1 603.0
1433150418320 0 191.0
1433150416480 1 603.0
1433150418419 0 67.0
1433150416582 1 603.0
1433150418520 0 33.0
1433150416684 1 603.0
1433150418621 0 13.0
1433150416787 1 603.0
1433150418722 0 7.0
1433150416889 1 603.0
1433150418824 0 2.0
1433150416990 1 603.0
1433150418924 0 4.0
1433150417090 1 603.0
1433150419025 0 4.0
1433150417191 1 603.0
1433150419125 0 9.0
1433150417293 1 603.0
1433150419226 0 94.0
1433150417393 1 603.0
1433150419326 0 182.0
1433150417495 1 603.0
1433150419426 0 243.0
1433150417597 1 603.0
1433150419528 0 235.0
1433150417698 1 603.0
1433150419628 0 743.0
1433150417800 1 603.0
1433150419729 0 3866.0
1433150417902 1 603.0
1433150419830 0 8073.0
1433150418003 1 603.0
1433150419930 0 5034.0
1433150418104 1 603.0
1433150420030 0 263.0
1433150418205 1 603.0
1433150420131 0 230.0
1433150418307 1 603.0
1433150420231 0 82.0
1433150418408 1 603.0
1433150420332 0 39.0
1433150418510 1 603.0
1433150420433 0 13.0
1433150418611 1 603.0
1433150420534 0 3.0
1433150418712 1 603.0
1433150420635 0 7.0
1433150418814 1 603.0
1433150420736 0 5.0
1433150418916 1 603.0
1433150420836 0 5.0
1433150420937 0 6.0
1433150419017 1 603.0
1433150419118 1 603.0
1433150421037 0 7.0
1433150421137 0 7.0
1433150421237 0 10.0
1433150419218 1 603.0
1433150419320 1 603.0
1433150421338 0 95.0
1433150419421 1 603.0
1433150421438 0 345.0
1433150421538 0 518.0
1433150419522 1 603.0
1433150419623 1 603.0
1433150421640 0 477.0
1433150419724 1 603.0
1433150421741 0 477.0
1433150419826 1 603.0
1433150421842 0 477.0
1433150419928 1 603.0
1433150421944 0 477.0
1433150420029 1 603.0
1433150422045 0 434.0
1433150420130 1 603.0
1433150422146 0 434.0
1433150420232 1 603.0
1433150422247 0 434.0
1433150420334 1 603.0
1433150422349 0 434.0
1433150420435 1 603.0
1433150422449 0 434.0
1433150420536 1 603.0
1433150422551 0 434.0
1433150420637 1 603.0
1433150422653 0 364.0
1433150420738 1 603.0
1433150422755 0 364.0
1433150420838 1 603.0
1433150422857 0 364.0
1433150420940 1 603.0
1433150422958 0 364.0
1433150423058 0 364.0
1433150421040 1 603.0
1433150421140 1 603.0
1433150423159 0 364.0
1433150421241 1 603.0
1433150423261 0 364.0
1433150421343 1 603.0
1433150423363 0 364.0
1433150421445 1 603.0
1433150423463 0 364.0
1433150421547 1 603.0
1433150423565 0 364.0
1433150421648 1 603.0
1433150423666 0 420.0
1433150421749 1 603.0
