1433149266154 1 617.0
1433149266255 1 617.0
1433149266357 1 617.0
1433149266458 1 617.0
1433149266559 1 617.0
1433149266660 1 617.0
1433149266760 1 617.0
1433149266860 1 617.0
1433149266961 1 617.0
1433149267063 1 617.0
1433149267165 1 617.0
1433149267267 1 617.0
1433149267866 0 560.0
1433149267968 0 560.0
1433149268070 0 560.0
1433149268172 0 560.0
1433149268273 0 560.0
1433149268375 0 560.0
1433149268477 0 560.0
1433149268578 0 560.0
1433149268679 0 560.0
1433149268780 0 560.0
1433149268882 0 560.0
1433149268985 0 560.0
1433149269087 0 560.0
1433149269188 0 560.0
1433149269289 0 560.0
1433149269390 0 560.0
1433149267369 1 617.0
1433149269492 0 560.0
1433149269593 0 560.0
1433149269695 0 560.0
1433149269796 0 560.0
1433149269897 0 560.0
1433149269998 0 560.0
1433149270100 0 560.0
1433149270203 0 560.0
1433149270305 0 560.0
1433149270407 0 560.0
1433149270509 0 560.0
1433149270610 0 560.0
1433149270711 0 560.0
1433149267471 1 617.0
1433149267572 1 617.0
1433149267673 1 617.0
1433149267773 1 617.0
1433149267876 1 617.0
1433149267976 1 617.0
1433149268077 1 617.0
1433149268177 1 617.0
1433149268278 1 617.0
1433149268379 1 617.0
1433149268481 1 617.0
1433149268582 1 617.0
1433149268684 1 617.0
1433149270811 0 560.0
1433149268786 1 617.0
1433149270913 0 560.0
1433149268886 1 617.0
1433149271014 0 560.0
1433149268986 1 617.0
1433149271115 0 560.0
1433149269087 1 617.0
1433149271216 0 560.0
1433149269188 1 617.0
1433149271317 0 560.0
1433149269289 1 617.0
1433149271419 0 560.0
1433149269390 1 617.0
1433149271520 0 560.0
1433149269491 1 617.0
1433149271620 0 560.0
1433149269593 1 617.0
1433149271722 0 560.0
1433149269694 1 617.0
1433149269794 1 617.0
1433149271822 0 560.0
1433149271925 0 560.0
1433149269895 1 617.0
1433149272026 0 560.0
1433149269996 1 617.0
1433149272127 0 560.0
1433149270097 1 617.0
1433149272228 0 560.0
1433149270198 1 617.0
1433149272329 0 560.0
1433149270300 1 617.0
1433149272430 0 560.0
1433149270401 1 617.0
1433149272531 0 560.0
1433149270502 1 617.0
1433149272633 0 560.0
1433149270604 1 617.0
1433149272734 0 560.0
1433149270705 1 617.0
1433149270805 1 617.0
1433149272836 0 560.0
1433149270906 1 617.0
1433149272939 0 560.0
1433149273039 0 560.0
1433149271007 1 617.0
1433149273141 0 560.0
1433149271108 1 617.0
1433149273240 0 560.0
1433149271209 1 617.0
1433149273342 0 560.0
1433149271311 1 617.0
1433149273443 0 560.0
1433149271411 1 617.0
1433149273544 0 560.0
1433149271511 1 617.0
1433149273646 0 560.0
1433149271612 1 617.0
1433149273747 0 560.0
1433149271712 1 617.0
1433149273848 0 560.0
1433149271814 1 617.0
1433149273949 0 560.0
1433149271915 1 617.0
1433149274051 0 560.0
1433149272016 1 617.0
1433149274153 0 560.0
1433149272117 1 617.0
1433149274254 0 560.0
1433149272218 1 280.0
1433149274355 0 532.0
1433149272318 1 97.0
1433149274456 0 533.0
1433149272419 1 64.0
1433149274558 0 533.0
1433149272521 1 43.0
1433149274659 0 490.0
1433149272623 1 38.0
1433149274760 0 448.0
1433149272724 1 33.0
1433149274861 0 532.0
1433149272825 1 101.0
1433149274961 0 532.0
1433149272927 1 827.0
1433149275063 0 532.0
1433149273028 1 575.0
1433149275163 0 532.0
1433149273130 1 575.0
1433149275265 0 532.0
1433149273231 1 575.0
1433149275367 0 532.0
1433149273333 1 575.0
1433149275468 0 532.0
1433149273434 1 575.0
1433149275569 0 532.0
1433149273535 1 575.0
1433149275671 0 532.0
1433149273636 1 575.0
1433149275771 0 532.0
1433149273737 1 575.0
1433149275872 0 532.0
1433149273838 1 575.0
1433149275973 0 532.0
1433149273940 1 575.0
1433149276074 0 532.0
1433149274042 1 575.0
1433149276175 0 532.0
1433149274143 1 575.0
1433149276275 0 532.0
1433149274244 1 575.0
1433149276376 0 532.0
1433149274344 1 575.0
1433149276477 0 532.0
1433149274444 1 575.0
1433149276578 0 532.0
1433149274545 1 575.0
1433149276679 0 476.0
1433149274647 1 392.0
1433149276781 0 392.0
1433149274748 1 83.0
1433149276882 0 491.0
1433149274849 1 29.0
1433149276984 0 519.0
1433149274950 1 19.0
1433149277086 0 547.0
1433149275051 1 19.0
1433149277188 0 547.0
1433149275152 1 19.0
1433149277289 0 547.0
1433149275253 1 19.0
1433149277391 0 547.0
1433149275354 1 19.0
1433149277492 0 547.0
1433149275455 1 19.0
1433149277594 0 547.0
1433149275555 1 19.0
1433149277696 0 547.0
1433149275655 1 19.0
1433149277798 0 547.0
1433149275756 1 19.0
1433149277900 0 547.0
1433149275857 1 20.0
1433149275957 1 24.0
1433149278003 0 575.0
1433149276057 1 26.0
1433149278103 0 575.0
1433149278203 0 575.0
1433149276158 1 26.0
1433149276258 1 26.0
1433149278304 0 575.0
1433149276360 1 29.0
1433149278404 0 575.0
1433149278504 0 575.0
1433149276461 1 29.0
1433149276563 1 29.0
1433149278604 0 575.0
1433149276663 1 29.0
1433149276763 1 29.0
1433149278705 0 575.0
1433149276865 1 29.0
1433149278805 0 575.0
1433149278905 0 575.0
1433149276966 1 29.0
1433149279006 0 575.0
1433149277067 1 29.0
1433149277170 1 29.0
1433149279106 0 575.0
1433149279207 0 575.0
1433149279308 0 575.0
1433149277272 1 27.0
1433149279409 0 575.0
1433149277375 1 27.0
1433149279510 0 575.0
1433149277475 1 31.0
1433149277576 1 31.0
1433149279611 0 575.0
1433149277677 1 31.0
1433149279712 0 575.0
1433149277779 1 22.0
1433149279814 0 575.0
1433149277881 1 2.0
1433149279916 0 575.0
1433149280017 0 575.0
1433149277982 1 2.0
1433149280117 0 575.0
1433149278083 1 2.0
1433149280218 0 575.0
1433149278184 1 2.0
1433149280318 0 575.0
1433149278286 1 2.0
1433149280419 0 575.0
1433149278386 1 2.0
1433149280520 0 575.0
1433149278486 1 2.0
1433149280621 0 575.0
1433149278586 1 2.0
1433149278688 1 2.0
1433149280722 0 575.0
1433149278789 1 2.0
1433149280822 0 575.0
1433149278891 1 2.0
1433149280923 0 575.0
1433149278990 1 2.0
1433149281024 0 575.0
1433149279091 1 2.0
1433149281125 0 575.0
1433149279193 1 2.0
1433149281226 0 575.0
1433149279295 1 2.0
1433149281327 0 575.0
1433149279396 1 2.0
1433149281428 0 575.0
1433149279498 1 2.0
1433149281529 0 575.0
1433149279598 1 2.0
1433149281630 0 575.0
1433149279699 1 2.0
1433149281729 0 575.0
1433149279799 1 2.0
1433149281830 0 575.0
1433149279901 1 2.0
1433149281932 0 575.0
1433149280002 1 2.0
1433149282033 0 575.0
1433149280104 1 2.0
1433149282133 0 575.0
1433149280204 1 2.0
1433149282234 0 575.0
1433149280306 1 2.0
1433149282336 0 575.0
1433149280407 1 2.0
1433149282437 0 575.0
1433149280509 1 2.0
1433149282538 0 575.0
1433149280610 1 3.0
1433149282639 0 575.0
1433149280712 1 3.0
1433149282741 0 575.0
1433149280812 1 3.0
1433149282841 0 575.0
1433149280913 1 3.0
1433149282942 0 575.0
1433149281014 1 3.0
1433149283043 0 575.0
1433149281116 1 3.0
1433149283144 0 575.0
1433149281217 1 3.0
1433149283245 0 575.0
1433149281318 1 6.0
1433149283347 0 575.0
1433149281419 1 17.0
1433149283447 0 575.0
1433149283547 0 406.0
1433149281519 1 10.0
1433149281619 1 82.0
1433149283648 0 55.0
1433149281720 1 785.0
1433149283749 0 34.0
1433149281821 1 603.0
1433149283849 0 29.0
1433149281923 1 603.0
1433149283950 0 20.0
1433149282023 1 603.0
1433149284051 0 20.0
1433149282124 1 603.0
1433149284153 0 26.0
1433149282225 1 603.0
1433149284253 0 24.0
1433149282327 1 603.0
1433149284355 0 22.0
1433149282428 1 603.0
1433149284456 0 22.0
1433149282529 1 603.0
1433149284558 0 22.0
1433149282630 1 603.0
1433149284660 0 19.0
1433149282732 1 603.0
1433149284762 0 20.0
1433149282831 1 603.0
1433149284863 0 20.0
1433149282933 1 603.0
1433149284964 0 26.0
1433149283034 1 603.0
1433149285065 0 26.0
1433149283136 1 603.0
1433149285167 0 26.0
1433149283241 1 603.0
1433149285268 0 26.0
1433149285368 0 26.0
1433149283344 1 603.0
1433149285470 0 26.0
1433149283447 1 603.0
1433149285572 0 26.0
1433149283548 1 603.0
1433149285674 0 26.0
1433149283648 1 603.0
1433149283748 1 603.0
1433149285775 0 26.0
1433149283850 1 603.0
1433149285875 0 26.0
1433149283952 1 603.0
1433149285976 0 26.0
1433149284054 1 603.0
1433149286077 0 29.0
1433149284155 1 603.0
1433149286179 0 29.0
1433149284256 1 603.0
1433149286281 0 29.0
1433149284358 1 603.0
1433149286382 0 29.0
1433149284460 1 603.0
1433149286484 0 29.0
1433149284561 1 603.0
1433149286586 0 29.0
1433149284662 1 603.0
1433149286687 0 29.0
1433149284763 1 603.0
1433149286788 0 29.0
1433149284865 1 603.0
1433149286889 0 29.0
1433149284966 1 603.0
1433149286990 0 29.0
1433149285067 1 603.0
1433149287092 0 29.0
1433149285169 1 603.0
1433149287192 0 29.0
1433149285270 1 603.0
1433149287293 0 29.0
1433149285371 1 603.0
1433149287393 0 29.0
1433149285473 1 603.0
1433149287494 0 29.0
1433149285574 1 603.0
1433149287595 0 29.0
1433149285676 1 603.0
1433149287697 0 24.0
1433149285777 1 603.0
1433149287797 0 24.0
1433149285877 1 603.0
1433149287897 0 24.0
1433149285977 1 603.0
1433149287998 0 24.0
1433149286077 1 603.0
1433149288098 0 24.0
1433149286178 1 603.0
1433149288198 0 24.0
1433149286280 1 603.0
1433149288299 0 24.0
1433149286381 1 603.0
1433149288400 0 24.0
1433149286483 1 603.0
1433149288500 0 24.0
1433149286583 1 603.0
1433149288600 0 24.0
1433149286685 1 603.0
1433149288701 0 24.0
1433149286786 1 603.0
1433149288802 0 24.0
1433149286887 1 603.0
1433149286988 1 603.0
1433149288902 0 24.0
1433149289003 0 24.0
1433149287089 1 603.0
1433149289103 0 24.0
1433149287190 1 603.0
1433149289204 0 24.0
1433149287291 1 603.0
1433149289304 0 24.0
1433149287392 1 603.0
1433149289404 0 24.0
1433149287495 1 603.0
1433149289504 0 24.0
1433149287596 1 603.0
1433149289604 0 24.0
1433149287698 1 603.0
1433149289705 0 24.0
1433149287798 1 603.0
1433149289805 0 24.0
1433149287898 1 603.0
1433149289906 0 24.0
1433149287999 1 603.0
1433149290007 0 24.0
1433149288100 1 603.0
1433149290108 0 24.0
1433149288201 1 603.0
1433149290209 0 29.0
1433149288302 1 603.0
1433149290311 0 29.0
1433149288403 1 603.0
1433149290412 0 29.0
1433149288505 1 603.0
1433149290514 0 29.0
1433149288606 1 603.0
1433149290616 0 29.0
1433149288708 1 603.0
1433149290718 0 29.0
1433149288808 1 603.0
1433149290820 0 29.0
1433149288910 1 603.0
1433149290921 0 29.0
1433149289011 1 603.0
1433149291022 0 29.0
1433149289113 1 603.0
1433149291124 0 29.0
1433149289215 1 603.0
1433149291226 0 29.0
1433149289317 1 603.0
1433149291328 0 29.0
1433149289417 1 603.0
1433149291430 0 29.0
1433149289519 1 603.0
1433149291531 0 29.0
1433149289620 1 603.0
1433149291633 0 29.0
1433149289722 1 603.0
1433149291735 0 29.0
1433149289822 1 603.0
1433149291835 0 29.0
1433149289924 1 603.0
1433149291937 0 29.0
1433149290026 1 603.0
1433149292039 0 29.0
1433149290127 1 603.0
1433149292141 0 29.0
1433149290229 1 603.0
1433149292243 0 29.0
1433149290330 1 603.0
1433149292344 0 29.0
1433149290431 1 603.0
1433149292445 0 29.0
1433149292547 0 29.0
1433149290533 1 603.0
1433149292647 0 29.0
1433149290636 1 603.0
1433149292749 0 29.0
1433149290738 1 603.0
1433149292850 0 24.0
1433149290838 1 603.0
1433149290939 1 603.0
1433149292952 0 24.0
1433149293054 0 24.0
1433149291040 1 603.0
1433149291141 1 603.0
1433149293154 0 24.0
1433149291243 1 603.0
1433149293259 0 24.0
1433149291344 1 603.0
1433149293360 0 24.0
1433149291446 1 603.0
1433149293460 0 24.0
1433149291548 1 603.0
1433149293561 0 24.0
1433149291650 1 603.0
1433149293661 0 24.0
1433149291751 1 603.0
1433149293763 0 24.0
1433149291852 1 603.0
1433149293862 0 24.0
1433149291954 1 603.0
1433149293963 0 24.0
1433149292055 1 603.0
1433149294063 0 22.0
1433149292157 1 603.0
1433149294165 0 15.0
1433149292257 1 561.0
1433149294266 0 40.0
1433149292358 1 182.0
1433149294367 0 194.0
1433149292459 1 40.0
1433149294468 0 532.0
1433149292560 1 10.0
1433149294569 0 448.0
1433149292662 1 5.0
1433149294670 0 448.0
1433149292764 1 5.0
1433149294771 0 490.0
1433149292866 1 5.0
1433149294872 0 504.0
1433149294973 0 504.0
1433149292968 1 10.0
1433149295073 0 532.0
1433149293068 1 12.0
1433149295175 0 532.0
1433149293169 1 9.0
1433149293269 1 10.0
1433149295274 0 532.0
1433149295375 0 532.0
1433149293370 1 6.0
1433149295475 0 532.0
1433149293471 1 5.0
1433149295576 0 532.0
1433149293571 1 5.0
1433149295676 0 532.0
1433149293671 1 5.0
1433149293772 1 5.0
1433149295778 0 504.0
1433149293875 1 5.0
1433149295879 0 504.0
1433149293975 1 5.0
1433149295980 0 504.0
1433149294076 1 5.0
1433149296081 0 504.0
1433149294176 1 5.0
1433149296181 0 476.0
1433149294276 1 5.0
1433149296282 0 476.0
1433149294376 1 5.0
1433149296382 0 476.0
1433149294478 1 5.0
1433149296482 0 476.0
1433149296582 0 476.0
1433149294580 1 5.0
1433149296683 0 476.0
1433149294680 1 5.0
1433149294780 1 5.0
1433149296783 0 476.0
1433149294882 1 5.0
1433149296884 0 476.0
1433149294982 1 5.0
1433149296985 0 476.0
1433149295082 1 5.0
1433149297086 0 476.0
1433149295182 1 5.0
1433149297187 0 476.0
1433149295283 1 5.0
1433149297288 0 476.0
1433149295383 1 5.0
1433149297389 0 476.0
1433149295485 1 5.0
1433149297490 0 476.0
1433149295585 1 5.0
1433149297591 0 476.0
1433149295686 1 5.0
1433149297692 0 476.0
1433149295788 1 5.0
1433149297793 0 476.0
1433149295889 1 5.0
1433149297895 0 476.0
1433149295989 1 5.0
1433149297997 0 476.0
1433149296090 1 5.0
1433149298097 0 476.0
1433149296191 1 5.0
1433149298197 0 476.0
1433149296292 1 5.0
1433149298297 0 476.0
1433149296393 1 5.0
1433149298399 0 476.0
1433149296494 1 5.0
1433149298500 0 476.0
1433149296596 1 5.0
1433149298600 0 476.0
1433149296698 1 5.0
1433149298701 0 476.0
1433149296799 1 5.0
1433149298802 0 476.0
1433149296901 1 5.0
1433149298902 0 476.0
1433149297002 1 5.0
1433149299003 0 476.0
1433149297104 1 5.0
1433149299105 0 519.0
1433149297205 1 5.0
1433149299206 0 519.0
1433149297307 1 5.0
1433149299307 0 519.0
1433149297408 1 5.0
1433149299409 0 519.0
1433149297509 1 5.0
1433149299510 0 519.0
1433149297611 1 5.0
1433149299612 0 519.0
1433149297713 1 5.0
1433149299713 0 533.0
1433149297814 1 5.0
1433149299814 0 533.0
1433149297916 1 5.0
1433149299915 0 533.0
1433149298017 1 5.0
1433149300016 0 533.0
1433149298118 1 5.0
1433149300118 0 533.0
1433149298219 1 5.0
1433149300220 0 533.0
1433149298321 1 5.0
1433149300321 0 533.0
1433149298422 1 5.0
1433149300423 0 533.0
1433149298523 1 5.0
1433149300525 0 533.0
1433149298624 1 5.0
1433149300627 0 533.0
1433149298726 1 5.0
1433149300729 0 533.0
1433149298827 1 5.0
1433149300830 0 533.0
1433149298929 1 5.0
1433149300930 0 533.0
1433149299030 1 5.0
1433149301031 0 533.0
1433149299132 1 5.0
1433149301132 0 533.0
1433149299233 1 5.0
1433149301233 0 533.0
1433149299335 1 5.0
1433149301334 0 533.0
1433149299434 1 5.0
1433149301436 0 533.0
1433149299535 1 6.0
1433149301536 0 533.0
1433149299635 1 33.0
1433149301637 0 168.0
1433149299736 1 813.0
1433149301738 0 197.0
1433149299838 1 589.0
1433149301837 0 518.0
1433149299939 1 589.0
1433149301938 0 518.0
1433149300039 1 589.0
1433149302040 0 518.0
1433149300139 1 589.0
