1433154966432 1 589.0
1433154968165 0 533.0
1433154966531 0 645.0
1433154966245 1 561.0
1433154966532 1 589.0
1433154968265 0 533.0
1433154966631 0 645.0
1433154966347 1 561.0
1433154966632 1 589.0
1433154968367 0 533.0
1433154966732 0 645.0
1433154966449 1 561.0
1433154966732 1 589.0
1433154968468 0 533.0
1433154966832 0 645.0
1433154966551 1 561.0
1433154966832 1 589.0
1433154968570 0 533.0
1433154966934 0 645.0
1433154966653 1 561.0
1433154966932 1 589.0
1433154968672 0 533.0
1433154967034 0 645.0
1433154966753 1 561.0
1433154967032 1 589.0
1433154968773 0 533.0
1433154967135 0 645.0
1433154966855 1 561.0
1433154967132 1 589.0
1433154968875 0 533.0
1433154967236 0 645.0
1433154966956 1 561.0
1433154967232 1 589.0
1433154968976 0 533.0
1433154967338 0 645.0
1433154967333 1 589.0
1433154967058 1 561.0
1433154969077 0 533.0
1433154967439 0 645.0
1433154967433 1 589.0
1433154967160 1 561.0
1433154969179 0 533.0
1433154967540 0 645.0
1433154967534 1 589.0
1433154969280 0 533.0
1433154967641 0 645.0
1433154967634 1 589.0
1433154967260 1 561.0
1433154967363 1 561.0
1433154969381 0 533.0
1433154967743 0 645.0
1433154967734 1 589.0
1433154967465 1 561.0
1433154969482 0 533.0
1433154967844 0 645.0
1433154967834 1 589.0
1433154967567 1 561.0
1433154969584 0 533.0
1433154967946 0 645.0
1433154967934 1 589.0
1433154967667 1 561.0
1433154969684 0 533.0
1433154968047 0 645.0
1433154968034 1 589.0
1433154967769 1 561.0
1433154969785 0 533.0
1433154968149 0 645.0
1433154968135 1 589.0
1433154969887 0 533.0
1433154968250 0 645.0
1433154968237 1 589.0
1433154967869 1 561.0
1433154967970 1 561.0
1433154969988 0 533.0
1433154968351 0 645.0
1433154968338 1 589.0
1433154968070 1 561.0
1433154970089 0 533.0
1433154968451 0 645.0
1433154968438 1 589.0
1433154968172 1 561.0
1433154970191 0 533.0
1433154968552 0 645.0
1433154968539 1 589.0
1433154968273 1 561.0
1433154970293 0 533.0
1433154968653 0 645.0
1433154968639 1 589.0
1433154968375 1 561.0
1433154970394 0 533.0
1433154968755 0 645.0
1433154968739 1 589.0
1433154968476 1 561.0
1433154970495 0 533.0
1433154968856 0 645.0
1433154968839 1 589.0
1433154968577 1 561.0
1433154970597 0 533.0
1433154968939 1 589.0
1433154968958 0 645.0
1433154968678 1 561.0
1433154969059 0 645.0
1433154969039 1 589.0
1433154968780 1 561.0
1433154970700 0 533.0
1433154970799 0 533.0
1433154969139 1 589.0
1433154969159 0 645.0
1433154968881 1 561.0
1433154970900 0 533.0
1433154969240 1 589.0
1433154969260 0 645.0
1433154968982 1 561.0
1433154971002 0 533.0
1433154969340 1 589.0
1433154969362 0 645.0
1433154969083 1 561.0
1433154971104 0 533.0
1433154969440 1 589.0
1433154969463 0 645.0
1433154969184 1 561.0
1433154971206 0 533.0
1433154969540 1 589.0
1433154969563 0 645.0
1433154969285 1 561.0
1433154971308 0 533.0
1433154969640 1 589.0
1433154969665 0 645.0
1433154969386 1 561.0
1433154971409 0 533.0
1433154969740 1 589.0
1433154969766 0 645.0
1433154969487 1 561.0
1433154971510 0 533.0
1433154969840 1 589.0
1433154969868 0 645.0
1433154969589 1 561.0
1433154971612 0 533.0
1433154969941 1 589.0
1433154969969 0 645.0
1433154969690 1 561.0
1433154971713 0 533.0
1433154970041 1 589.0
1433154970070 0 645.0
1433154969791 1 561.0
1433154971814 0 533.0
1433154970142 1 589.0
1433154970171 0 645.0
1433154969893 1 561.0
1433154971916 0 533.0
1433154970242 1 589.0
1433154970273 0 645.0
1433154969994 1 561.0
1433154972016 0 533.0
1433154970343 1 589.0
1433154970375 0 645.0
1433154970095 1 561.0
1433154972118 0 533.0
1433154970443 1 589.0
1433154970196 1 561.0
1433154972220 0 533.0
1433154970544 1 589.0
1433154970476 0 645.0
1433154970577 0 645.0
1433154970297 1 561.0
1433154972321 0 533.0
1433154970644 1 589.0
1433154970679 0 645.0
1433154970397 1 561.0
1433154972422 0 533.0
1433154970745 1 589.0
1433154970780 0 645.0
1433154970499 1 561.0
1433154972524 0 533.0
1433154970845 1 589.0
1433154970881 0 645.0
1433154970601 1 561.0
1433154972626 0 533.0
1433154970945 1 589.0
1433154970982 0 645.0
1433154970703 1 561.0
1433154972728 0 533.0
1433154971045 1 589.0
1433154971083 0 645.0
1433154970805 1 561.0
1433154972830 0 533.0
1433154971145 1 589.0
1433154971185 0 645.0
1433154970907 1 561.0
1433154972932 0 533.0
1433154971246 1 589.0
1433154971288 0 645.0
1433154971008 1 561.0
1433154973032 0 533.0
1433154971347 1 589.0
1433154971390 0 645.0
1433154971110 1 561.0
1433154973133 0 533.0
1433154971447 1 589.0
1433154971492 0 645.0
1433154971211 1 561.0
1433154973235 0 533.0
1433154971548 1 589.0
1433154971593 0 645.0
1433154971313 1 561.0
1433154973337 0 533.0
1433154971648 1 589.0
1433154971695 0 645.0
1433154971413 1 561.0
1433154973440 0 533.0
1433154971748 1 589.0
1433154971797 0 645.0
1433154973539 0 533.0
1433154971848 1 589.0
1433154971898 0 645.0
1433154971513 1 561.0
1433154971614 1 561.0
1433154973640 0 533.0
1433154971948 1 589.0
1433154972000 0 645.0
1433154971716 1 561.0
1433154973742 0 533.0
1433154972048 1 589.0
1433154972102 0 645.0
1433154971817 1 561.0
1433154973843 0 533.0
1433154972148 1 589.0
1433154972204 0 645.0
1433154971919 1 561.0
1433154973945 0 533.0
1433154972249 1 589.0
1433154972306 0 645.0
1433154972021 1 561.0
1433154974046 0 533.0
1433154972349 1 589.0
1433154972408 0 645.0
1433154972123 1 561.0
1433154974147 0 533.0
1433154972450 1 589.0
1433154972510 0 645.0
1433154972225 1 561.0
1433154974247 0 533.0
1433154972550 1 589.0
1433154972610 0 645.0
1433154972326 1 561.0
1433154974349 0 533.0
1433154972650 1 589.0
1433154972712 0 645.0
1433154972428 1 561.0
1433154974449 0 533.0
1433154972750 1 589.0
1433154972813 0 645.0
1433154972530 1 561.0
1433154974550 0 533.0
1433154972850 1 589.0
1433154972914 0 645.0
1433154972632 1 561.0
1433154974651 0 533.0
1433154972950 1 589.0
1433154973015 0 645.0
1433154972733 1 561.0
1433154974752 0 533.0
1433154973050 1 589.0
1433154973117 0 645.0
1433154972835 1 561.0
1433154974853 0 533.0
1433154973150 1 589.0
1433154973218 0 645.0
1433154972936 1 561.0
1433154974955 0 533.0
1433154973250 1 589.0
1433154973318 0 645.0
1433154973037 1 561.0
1433154975056 0 533.0
1433154973350 1 589.0
1433154973420 0 645.0
1433154973138 1 561.0
1433154975158 0 533.0
1433154973450 1 589.0
1433154973522 0 645.0
1433154973240 1 561.0
1433154975259 0 533.0
1433154973551 1 589.0
1433154973622 0 645.0
1433154973342 1 561.0
1433154975360 0 533.0
1433154973651 1 589.0
1433154973724 0 645.0
1433154973444 1 561.0
1433154975461 0 533.0
1433154973752 1 589.0
1433154973825 0 645.0
1433154973545 1 561.0
1433154975562 0 533.0
1433154973852 1 589.0
1433154973927 0 645.0
1433154973646 1 561.0
1433154975663 0 533.0
1433154973952 1 589.0
1433154974027 0 645.0
1433154973747 1 561.0
1433154975765 0 533.0
1433154974052 1 589.0
1433154974128 0 645.0
1433154973849 1 561.0
1433154975866 0 533.0
1433154974153 1 589.0
1433154974229 0 645.0
1433154973951 1 561.0
1433154975967 0 533.0
1433154974253 1 589.0
1433154974331 0 645.0
1433154974053 1 561.0
1433154976068 0 533.0
1433154974353 1 589.0
1433154974431 0 645.0
1433154974155 1 561.0
1433154976169 0 533.0
1433154974453 1 589.0
1433154974532 0 645.0
1433154974257 1 561.0
1433154974553 1 589.0
1433154976271 0 533.0
1433154974632 0 645.0
1433154974359 1 561.0
1433154974653 1 589.0
1433154976372 0 533.0
1433154974733 0 645.0
1433154974461 1 561.0
1433154974753 1 589.0
1433154976474 0 533.0
1433154974833 0 645.0
1433154974563 1 561.0
1433154974854 1 589.0
1433154976575 0 533.0
1433154974935 0 645.0
1433154974666 1 561.0
1433154974954 1 589.0
1433154976677 0 533.0
1433154975035 0 645.0
1433154974768 1 561.0
1433154975055 1 589.0
1433154976779 0 533.0
1433154975137 0 645.0
1433154975155 1 589.0
1433154975238 0 645.0
1433154974868 1 561.0
1433154974968 1 561.0
1433154975256 1 589.0
1433154976879 0 533.0
1433154976980 0 533.0
1433154975339 0 645.0
1433154975068 1 561.0
1433154975357 1 589.0
1433154977080 0 533.0
1433154975440 0 645.0
1433154975170 1 561.0
1433154975457 1 589.0
1433154977182 0 533.0
1433154975542 0 645.0
1433154975269 1 561.0
1433154975557 1 589.0
1433154977283 0 533.0
1433154975643 0 645.0
1433154975370 1 561.0
1433154975657 1 589.0
1433154977384 0 533.0
1433154975745 0 645.0
1433154975470 1 561.0
1433154975757 1 589.0
1433154977486 0 533.0
1433154975846 0 645.0
1433154975571 1 561.0
1433154975858 1 589.0
1433154977589 0 533.0
1433154975948 0 645.0
1433154975671 1 561.0
1433154975958 1 589.0
1433154977691 0 533.0
1433154976049 0 645.0
1433154975773 1 561.0
1433154976059 1 589.0
1433154977792 0 533.0
1433154976150 0 645.0
1433154975873 1 561.0
1433154976159 1 589.0
1433154977894 0 533.0
1433154976251 0 645.0
1433154975975 1 561.0
1433154976259 1 589.0
1433154977996 0 533.0
1433154976352 0 645.0
1433154976359 1 589.0
1433154978098 0 533.0
1433154976452 0 645.0
1433154976075 1 561.0
1433154976176 1 561.0
1433154976460 1 589.0
1433154978200 0 533.0
1433154976553 0 645.0
1433154976277 1 561.0
1433154976560 1 589.0
1433154978302 0 533.0
1433154976654 0 645.0
1433154976379 1 561.0
1433154976661 1 589.0
1433154978404 0 533.0
1433154976754 0 645.0
1433154976480 1 561.0
1433154976761 1 589.0
1433154978506 0 533.0
1433154976855 0 645.0
1433154976582 1 561.0
1433154976862 1 589.0
1433154978608 0 533.0
1433154976957 0 645.0
1433154976683 1 561.0
1433154976962 1 589.0
1433154978709 0 533.0
1433154977058 0 645.0
1433154976784 1 561.0
1433154977062 1 589.0
1433154978811 0 533.0
1433154977159 0 645.0
1433154976885 1 561.0
1433154977162 1 589.0
1433154978913 0 533.0
1433154977260 0 645.0
1433154976987 1 561.0
1433154977263 1 589.0
1433154979014 0 533.0
1433154977362 0 645.0
1433154977363 1 589.0
1433154977088 1 561.0
1433154979116 0 533.0
1433154977463 0 645.0
1433154977463 1 589.0
1433154977189 1 561.0
1433154979218 0 533.0
1433154977563 1 589.0
1433154977290 1 561.0
1433154979319 0 533.0
1433154977563 0 645.0
1433154977664 0 645.0
1433154977663 1 589.0
1433154977390 1 561.0
1433154979421 0 533.0
1433154977765 0 645.0
1433154977763 1 589.0
1433154977492 1 561.0
1433154979523 0 533.0
1433154977865 0 645.0
1433154977863 1 589.0
1433154977595 1 561.0
1433154979625 0 533.0
1433154977966 0 645.0
1433154977964 1 589.0
1433154977697 1 561.0
1433154979726 0 533.0
1433154978068 0 645.0
1433154978064 1 589.0
1433154977799 1 561.0
1433154979828 0 533.0
1433154978170 0 645.0
1433154978164 1 589.0
1433154977901 1 561.0
1433154979930 0 533.0
1433154978271 0 645.0
1433154978265 1 589.0
1433154978003 1 561.0
1433154980031 0 533.0
1433154978373 0 645.0
1433154978365 1 589.0
1433154978104 1 561.0
1433154980132 0 533.0
1433154978475 0 645.0
1433154978466 1 589.0
1433154978206 1 561.0
1433154980233 0 533.0
1433154978575 0 645.0
1433154978567 1 589.0
1433154980334 0 533.0
1433154978677 0 645.0
1433154978667 1 589.0
1433154978307 1 561.0
1433154978407 1 561.0
1433154980437 0 533.0
1433154978779 0 645.0
1433154978767 1 589.0
1433154978507 1 561.0
1433154980539 0 533.0
1433154978880 0 645.0
1433154978867 1 589.0
1433154978609 1 561.0
1433154980639 0 533.0
1433154978982 0 645.0
1433154978967 1 589.0
1433154978711 1 561.0
1433154980739 0 533.0
1433154979067 1 589.0
1433154978812 1 561.0
1433154980839 0 533.0
1433154979167 1 589.0
1433154979082 0 645.0
1433154979183 0 645.0
1433154978913 1 561.0
1433154980941 0 533.0
1433154979284 0 645.0
1433154979268 1 589.0
1433154979015 1 561.0
1433154981042 0 533.0
1433154979368 1 589.0
1433154979386 0 645.0
1433154979115 1 561.0
1433154981144 0 533.0
1433154979469 1 589.0
1433154979488 0 645.0
1433154979216 1 561.0
1433154981245 0 533.0
1433154979569 1 589.0
1433154979589 0 645.0
1433154979317 1 561.0
1433154981347 0 533.0
1433154979669 1 589.0
1433154979691 0 645.0
1433154981448 0 533.0
1433154979769 1 589.0
1433154979792 0 645.0
1433154979418 1 561.0
1433154979518 1 561.0
1433154981549 0 533.0
1433154979869 1 589.0
1433154979892 0 645.0
1433154979620 1 561.0
1433154981650 0 533.0
1433154979970 1 589.0
1433154979993 0 645.0
1433154979722 1 561.0
1433154981751 0 533.0
1433154980070 1 589.0
1433154980095 0 645.0
1433154979823 1 561.0
1433154981853 0 533.0
1433154980170 1 589.0
1433154980198 0 645.0
1433154979924 1 561.0
1433154981955 0 533.0
1433154980270 1 589.0
1433154980299 0 645.0
1433154980025 1 561.0
1433154982055 0 533.0
1433154980370 1 589.0
1433154980401 0 645.0
1433154980127 1 561.0
1433154980470 1 589.0
1433154980502 0 645.0
1433154980229 1 561.0
1433154982156 0 533.0
1433154982256 0 533.0
1433154980571 1 589.0
1433154980603 0 645.0
1433154980329 1 561.0
1433154982358 0 533.0
1433154980671 1 589.0
1433154980704 0 645.0
1433154980430 1 561.0
1433154982459 0 533.0
1433154980772 1 589.0
1433154980806 0 645.0
1433154980532 1 561.0
1433154982561 0 533.0
1433154980872 1 589.0
1433154980907 0 645.0
1433154980633 1 561.0
1433154982662 0 533.0
1433154980972 1 589.0
1433154981008 0 645.0
1433154980736 1 561.0
1433154982764 0 533.0
1433154981072 1 589.0
1433154981110 0 645.0
1433154980837 1 561.0
1433154982863 0 533.0
1433154981173 1 589.0
1433154981212 0 645.0
1433154980939 1 561.0
1433154982964 0 533.0
1433154981273 1 589.0
1433154981314 0 645.0
1433154981041 1 561.0
1433154983065 0 533.0
1433154981373 1 589.0
1433154981416 0 645.0
1433154981142 1 561.0
1433154983166 0 533.0
1433154981473 1 589.0
1433154981516 0 645.0
1433154981243 1 561.0
1433154983267 0 533.0
1433154981573 1 589.0
1433154981619 0 645.0
1433154981345 1 561.0
1433154983369 0 533.0
1433154981673 1 589.0
1433154981721 0 645.0
1433154981446 1 561.0
1433154983471 0 533.0
1433154981773 1 589.0
1433154981823 0 645.0
1433154981548 1 561.0
1433154983573 0 533.0
1433154981874 1 589.0
1433154981925 0 645.0
1433154981648 1 561.0
1433154983674 0 533.0
1433154981974 1 589.0
1433154982026 0 645.0
1433154981749 1 561.0
1433154983774 0 533.0
1433154982075 1 589.0
1433154982128 0 645.0
1433154981851 1 561.0
1433154983875 0 533.0
1433154982175 1 589.0
1433154982229 0 645.0
1433154981953 1 561.0
1433154983977 0 533.0
1433154982276 1 589.0
1433154982331 0 645.0
1433154982052 1 561.0
1433154984078 0 533.0
1433154982377 1 589.0
1433154982431 0 645.0
1433154982156 1 561.0
1433154984180 0 533.0
1433154982477 1 589.0
1433154982532 0 645.0
1433154982258 1 561.0
1433154984281 0 533.0
1433154982578 1 589.0
1433154982360 1 561.0
1433154984383 0 533.0
1433154982678 1 589.0
1433154982632 0 645.0
1433154982733 0 645.0
1433154982461 1 561.0
1433154984485 0 533.0
1433154982778 1 589.0
1433154982833 0 645.0
1433154982562 1 561.0
1433154984586 0 533.0
1433154982878 1 589.0
1433154982935 0 645.0
1433154982664 1 561.0
1433154984689 0 533.0
1433154982978 1 589.0
1433154983036 0 645.0
1433154982765 1 561.0
1433154984790 0 533.0
1433154983078 1 589.0
1433154983138 0 645.0
1433154982867 1 561.0
1433154984892 0 533.0
1433154983178 1 589.0
1433154983239 0 645.0
1433154982969 1 561.0
1433154984994 0 533.0
1433154983278 1 589.0
1433154983341 0 645.0
1433154983378 1 589.0
1433154985096 0 533.0
1433154983442 0 645.0
1433154983069 1 561.0
1433154983169 1 561.0
1433154983478 1 589.0
1433154985198 0 533.0
1433154983544 0 645.0
1433154983269 1 561.0
1433154983578 1 589.0
1433154985300 0 533.0
1433154983645 0 645.0
1433154983371 1 561.0
1433154983679 1 589.0
1433154985402 0 533.0
1433154983745 0 645.0
1433154983472 1 561.0
1433154983779 1 589.0
1433154985504 0 533.0
1433154983848 0 645.0
1433154983880 1 589.0
1433154985606 0 533.0
1433154983950 0 645.0
1433154983572 1 561.0
1433154983672 1 561.0
1433154983980 1 589.0
1433154985707 0 533.0
1433154984051 0 645.0
1433154983773 1 561.0
1433154984081 1 589.0
1433154985808 0 533.0
1433154984154 0 645.0
1433154983874 1 561.0
1433154984181 1 589.0
1433154985910 0 533.0
1433154984256 0 645.0
1433154983976 1 561.0
1433154984282 1 589.0
1433154986012 0 533.0
1433154984358 0 645.0
1433154984382 1 589.0
1433154986112 0 533.0
1433154984459 0 645.0
1433154984076 1 561.0
1433154984176 1 561.0
1433154984483 1 589.0
1433154986212 0 533.0
1433154984561 0 645.0
1433154984277 1 561.0
1433154984583 1 589.0
1433154986313 0 533.0
1433154984662 0 645.0
1433154984379 1 561.0
1433154984683 1 589.0
1433154986415 0 533.0
1433154984763 0 645.0
1433154984480 1 561.0
1433154984783 1 589.0
1433154986516 0 533.0
1433154984864 0 645.0
1433154984581 1 561.0
1433154984883 1 589.0
1433154986616 0 533.0
1433154984966 0 645.0
1433154984683 1 561.0
1433154984983 1 589.0
1433154986719 0 533.0
1433154985066 0 645.0
1433154984785 1 561.0
1433154985083 1 589.0
1433154986820 0 533.0
1433154985168 0 645.0
1433154984886 1 561.0
1433154985184 1 589.0
1433154986922 0 533.0
1433154985268 0 645.0
1433154984987 1 561.0
1433154985284 1 589.0
1433154987022 0 533.0
1433154985370 0 645.0
1433154985088 1 561.0
1433154985384 1 589.0
1433154987124 0 533.0
1433154985470 0 645.0
1433154985189 1 561.0
1433154985484 1 589.0
1433154987226 0 533.0
1433154985572 0 645.0
1433154985290 1 561.0
1433154985584 1 589.0
1433154987328 0 533.0
1433154985673 0 645.0
1433154985392 1 561.0
1433154985685 1 589.0
1433154987430 0 533.0
1433154985774 0 645.0
1433154985493 1 561.0
1433154985785 1 589.0
1433154987532 0 533.0
1433154985875 0 645.0
1433154985594 1 561.0
1433154985886 1 589.0
1433154987634 0 533.0
1433154985978 0 645.0
1433154985695 1 561.0
1433154985986 1 589.0
1433154987736 0 533.0
1433154986078 0 645.0
1433154985797 1 561.0
1433154986086 1 589.0
1433154987838 0 533.0
1433154986180 0 645.0
1433154985898 1 561.0
1433154986186 1 589.0
1433154987940 0 533.0
1433154986280 0 645.0
1433154985999 1 561.0
1433154986287 1 589.0
1433154988040 0 533.0
1433154986382 0 645.0
1433154986100 1 561.0
1433154986387 1 589.0
1433154988144 0 533.0
1433154986484 0 645.0
1433154986201 1 561.0
1433154986488 1 589.0
1433154988244 0 533.0
1433154986586 0 645.0
1433154986302 1 561.0
1433154986588 1 589.0
1433154988346 0 533.0
1433154986688 0 645.0
1433154986404 1 561.0
1433154986688 1 589.0
1433154988446 0 533.0
1433154986790 0 645.0
1433154986506 1 561.0
1433154986788 1 589.0
1433154988547 0 533.0
1433154986891 0 645.0
1433154986608 1 561.0
1433154986888 1 589.0
1433154988648 0 533.0
1433154986993 0 645.0
1433154986710 1 561.0
1433154986988 1 589.0
1433154988750 0 533.0
1433154987094 0 645.0
1433154986811 1 561.0
1433154987088 1 589.0
1433154988851 0 533.0
1433154987195 0 645.0
1433154986912 1 561.0
1433154987188 1 589.0
1433154988953 0 533.0
1433154987297 0 645.0
1433154987288 1 589.0
1433154987013 1 561.0
1433154989054 0 533.0
1433154987399 0 645.0
1433154987388 1 589.0
1433154987115 1 561.0
1433154989155 0 533.0
1433154987500 0 645.0
1433154987488 1 589.0
1433154987216 1 561.0
1433154989257 0 533.0
1433154987601 0 645.0
1433154987589 1 589.0
1433154987318 1 561.0
1433154989359 0 533.0
1433154987703 0 645.0
1433154987689 1 589.0
1433154987420 1 561.0
1433154989460 0 533.0
1433154987805 0 645.0
1433154987790 1 589.0
1433154987522 1 561.0
1433154989562 0 533.0
1433154987906 0 645.0
1433154987890 1 589.0
1433154987624 1 561.0
1433154989662 0 533.0
1433154988008 0 645.0
1433154987990 1 589.0
1433154987726 1 561.0
1433154989764 0 533.0
1433154988110 0 645.0
1433154988090 1 589.0
1433154987827 1 561.0
1433154989865 0 533.0
1433154988209 0 645.0
1433154988191 1 589.0
1433154987929 1 561.0
1433154989967 0 533.0
1433154988291 1 589.0
1433154988311 0 645.0
1433154988031 1 561.0
1433154990068 0 533.0
1433154988392 1 589.0
1433154988411 0 645.0
1433154988132 1 561.0
1433154990169 0 533.0
1433154988492 1 589.0
1433154988514 0 645.0
1433154988233 1 561.0
1433154990270 0 533.0
1433154988592 1 589.0
1433154988615 0 645.0
1433154988335 1 561.0
1433154990372 0 533.0
1433154988692 1 589.0
1433154988717 0 645.0
1433154988437 1 561.0
1433154990473 0 533.0
1433154988792 1 589.0
1433154988819 0 645.0
1433154988538 1 561.0
1433154990575 0 533.0
1433154988892 1 589.0
1433154988920 0 645.0
1433154988640 1 561.0
1433154990677 0 533.0
1433154988992 1 589.0
1433154989021 0 645.0
1433154988740 1 561.0
1433154990778 0 533.0
1433154989093 1 589.0
1433154989123 0 645.0
1433154988842 1 561.0
1433154990879 0 533.0
1433154989193 1 589.0
1433154988943 1 561.0
1433154990981 0 533.0
1433154989293 1 589.0
1433154989223 0 645.0
1433154989323 0 645.0
1433154989045 1 561.0
1433154991082 0 533.0
1433154989393 1 589.0
1433154989425 0 645.0
1433154989147 1 561.0
1433154991182 0 533.0
1433154989493 1 589.0
1433154989528 0 645.0
1433154989249 1 561.0
1433154991283 0 533.0
1433154989593 1 589.0
1433154989628 0 645.0
1433154989351 1 561.0
1433154991385 0 533.0
1433154989693 1 589.0
1433154989730 0 645.0
1433154989452 1 561.0
1433154991487 0 533.0
1433154989794 1 589.0
1433154989831 0 645.0
1433154989554 1 561.0
1433154991589 0 533.0
1433154989894 1 589.0
1433154989931 0 645.0
1433154989656 1 561.0
1433154991689 0 533.0
1433154989995 1 589.0
1433154990032 0 645.0
1433154989758 1 561.0
1433154991790 0 533.0
1433154990095 1 589.0
1433154990133 0 645.0
1433154989860 1 561.0
1433154991892 0 533.0
1433154990195 1 589.0
1433154989962 1 561.0
1433154991994 0 533.0
1433154990295 1 589.0
1433154990233 0 645.0
1433154990334 0 645.0
1433154990064 1 561.0
1433154992096 0 533.0
1433154990395 1 589.0
1433154990434 0 645.0
1433154990166 1 561.0
1433154992195 0 533.0
1433154990496 1 589.0
1433154990536 0 645.0
1433154990267 1 561.0
1433154992296 0 533.0
1433154990597 1 589.0
1433154990637 0 645.0
1433154990367 1 561.0
1433154992398 0 533.0
1433154990696 1 589.0
1433154990738 0 645.0
1433154990467 1 561.0
1433154992499 0 533.0
1433154990797 1 589.0
1433154990839 0 645.0
1433154990568 1 561.0
1433154992601 0 533.0
1433154990898 1 589.0
1433154990941 0 645.0
1433154990668 1 561.0
1433154992702 0 533.0
1433154990999 1 589.0
1433154991042 0 645.0
1433154990769 1 561.0
1433154992804 0 533.0
1433154991098 1 589.0
1433154991144 0 645.0
1433154990869 1 561.0
1433154992906 0 533.0
1433154991199 1 589.0
1433154991245 0 645.0
1433154990970 1 561.0
1433154993008 0 533.0
1433154991299 1 589.0
1433154991348 0 645.0
1433154991071 1 561.0
1433154993110 0 533.0
1433154991399 1 589.0
1433154991448 0 645.0
1433154991173 1 561.0
1433154993212 0 533.0
1433154991499 1 589.0
1433154991549 0 645.0
1433154991274 1 561.0
1433154993313 0 533.0
1433154991599 1 589.0
1433154991650 0 645.0
1433154991376 1 561.0
1433154993415 0 533.0
1433154991699 1 589.0
1433154991752 0 645.0
1433154991477 1 561.0
1433154991799 1 589.0
1433154993517 0 533.0
1433154991853 0 645.0
1433154991578 1 561.0
1433154991900 1 589.0
1433154993618 0 533.0
1433154991955 0 645.0
1433154991679 1 561.0
1433154991999 1 589.0
1433154993720 0 533.0
1433154992057 0 645.0
1433154991781 1 561.0
1433154992099 1 589.0
1433154993822 0 533.0
1433154992158 0 645.0
1433154991882 1 561.0
1433154992199 1 589.0
1433154993924 0 533.0
1433154992259 0 645.0
1433154991983 1 561.0
1433154992299 1 589.0
1433154994026 0 533.0
1433154992359 0 645.0
1433154992084 1 561.0
1433154992399 1 589.0
1433154994127 0 533.0
1433154992461 0 645.0
1433154992185 1 561.0
1433154992499 1 589.0
1433154994228 0 533.0
1433154992563 0 645.0
1433154992286 1 561.0
1433154992599 1 589.0
1433154994330 0 533.0
1433154992664 0 645.0
1433154992388 1 561.0
1433154992699 1 589.0
1433154994431 0 533.0
1433154992765 0 645.0
1433154992489 1 561.0
1433154992799 1 589.0
1433154994533 0 533.0
1433154992866 0 645.0
1433154992591 1 561.0
1433154992900 1 589.0
1433154994635 0 533.0
1433154992968 0 645.0
1433154992692 1 561.0
1433154993000 1 589.0
1433154994737 0 533.0
1433154993069 0 645.0
1433154992793 1 561.0
1433154993101 1 589.0
1433154994840 0 533.0
1433154993170 0 645.0
1433154992894 1 561.0
1433154993201 1 589.0
1433154994942 0 533.0
1433154993271 0 645.0
1433154992995 1 561.0
1433154993301 1 589.0
1433154995042 0 533.0
1433154993371 0 645.0
1433154993096 1 561.0
1433154993401 1 589.0
1433154995145 0 533.0
1433154993472 0 645.0
1433154993198 1 561.0
1433154993501 1 589.0
1433154995246 0 533.0
1433154993574 0 645.0
1433154993299 1 561.0
1433154993601 1 589.0
1433154995347 0 533.0
1433154993676 0 645.0
1433154993401 1 561.0
1433154993701 1 589.0
1433154995447 0 533.0
1433154993778 0 645.0
1433154993502 1 561.0
1433154993802 1 589.0
1433154995549 0 533.0
1433154993880 0 645.0
1433154993604 1 561.0
1433154993902 1 589.0
1433154995650 0 533.0
1433154993982 0 645.0
1433154993704 1 561.0
1433154994003 1 589.0
1433154995751 0 533.0
1433154993806 1 561.0
1433154994103 1 589.0
1433154995852 0 533.0
1433154994083 0 645.0
1433154994184 0 645.0
1433154993906 1 561.0
1433154994203 1 589.0
1433154995954 0 533.0
1433154994286 0 645.0
1433154994007 1 561.0
1433154994303 1 589.0
1433154996055 0 533.0
1433154994388 0 645.0
1433154994108 1 561.0
1433154994404 1 589.0
1433154996159 0 533.0
1433154994489 0 645.0
1433154994209 1 561.0
1433154994503 1 589.0
1433154996259 0 533.0
1433154994310 1 561.0
1433154994604 1 589.0
1433154996359 0 533.0
1433154994590 0 645.0
1433154994412 1 561.0
1433154994704 1 589.0
1433154996461 0 533.0
1433154994692 0 645.0
1433154994513 1 561.0
1433154994805 1 589.0
1433154996563 0 533.0
1433154994793 0 645.0
1433154994894 0 645.0
1433154994615 1 561.0
1433154994905 1 589.0
1433154996665 0 533.0
1433154994996 0 645.0
1433154994716 1 561.0
1433154995006 1 589.0
1433154996768 0 533.0
1433154995097 0 645.0
1433154994817 1 561.0
1433154995107 1 589.0
1433154996869 0 533.0
1433154995199 0 645.0
1433154994918 1 561.0
1433154995207 1 589.0
1433154996971 0 533.0
1433154995301 0 645.0
1433154995020 1 561.0
1433154995307 1 589.0
1433154997072 0 533.0
1433154995402 0 645.0
1433154995122 1 561.0
1433154995407 1 589.0
1433154997173 0 533.0
1433154995503 0 645.0
1433154995224 1 561.0
1433154995507 1 589.0
1433154997275 0 533.0
1433154995605 0 645.0
1433154995326 1 561.0
1433154995607 1 589.0
1433154997377 0 533.0
1433154995707 0 645.0
1433154995428 1 561.0
1433154995707 1 589.0
1433154997479 0 533.0
1433154995809 0 645.0
1433154995530 1 561.0
1433154995807 1 589.0
1433154997580 0 533.0
1433154995911 0 645.0
1433154995632 1 561.0
1433154995907 1 589.0
1433154997681 0 533.0
1433154996008 1 589.0
1433154995734 1 561.0
1433154997783 0 533.0
1433154996011 0 645.0
1433154996112 0 645.0
1433154996108 1 589.0
1433154995836 1 561.0
1433154997884 0 533.0
1433154996214 0 645.0
1433154996208 1 589.0
1433154995938 1 561.0
1433154997986 0 533.0
1433154996316 0 645.0
1433154996308 1 589.0
1433154996040 1 561.0
1433154998087 0 533.0
1433154996417 0 645.0
1433154996408 1 589.0
1433154996142 1 561.0
1433154998190 0 533.0
1433154996517 0 645.0
1433154996508 1 589.0
1433154996243 1 561.0
1433154998291 0 533.0
1433154996619 0 645.0
1433154996609 1 589.0
1433154996345 1 561.0
1433154998392 0 533.0
1433154996720 0 645.0
1433154996709 1 589.0
1433154996446 1 561.0
1433154998494 0 533.0
1433154996822 0 645.0
1433154996810 1 589.0
1433154996548 1 561.0
1433154998595 0 533.0
1433154996910 1 589.0
1433154996924 0 645.0
1433154996650 1 561.0
1433154998696 0 533.0
1433154997011 1 589.0
1433154997025 0 645.0
1433154996752 1 561.0
1433154998797 0 533.0
1433154997111 1 589.0
1433154997127 0 645.0
1433154996853 1 561.0
1433154998899 0 533.0
1433154997211 1 589.0
1433154997229 0 645.0
1433154996955 1 561.0
1433154999000 0 533.0
1433154997311 1 589.0
1433154997331 0 645.0
1433154997057 1 561.0
1433154999102 0 533.0
1433154997412 1 589.0
1433154997431 0 645.0
1433154997159 1 561.0
1433154999204 0 533.0
1433154997512 1 589.0
1433154997531 0 645.0
1433154997261 1 561.0
1433154999305 0 533.0
1433154997613 1 589.0
1433154997632 0 645.0
1433154997363 1 561.0
1433154999406 0 533.0
1433154997713 1 589.0
1433154997734 0 645.0
1433154997465 1 561.0
1433154999507 0 533.0
1433154997813 1 589.0
1433154997835 0 645.0
1433154997567 1 561.0
1433154999609 0 533.0
1433154997913 1 589.0
1433154997936 0 645.0
1433154997668 1 561.0
1433154999712 0 533.0
1433154998013 1 589.0
1433154998037 0 645.0
1433154997769 1 561.0
1433154999814 0 533.0
1433154998113 1 589.0
1433154998139 0 645.0
1433154997869 1 561.0
1433154999915 0 533.0
1433154998214 1 589.0
1433154998240 0 645.0
1433154997970 1 561.0
1433155000016 0 533.0
1433154998314 1 589.0
1433154998341 0 645.0
1433154998070 1 561.0
1433155000118 0 533.0
1433154998414 1 589.0
1433154998442 0 645.0
1433154998172 1 561.0
1433155000220 0 533.0
1433154998514 1 589.0
1433154998543 0 645.0
1433154998273 1 561.0
1433155000322 0 533.0
1433154998614 1 589.0
1433154998644 0 645.0
1433154998373 1 561.0
1433155000424 0 533.0
1433154998714 1 589.0
1433154998746 0 645.0
1433154998474 1 561.0
1433155000525 0 533.0
1433154998814 1 589.0
1433154998848 0 645.0
1433154998574 1 561.0
1433155000626 0 533.0
1433154998915 1 589.0
1433154998950 0 645.0
1433154998674 1 561.0
1433154999015 1 589.0
1433154999052 0 645.0
1433154998775 1 561.0
1433154999116 1 589.0
1433154999154 0 645.0
1433155000729 0 533.0
1433154998876 1 561.0
1433155000831 0 533.0
1433154999216 1 589.0
1433154999256 0 645.0
1433154998976 1 561.0
1433154999316 1 589.0
1433155000932 0 533.0
1433155001033 0 533.0
1433154999358 0 645.0
1433154999076 1 561.0
1433154999416 1 589.0
1433155001134 0 533.0
1433154999459 0 645.0
1433154999177 1 561.0
1433154999516 1 589.0
1433155001235 0 533.0
1433154999561 0 645.0
1433154999278 1 561.0
