1432848206344 1 0.6416460275650024 6.789956092834473 6.847416877746582
1432848207887 0 0.11767979711294174 0.9414383769035339 10.512728691101074
1432848206544 1 0.5554547905921936 7.000645637512207 7.067683219909668
1432848208086 0 0.0784531980752945 0.9806649684906006 10.395049095153809
1432848206744 1 -0.019153613597154617 6.809109687805176 7.029376029968262
1432848208287 0 0.0784531980752945 0.9414383769035339 10.43427562713623
1432848208485 0 0.11767979711294174 0.9022117853164673 10.473502159118652
1432848206945 1 -0.5554547905921936 6.71334171295166 7.01979923248291
1432848207145 1 -0.8427590131759644 6.828263282775879 7.058106422424316
1432848207345 1 -0.8523358106613159 6.406883716583252 6.971915245056152
1432848208692 0 -0.0 0.9414383769035339 10.512728691101074
1432848208886 0 0.0784531980752945 1.019891619682312 10.63040828704834
1432848209088 0 0.313812792301178 0.8629851937294006 10.316595077514648
1432848207545 1 -0.33518823981285095 6.282385349273682 7.1251444816589355
1432848209287 0 0.11767979711294174 0.7060787677764893 10.002782821655273
1432848209484 0 -0.4314925968647003 0.23535959422588348 10.277368545532227
1432848207746 1 -0.4692635238170624 6.521805286407471 7.134721279144287
1432848207945 1 -0.507570743560791 6.57926607131958 7.115567684173584
1432848209692 0 1.9221034049987793 2.5497288703918457 10.63040828704834
1432848209892 0 0.313812792301178 0.7060787677764893 10.551955223083496
1432848208145 1 -0.6512228846549988 6.703764915466309 7.240066051483154
1432848208345 1 -0.49799394607543945 6.742072105407715 6.952761650085449
1432848210085 0 -0.627625584602356 3.4127140045166016 12.277925491333008
1432848210285 0 -7.1000142097473145 -0.9022117853164673 4.981778144836426
1432848210486 0 -6.040896415710449 1.9613299369812012 2.9812214374542236
1432848208546 1 -0.5746083855628967 6.703764915466309 7.000645637512207
1432848208746 1 -0.4118026793003082 6.540958881378174 7.086836814880371
1432848210686 0 -4.942551612854004 0.9806649684906006 10.159688949584961
1432848210887 0 -1.45138418674469 3.8442068099975586 10.238142013549805
1432848211087 0 1.647517204284668 4.158019542694092 8.276812553405762
1432848211287 0 4.589511871337891 1.7259703874588013 11.571846961975098
1432848211486 0 4.82487154006958 0.4314925968647003 13.02323055267334
1432848211688 0 -5.177911281585693 0.3922659754753113 4.314925670623779
1432848211892 0 -2.6281821727752686 1.1767979860305786 5.530950546264648
1432848212086 0 6.7077484130859375 3.4127140045166016 10.355822563171387
1432848212286 0 -4.040339469909668 3.4127140045166016 4.275699138641357
1432848212487 0 10.316595077514648 0.7060787677764893 2.6674087047576904
1432848212686 0 11.767979621887207 0.823758602142334 7.9629998207092285
1432848212888 0 0.4314925968647003 2.039783239364624 4.981778144836426
1432848208946 1 -0.26815059781074524 6.311115741729736 7.297526836395264
1432848209146 1 -0.2777273952960968 6.339846134185791 7.2783732414245605
1432848209346 1 -0.3447650372982025 6.45476770401001 7.067683219909668
1432848209546 1 -0.871489405632019 6.933608055114746 6.761225700378418
1432848209746 1 -1.4173674583435059 7.144298076629639 6.387730121612549
1432848209947 1 -2.0015525817871094 7.508216381072998 5.889736175537109
1432848210147 1 -1.9536685943603516 7.546523571014404 5.861005783081055
1432848210347 1 -2.31758713722229 7.929595947265625 5.20978307723999
1432848210547 1 -2.5953147411346436 9.605537414550781 4.1180267333984375
1432848210747 1 2.346317768096924 7.575253963470459 -0.49799394607543945
1432848210947 1 3.361459255218506 4.836287498474121 -0.05746084079146385
1432848211147 1 -7.872135162353516 7.680599212646484 3.5721490383148193
1432848211347 1 -7.65186882019043 7.95832633972168 3.0550012588500977
1432848213088 0 -12.31715202331543 2.079009771347046 2.6281821727752686
1432848213286 0 9.257477760314941 -5.099457740783691 5.217137813568115
1432848213488 0 11.101127624511719 0.823758602142334 10.159688949584961
1432848211547 1 0.0 6.531382083892822 0.019153613597154617
1432848211747 1 1.0247182846069336 4.529829502105713 2.097320795059204
1432848213687 0 -3.5303938388824463 0.47071918845176697 10.591181755065918
1432848211948 1 -5.7556610107421875 7.565677165985107 6.761225700378418
1432848213886 0 18.750314712524414 2.1966896057128906 -5.099457740783691
1432848212148 1 -5.324704647064209 7.671022415161133 2.2601263523101807
1432848212348 1 -4.865017890930176 6.6846113204956055 4.424484729766846
1432848212548 1 -5.5545477867126465 6.6846113204956055 4.807557106018066
1432848214087 0 0.156906396150589 -5.609403610229492 -0.9414383769035339
1432848212748 1 -4.960785865783691 6.071695327758789 5.544970989227295
1432848214286 0 17.338157653808594 7.688413619995117 -20.005565643310547
1432848214487 0 1.0983448028564453 -4.11879301071167 11.767979621887207
1432848214688 0 13.53317642211914 -2.2751426696777344 -20.005565643310547
1432848212948 1 -5.353435039520264 6.157886981964111 5.65031623840332
1432848213148 1 -4.912901878356934 5.937620162963867 5.458779811859131
1432848213348 1 -4.970362663269043 5.975927352905273 5.592854976654053
1432848214887 0 7.335373878479004 -9.414383888244629 -2.9419949054718018
1432848215086 0 0.313812792301178 -10.473502159118652 20.005565643310547
1432848215287 0 12.630965232849121 -6.864655017852783 -20.005565643310547
1432848213549 1 -5.190629482269287 6.186617374420166 5.200206279754639
1432848213749 1 -5.018246650695801 6.023811340332031 5.4013190269470215
1432848213949 1 -5.07570743560791 6.081272125244141 5.458779811859131
1432848214149 1 -5.372588634490967 6.244078159332275 5.190629482269287
1432848215487 0 0.9414383769035339 -15.455280303955078 11.767979621887207
1432848215688 0 11.885659217834473 -20.005565643310547 10.512728691101074
1432848215886 0 1.255251169204712 -5.099457740783691 -20.005565643310547
1432848214349 1 -5.07570743560791 6.004657745361328 5.449203014373779
1432848214549 1 -5.353435039520264 6.100425720214844 5.2480902671813965
1432848214749 1 -5.20978307723999 6.157886981964111 5.1331682205200195
1432848216088 0 -4.158019542694092 -19.927112579345703 20.005565643310547
1432848216285 0 12.238698959350586 -8.394492149353027 -20.005565643310547
1432848216486 0 11.728753089904785 -11.924885749816895 -10.042009353637695
1432848214950 1 -5.631162166595459 6.4164605140686035 5.640739440917969
1432848215150 1 -6.253654956817627 6.866570472717285 4.9799394607543945
1432848215350 1 -1.4748282432556152 2.1356279850006104 11.91354751586914
1432848216686 0 3.0204482078552246 -1.5690639019012451 5.727083683013916
1432848216887 0 11.964112281799316 -0.823758602142334 -0.03922659903764725
1432848217088 0 10.90499496459961 -0.35303938388824463 -0.03922659903764725
1432848215550 1 -11.30063247680664 2.9879636764526367 -1.5418659448623657
1432848215750 1 -12.02846908569336 4.51067590713501 -9.959878921508789
1432848215950 1 -9.289502143859863 0.7182605266571045 8.054094314575195
1432848217287 0 8.119906425476074 -1.4121575355529785 2.7458620071411133
1432848217486 0 9.375157356262207 -0.23535959422588348 2.824315071105957
1432848217686 0 9.375157356262207 -0.509945809841156 3.177354574203491
1432848216150 1 -10.927136421203613 -1.9823989868164062 4.63517427444458
1432848216350 1 -7.661445617675781 1.2545616626739502 -11.27190113067627
1432848216550 1 -10.678139686584473 -0.9289502501487732 1.2737152576446533
1432848217887 0 9.728196144104004 -1.3337043523788452 3.0204482078552246
1432848218086 0 9.257477760314941 -0.509945809841156 3.726526975631714
1432848218287 0 9.061344146728516 -0.35303938388824463 3.5303938388824463
1432848216751 1 -8.216899871826172 -6.349422931671143 13.187262535095215
1432848216951 1 -6.301538944244385 -2.7676970958709717 -11.348516464233398
1432848217151 1 -10.496180534362793 -2.5761611461639404 -0.5363011956214905
1432848218487 0 9.64974308013916 -0.823758602142334 2.863541841506958
1432848218686 0 9.492836952209473 -0.23535959422588348 4.079566478729248
1432848218888 0 9.21825122833252 -0.7845319509506226 3.8049800395965576
1432848217351 1 -1.0247182846069336 -2.432508945465088 7.977479934692383
1432848217551 1 -2.0207061767578125 5.066130638122559 5.889736175537109
1432848217751 1 -2.6815059185028076 6.426037311553955 5.841852188110352
1432848219087 0 4.432605743408203 -1.7259703874588013 4.314925670623779
1432848219286 0 2.863541841506958 -0.23535959422588348 9.532063484191895
1432848219485 0 0.7845319509506226 0.0784531980752945 10.395049095153809
1432848219687 0 0.823758602142334 0.03922659903764725 10.43427562713623
1432848217951 1 -1.5131354331970215 5.803544998168945 9.117119789123535
1432848218151 1 0.2298433631658554 5.20978307723999 8.523358345031738
1432848218351 1 -1.2258312702178955 4.185064792633057 8.53293514251709
1432848219887 0 0.8629851937294006 0.03922659903764725 10.473502159118652
1432848220087 0 0.8629851937294006 -0.0 10.473502159118652
1432848220287 0 0.823758602142334 -0.0 10.43427562713623
1432848218551 1 2.2697031497955322 3.2369606494903564 7.833827972412109
1432848218752 1 1.6855180263519287 -0.4213795065879822 12.038045883178711
1432848218952 1 6.301538944244385 2.0207061767578125 -3.993528366088867
1432848220485 0 0.8629851937294006 0.03922659903764725 10.512728691101074
1432848220688 0 0.9414383769035339 -0.0 10.669634819030762
1432848220887 0 0.9414383769035339 0.03922659903764725 10.395049095153809
1432848219153 1 4.156333923339844 -2.8347349166870117 9.892841339111328
1432848219353 1 8.26478385925293 1.5418659448623657 -7.393294811248779
1432848219553 1 0.6703764796257019 -2.231395959854126 6.598419666290283
1432848221088 0 0.9022117853164673 0.0784531980752945 10.591181755065918
1432848221287 0 0.9022117853164673 0.19613298773765564 10.512728691101074
1432848221486 0 0.8629851937294006 0.11767979711294174 10.473502159118652
1432848219753 1 8.33182144165039 -4.4532151222229 0.5937620401382446
1432848219953 1 7.201758861541748 3.332728862762451 -2.0207061767578125
1432848220154 1 -1.5610195398330688 2.1739351749420166 6.89530086517334
1432848221687 0 0.7060787677764893 -0.0784531980752945 10.316595077514648
1432848221885 0 0.9022117853164673 -0.0 10.395049095153809
1432848222088 0 0.9022117853164673 -0.0 10.355822563171387
1432848220354 1 -0.028730420395731926 3.8115692138671875 7.489062786102295
1432848220554 1 -2.030282974243164 5.20978307723999 6.358999729156494
1432848220754 1 7.920019149780273 10.055646896362305 0.9097966551780701
1432848222287 0 0.823758602142334 0.03922659903764725 10.473502159118652
1432848222487 0 0.156906396150589 -0.3922659754753113 9.845876693725586
1432848222687 0 1.0591181516647339 -0.11767979711294174 10.63040828704834
1432848221023 1 3.3901896476745605 6.3973069190979 5.008669853210449
1432848221157 1 4.003105163574219 8.513781547546387 3.6774938106536865
1432848221357 1 -0.07661445438861847 3.265691041946411 0.7757213711738586
1432848222887 0 0.7845319509506226 -0.0 10.748087882995605
1432848223090 0 0.9806649684906006 -0.11767979711294174 10.159688949584961
1432848223286 0 0.9414383769035339 -0.03922659903764725 10.395049095153809
1432848223485 0 0.4314925968647003 -0.156906396150589 10.198915481567383
1432848221557 1 -2.978386878967285 5.305551052093506 1.455674648284912
1432848221757 1 1.8100165128707886 7.297526836395264 2.4612393379211426
1432848223686 0 0.8629851937294006 -0.0 10.551955223083496
1432848223886 0 0.8629851937294006 -0.0 10.473502159118652
1432848221957 1 1.3120225667953491 7.661445617675781 5.008669853210449
1432848224088 0 0.9806649684906006 -0.0 10.473502159118652
1432848222157 1 1.1492167711257935 7.46033239364624 6.004657745361328
1432848222357 1 0.5746083855628967 7.249642848968506 6.224924564361572
1432848224287 0 0.8629851937294006 0.03922659903764725 10.512728691101074
1432848222557 1 0.1149216815829277 6.751648902893066 6.904877662658691
1432848224487 0 0.9022117853164673 0.03922659903764725 10.512728691101074
1432848224686 0 0.9022117853164673 -0.0 10.473502159118652
1432848222758 1 0.8906430602073669 6.196194171905518 7.297526836395264
1432848222958 1 1.5514427423477173 5.832275390625 7.33583402633667
1432848224887 0 0.8629851937294006 0.03922659903764725 10.395049095153809
1432848225088 0 0.9414383769035339 0.03922659903764725 10.591181755065918
1432848223158 1 1.3215993642807007 5.726930618286133 7.46033239364624
1432848223359 1 1.436521053314209 3.026270866394043 7.785943984985352
1432848225287 0 0.823758602142334 -0.03922659903764725 10.551955223083496
1432848223558 1 -2.1547815799713135 3.8115692138671875 9.940725326538086
1432848225485 0 0.9414383769035339 -0.03922659903764725 10.43427562713623
1432848225686 0 0.8629851937294006 0.03922659903764725 10.395049095153809
1432848223758 1 -4.903325080871582 5.679046630859375 7.680599212646484
1432848223958 1 -4.721365928649902 5.717353820800781 5.746084213256836
1432848225886 0 0.8629851937294006 0.03922659903764725 10.551955223083496
1432848224158 1 -0.8810662031173706 0.3064578175544739 -3.1890766620635986
1432848226088 0 0.9022117853164673 -0.156906396150589 10.43427562713623
1432848226286 0 0.8629851937294006 0.11767979711294174 10.512728691101074
1432848224358 1 -6.627150535583496 -9.653421401977539 -11.109095573425293
1432848224559 1 2.0398597717285156 -1.6855180263519287 6.8378400802612305
1432848226485 0 0.9022117853164673 0.03922659903764725 10.395049095153809
1432848226685 0 0.8629851937294006 -0.0 10.43427562713623
1432848224759 1 -0.7757213711738586 -1.7334020137786865 4.501099109649658
1432848226887 0 0.7060787677764893 -0.03922659903764725 10.512728691101074
1432848224959 1 -3.581725835800171 -12.02846908569336 -1.3311761617660522
1432848225159 1 0.43095630407333374 -0.40222588181495667 12.660538673400879
1432848227086 0 0.9022117853164673 0.03922659903764725 10.512728691101074
1432848227286 0 0.9414383769035339 0.0784531980752945 10.591181755065918
1432848225359 1 -2.8155810832977295 -6.646304130554199 -4.759673118591309
1432848227485 0 0.8629851937294006 -0.11767979711294174 10.355822563171387
1432848225559 1 -0.9481038451194763 -0.2106897532939911 3.3710360527038574
1432848225760 1 -0.49799394607543945 -1.6184803247451782 9.739612579345703
1432848225769 1 -1.2258312702178955 -2.5953147411346436 8.02536392211914
1432848225779 1 -1.6089035272598267 -3.466804027557373 6.406883716583252
1432848225790 1 -1.3215993642807007 -4.01268196105957 3.936067581176758
1432848225800 1 -1.0342950820922852 -4.462791919708252 2.078166961669922
1432848225810 1 -0.40222588181495667 -3.9264907836914062 0.9002198576927185
1432848225820 1 0.5363011956214905 -5.39174222946167 -0.5363011956214905
1432848225830 1 1.158793568611145 -6.215347766876221 -1.6855180263519287
1432848225841 1 1.3503297567367554 -6.9240312576293945 -3.3710360527038574
1432848225851 1 0.9864110946655273 -6.914454460144043 -6.445190906524658
1432848227687 0 0.7845319509506226 -0.0 10.43427562713623
1432848227888 0 0.823758602142334 -0.03922659903764725 10.473502159118652
1432848225861 1 0.17238251864910126 -6.876147270202637 -10.055646896362305
1432848225871 1 -0.9481038451194763 -7.412448406219482 -14.077905654907227
1432848225882 1 -2.1356279850006104 -7.6997528076171875 -15.792154312133789
1432848225891 1 -2.9879636764526367 -8.379706382751465 -17.38190460205078
1432848225901 1 -3.7636849880218506 -9.490615844726562 -18.454505920410156
1432848225912 1 -4.759673118591309 -10.505757331848145 -18.990808486938477
1432848225922 1 -5.813121795654297 -10.869675636291504 -19.25895881652832
1432848225935 1 -6.856993675231934 -10.898406028747559 -19.24938201904297
1432848225942 1 -7.546523571014404 -11.022904396057129 -19.1440372467041
1432848225952 1 -7.910442352294922 -11.377246856689453 -19.306842803955078
1432848225962 1 -7.603984832763672 -11.674127578735352 -19.421764373779297
1432848225973 1 -7.2113356590271 -11.587936401367188 -19.287689208984375
1432848225982 1 -6.617573261260986 -11.291055679321289 -17.7937068939209
1432848225992 1 -5.95677375793457 -10.8505220413208 -15.409082412719727
1432848226003 1 -4.960785865783691 -11.760318756103516 -11.051634788513184
1432848226013 1 -4.941632270812988 -12.287043571472168 -7.163451671600342
1432848226023 1 -6.550535678863525 -14.566323280334473 -1.9728221893310547
1432848226033 1 -7.95832633972168 -15.188815116882324 7.249642848968506
1432848226043 1 -7.6997528076171875 -10.591948509216309 13.397953033447266
1432848226053 1 -7.000645637512207 -5.123591423034668 16.47210693359375
1432848226063 1 -4.76924991607666 0.5267243981361389 17.362751007080078
1432848226075 1 -0.10534487664699554 2.5953147411346436 12.555193901062012
1432848226083 1 3.2082302570343018 -0.6607996821403503 7.690176010131836
1432848226093 1 4.616020679473877 -4.606443881988525 6.349422931671143
1432848226104 1 4.194641590118408 -4.76924991607666 7.987056732177734
1432848226114 1 2.3750481605529785 -3.3423056602478027 13.761871337890625
1432848226124 1 2.2409727573394775 1.235408067703247 16.65406608581543
1432848226134 1 2.911349296569824 4.089296340942383 18.10016441345215
1432848226144 1 3.5242648124694824 3.6966474056243896 18.81842613220215
1432848226154 1 4.252102375030518 1.6663644313812256 19.182344436645508
1432848226167 1 5.123591423034668 -2.0877439975738525 19.45049476623535
1432848226177 1 4.788403511047363 -1.7142484188079834 19.49837875366211
1432848226187 1 4.6255974769592285 -0.19153612852096558 19.517532348632812
1432848226198 1 4.299986362457275 1.436521053314209 19.527109146118164
1432848226208 1 3.44765043258667 2.691082715988159 19.536685943603516
1432848226218 1 2.518700122833252 3.7445313930511475 19.536685943603516
1432848226228 1 1.3215993642807007 4.596867084503174 19.536685943603516
1432848226238 1 0.363918662071228 4.750096321105957 19.536685943603516
1432848226248 1 -0.4884171485900879 3.6966474056243896 18.569427490234375
1432848226258 1 -0.9193734526634216 1.8100165128707886 16.89348793029785
1432848226268 1 -1.0534487962722778 -0.4213795065879822 14.882357597351074
1432848226278 1 -1.072602391242981 -1.9632453918457031 12.966996192932129
1432848226289 1 -1.4077905416488647 -2.604891538619995 11.204863548278809
1432848226299 1 -1.656787633895874 -3.00711727142334 9.643844604492188
1432848226309 1 -1.5610195398330688 -3.4380736351013184 7.747636795043945
1432848226319 1 -1.2832920551300049 -4.223371982574463 5.477933406829834
1432848226329 1 -0.8236053586006165 -4.568136692047119 4.165910720825195
1432848226339 1 -0.028730420395731926 -1.5610195398330688 1.3024457693099976
1432848226349 1 1.3120225667953491 -3.1890766620635986 -0.14365209639072418
1432848228088 0 0.9022117853164673 0.11767979711294174 10.591181755065918
1432848226359 1 2.1930887699127197 -4.702212333679199 -1.292868971824646
1432848226369 1 2.5282769203186035 -5.9088897705078125 -2.279279947280884
1432848226380 1 2.4803929328918457 -6.607996463775635 -4.175487995147705
1432848226390 1 2.145204782485962 -6.703764915466309 -6.89530086517334
1432848226400 1 1.1779472827911377 -7.575253963470459 -8.820239067077637
1432848226410 1 -0.17238251864910126 -9.174580574035645 -10.342951774597168
1432848226420 1 -1.1204863786697388 -9.921571731567383 -12.708422660827637
1432848226430 1 -2.2601263523101807 -10.342951774597168 -15.715539932250977
1432848226440 1 -3.3901896476745605 -10.869675636291504 -17.62132453918457
1432848226450 1 -4.299986362457275 -11.348516464233398 -18.579004287719727
1432848226460 1 -5.190629482269287 -11.568782806396484 -18.971654891967773
1432848226470 1 -6.167463779449463 -11.951854705810547 -18.808849334716797
1432848226481 1 -6.45476770401001 -12.085929870605469 -19.038692474365234
1432848226491 1 -5.803544998168945 -11.635820388793945 -19.038692474365234
1432848226501 1 -5.315127849578857 -11.66455078125 -18.741811752319336
1432848226511 1 -5.018246650695801 -11.08994197845459 -17.8128604888916
1432848226521 1 -5.027823448181152 -10.639832496643066 -16.22311019897461
1432848226531 1 -5.966350555419922 -10.697293281555176 -13.656526565551758
1432848226541 1 -6.789956092834473 -12.200851440429688 -9.299078941345215
1432848226551 1 -6.981492042541504 -15.868768692016602 -3.3518824577331543
1432848226561 1 -8.08282470703125 -17.697938919067383 4.855441093444824
1432848226571 1 -8.83939266204834 -15.926229476928711 12.200851440429688
1432848226582 1 -7.2113356590271 -11.894393920898438 15.686809539794922
1432848226592 1 -4.6734819412231445 -7.2113356590271 17.19036865234375
1432848226602 1 -0.15322890877723694 -2.9017724990844727 16.41464614868164
1432848226612 1 3.6391866207122803 -1.1971008777618408 15.993267059326172
1432848226622 1 7.173028469085693 0.4213795065879822 17.286136627197266
1432848226632 1 7.833827972412109 1.072602391242981 18.4066219329834
1432848226642 1 6.5696892738342285 1.359906554222107 18.971654891967773
1432848226652 1 5.324704647064209 2.7006595134735107 19.25895881652832
1432848226668 1 4.587290287017822 2.604891538619995 19.469648361206055
1432848226677 1 4.558559894561768 0.8523358106613159 18.655620574951172
1432848226687 1 4.702212333679199 -0.9002198576927185 17.276559829711914
1432848226697 1 4.778826713562012 -1.656787633895874 16.788143157958984
1432848226707 1 4.932055473327637 -1.5897499322891235 16.28057098388672
1432848226718 1 4.491522312164307 -0.7757213711738586 15.725116729736328
1432848226728 1 3.840299606323242 0.31603461503982544 14.863204002380371
1432848226738 1 2.959233283996582 1.2641384601593018 13.48414421081543
1432848226748 1 1.8483237028121948 2.0590133666992188 11.865663528442383
1432848226758 1 0.7852981686592102 2.537853717803955 10.017339706420898
1432848226768 1 -0.12449848651885986 2.691082715988159 8.245630264282227
1432848226778 1 -0.7852981686592102 2.8826189041137695 6.8378400802612305
1432848226788 1 -1.3024457693099976 3.19865345954895 5.889736175537109
1432848226799 1 -1.6855180263519287 3.754108190536499 5.363011837005615
1432848226809 1 -1.8291701078414917 4.395754337310791 5.037400245666504
1432848226819 1 -1.8387469053268433 4.855441093444824 5.008669853210449
1432848226829 1 -1.8291701078414917 5.008669853210449 5.190629482269287
1432848226839 1 -1.7908629179000854 5.07570743560791 5.65031623840332
1432848226849 1 -1.7812861204147339 5.2672438621521 6.14831018447876
1432848228287 0 0.8629851937294006 0.03922659903764725 10.551955223083496
1432848228489 0 0.9806649684906006 0.03922659903764725 10.591181755065918
1432848228689 0 0.9414383769035339 0.0784531980752945 10.395049095153809
1432848226859 1 -1.8483237028121948 5.458779811859131 6.665457725524902
1432848226869 1 -1.9153614044189453 5.70777702331543 7.220912456512451
1432848226880 1 -2.049436569213867 5.995080947875977 7.51779317855835
1432848226890 1 -2.1356279850006104 6.129156112670898 7.642292022705078
1432848226900 1 -2.298433542251587 5.966350555419922 7.556100368499756
1432848226910 1 -2.3367409706115723 5.7556610107421875 7.412448406219482
1432848226920 1 -2.250549554824829 5.7556610107421875 7.1921820640563965
1432848226930 1 -2.1356279850006104 5.774814605712891 7.144298076629639
1432848226940 1 -1.9345149993896484 5.746084213256836 7.287950038909912
1432848226950 1 -1.6663644313812256 5.793968200683594 7.4316020011901855
1432848226960 1 -1.3503297567367554 5.784391403198242 7.546523571014404
1432848226970 1 -1.0821791887283325 5.65031623840332 7.623138427734375
1432848226981 1 -0.8140285611152649 5.592854976654053 7.6997528076171875
1432848226991 1 -0.545877993106842 5.65031623840332 7.843404769897461
1432848227001 1 -0.33518823981285095 5.640739440917969 7.929595947265625
1432848227011 1 -0.1628057211637497 5.70777702331543 7.891288757324219
1432848227021 1 -0.08619125932455063 5.640739440917969 7.785943984985352
1432848227031 1 0.019153613597154617 5.5545477867126465 7.690176010131836
1432848227041 1 0.12449848651885986 5.497087001800537 7.642292022705078
1432848227051 1 0.23942017555236816 5.420472621917725 7.661445617675781
1432848227061 1 0.3447650372982025 5.4875102043151855 7.613561630249023
1432848227071 1 0.4405331015586853 5.497087001800537 7.642292022705078
1432848227082 1 0.43095630407333374 5.477933406829834 7.671022415161133
1432848227092 1 0.4405331015586853 5.51624059677124 7.795520782470703
1432848227102 1 0.4884171485900879 5.602431774139404 8.044517517089844
1432848227112 1 0.545877993106842 5.765237808227539 8.580819129943848
1432848227122 1 0.6416460275650024 5.918466567993164 9.050082206726074
1432848227132 1 0.6991068720817566 5.995080947875977 9.519346237182617
1432848227142 1 0.689530074596405 6.157886981964111 10.132261276245117
1432848227152 1 0.7374141216278076 6.435614109039307 10.47702693939209
1432848227167 1 0.6129156351089478 6.751648902893066 11.473014831542969
1432848227177 1 0.4596867263317108 7.220912456512451 12.229581832885742
1432848227187 1 0.5171475410461426 7.565677165985107 12.72757625579834
1432848227197 1 0.6033388376235962 7.51779317855835 12.928689002990723
1432848227207 1 0.5841852426528931 7.412448406219482 12.986149787902832
1432848227217 1 0.6129156351089478 7.105990409851074 12.804190635681152
1432848227227 1 0.545877993106842 6.8378400802612305 12.660538673400879
1432848227237 1 0.4118026793003082 6.512228488922119 12.564770698547363
1432848227247 1 0.3926490843296051 6.004657745361328 12.344504356384277
1432848227258 1 0.4884171485900879 5.353435039520264 12.047622680664062
1432848227268 1 0.4884171485900879 4.606443881988525 11.367670059204102
1432848227278 1 0.49799394607543945 3.993528366088867 10.065223693847656
1432848227289 1 0.33518823981285095 3.6583402156829834 8.418013572692871
1432848227299 1 0.40222588181495667 3.7636849880218506 6.885724067687988
1432848227309 1 0.26815059781074524 3.6391866207122803 5.066130638122559
1432848227319 1 0.35434186458587646 4.146757125854492 3.026270866394043
1432848227329 1 0.40222588181495667 3.1028854846954346 0.43095630407333374
1432848227339 1 0.2585737705230713 2.5282769203186035 -2.049436569213867
1432848227349 1 0.3256114423274994 1.5131354331970215 -4.395754337310791
1432848227360 1 0.2298433631658554 0.5363011956214905 -6.311115741729736
1432848227370 1 -0.038307227194309235 -0.5746083855628967 -7.814674377441406
1432848227380 1 -0.6129156351089478 -1.800439715385437 -9.097966194152832
1432848227390 1 -1.3886369466781616 -2.4899697303771973 -10.08437728881836
1432848227400 1 -2.2218191623687744 -3.0837318897247314 -11.396400451660156
1432848227410 1 -2.9496564865112305 -3.9264907836914062 -12.354081153869629
1432848227420 1 -3.9169139862060547 -4.568136692047119 -13.532028198242188
1432848227431 1 -4.51067590713501 -5.2480902671813965 -14.595053672790527
1432848227441 1 -4.884171485900879 -6.004657745361328 -16.060304641723633
1432848227451 1 -4.9799394607543945 -6.876147270202637 -17.266983032226562
1432848228889 0 0.8629851937294006 0.03922659903764725 10.512728691101074
1432848229089 0 0.8629851937294006 -0.0 10.512728691101074
1432848229287 0 0.8629851937294006 -0.03922659903764725 10.512728691101074
1432848227461 1 -4.865017890930176 -7.307103633880615 -18.023550033569336
1432848227471 1 -4.788403511047363 -7.220912456512451 -18.195932388305664
1432848227481 1 -4.702212333679199 -7.048529624938965 -18.253393173217773
1432848227491 1 -4.443638324737549 -6.7708024978637695 -18.330007553100586
1432848227501 1 -3.6774938106536865 -6.8378400802612305 -18.588581085205078
1432848227511 1 -2.5665841102600098 -6.445190906524658 -18.17677879333496
1432848227521 1 -1.4173674583435059 -5.726930618286133 -17.152061462402344
1432848227532 1 -0.49799394607543945 -5.018246650695801 -15.16008472442627
1432848227542 1 -0.047884032130241394 -4.577713489532471 -12.516886711120605
1432848227552 1 -0.181959331035614 -4.587290287017822 -8.925583839416504
1432848227562 1 -0.4213795065879822 -5.39174222946167 -4.8937482833862305
1432848227572 1 -1.7142484188079834 -7.3454108238220215 -0.31603461503982544
1432848227582 1 -3.9456443786621094 -9.576807022094727 5.276820659637451
1432848227593 1 -6.531382083892822 -9.768342971801758 15.763423919677734
1432848227603 1 -8.178592681884766 -1.7812861204147339 17.640478134155273
1432848227613 1 -5.784391403198242 2.432508945465088 18.588581085205078
1432848227623 1 -0.49799394607543945 4.060565948486328 15.265430450439453
1432848227633 1 4.702212333679199 -1.1971008777618408 8.753201484680176
1432848227643 1 10.879252433776855 -1.6663644313812256 5.774814605712891
1432848227653 1 11.674127578735352 -1.5418659448623657 10.323798179626465
1432848229485 0 0.7060787677764893 -0.27458620071411133 10.591181755065918
1432848227663 1 10.5344877243042 -1.7621324062347412 13.886369705200195
1432848227673 1 9.730035781860352 -0.038307227194309235 16.711528778076172
1432848227683 1 8.820239067077637 1.6663644313812256 18.128894805908203
1432848227694 1 8.034940719604492 2.3367409706115723 18.83757972717285
1432848227704 1 8.073247909545898 1.5418659448623657 18.626888275146484
1432848227714 1 8.130708694458008 0.1149216815829277 17.037139892578125
1432848227724 1 7.929595947265625 -0.22026655077934265 16.730682373046875
1432848227734 1 7.441178798675537 0.07661445438861847 16.979679107666016
1432848227744 1 6.646304130554199 0.5363011956214905 16.673221588134766
1432848227755 1 5.621585369110107 1.292868971824646 15.763423919677734
1432848227765 1 4.788403511047363 2.231395959854126 14.556746482849121
1432848227776 1 4.079719543457031 2.9879636764526367 14.087482452392578
1432848227786 1 3.5721490383148193 3.514688014984131 13.867216110229492
1432848227796 1 2.940079689025879 3.4763808250427246 13.196839332580566
1432848227806 1 2.2026655673980713 3.1028854846954346 12.325350761413574
1432848227816 1 1.4939818382263184 2.365471363067627 11.233593940734863
1432848227827 1 0.9097966551780701 2.0877439975738525 10.936713218688965
1432848227836 1 0.6799532771110535 2.212242364883423 10.716446876525879
1432848227846 1 0.5746083855628967 2.145204782485962 10.381258964538574
1432848227856 1 0.6129156351089478 1.7046716213226318 9.739612579345703
1432848227866 1 0.727837324142456 1.072602391242981 8.08282470703125
1432848227876 1 0.5841852426528931 0.4884171485900879 6.636727333068848
1432848227887 1 0.545877993106842 0.0 4.367023944854736
1432848227897 1 0.507570743560791 -0.689530074596405 1.9153614044189453
1432848227907 1 0.6991068720817566 -1.2737152576446533 -0.8236053586006165
1432848227917 1 1.158793568611145 -0.3734954595565796 -3.6583402156829834
1432848227928 1 0.6799532771110535 -1.3215993642807007 -5.889736175537109
1432848228050 1 0.6607996821403503 -1.656787633895874 -7.613561630249023
1432848228050 1 0.7757213711738586 -2.604891538619995 -8.734047889709473
1432848228050 1 1.2449848651885986 -3.2082302570343018 -9.77791976928711
1432848228050 1 1.8291701078414917 -4.003105163574219 -11.013327598571777
1432848228050 1 2.585737943649292 -5.257667064666748 -11.923124313354492
1432848228050 1 2.5474305152893066 -6.904877662658691 -13.579912185668945
1432848228051 1 1.9249382019042969 -7.220912456512451 -15.361198425292969
1432848228051 1 1.3503297567367554 -7.000645637512207 -17.448942184448242
1432848229686 0 0.9022117853164673 0.03922659903764725 10.591181755065918
1432848228051 1 0.4884171485900879 -7.4986395835876465 -18.492813110351562
1432848229887 0 0.9022117853164673 0.03922659903764725 10.512728691101074
1432848228051 1 -0.6799532771110535 -7.718906402587891 -19.00996208190918
1432848230087 0 0.7845319509506226 0.156906396150589 10.473502159118652
1432848228051 1 -2.0877439975738525 -7.422025203704834 -19.086576461791992
1432848228051 1 -3.3423056602478027 -6.694188117980957 -17.92778205871582
1432848228060 1 -4.022258758544922 -5.612008571624756 -16.558298110961914
1432848228070 1 -4.1180267333984375 -4.76924991607666 -15.198391914367676
1432848228082 1 -3.7924153804779053 -4.261679172515869 -14.020444869995117
1432848228090 1 -2.806004285812378 -3.687070608139038 -13.235146522521973
1432848228101 1 -1.8579005002975464 -2.8634653091430664 -11.66455078125
1432848228110 1 -0.9672574996948242 -1.9728221893310547 -10.400412559509277
1432848228120 1 -0.6320692300796509 -1.436521053314209 -9.059659004211426
1432848228131 1 -0.7565677165985107 -1.4077905416488647 -7.4316020011901855
1432848228141 1 -1.292868971824646 -2.3558945655822754 -5.219359874725342
1432848228152 1 -2.2697031497955322 -4.3191399574279785 -1.944091796875
1432848228161 1 -4.778826713562012 -5.861005783081055 5.7556610107421875
1432848228171 1 -5.784391403198242 -3.112462282180786 12.650961875915527
1432848228181 1 -5.928043365478516 6.157886981964111 17.822437286376953
1432848228191 1 -4.3861775398254395 5.4013190269470215 17.91820526123047
1432848228201 1 -0.20111294090747833 3.0837318897247314 15.811307907104492
1432848228211 1 4.616020679473877 2.5761611461639404 15.016432762145996
1432848228221 1 7.15387487411499 2.7485435009002686 13.991714477539062
1432848228231 1 6.6846113204956055 3.4093432426452637 16.031574249267578
1432848228242 1 5.3342814445495605 5.2480902671813965 17.784130096435547
1432848228251 1 4.194641590118408 6.196194171905518 18.665197372436523
1432848228262 1 3.5913026332855225 6.368576526641846 19.105730056762695
1432848228272 1 3.4955344200134277 5.525817394256592 19.32599639892578
1432848228282 1 3.6583402156829834 4.003105163574219 19.1440372467041
1432848228292 1 3.5051112174987793 3.332728862762451 18.071434020996094
1432848228302 1 3.0358476638793945 3.6774938106536865 16.82645034790039
1432848228312 1 2.1547815799713135 4.491522312164307 16.15607261657715
1432848228322 1 1.3120225667953491 5.4875102043151855 15.964536666870117
1432848228332 1 0.9768342971801758 6.291962146759033 15.418659210205078
1432848228344 1 0.9385270476341248 6.550535678863525 14.79616641998291
1432848228352 1 0.7374141216278076 6.234501361846924 14.384364128112793
1432848228363 1 0.4118026793003082 4.405331134796143 13.579912185668945
1432848228373 1 0.6512228846549988 3.514688014984131 11.932701110839844
1432848228383 1 0.5171475410461426 1.7812861204147339 10.400412559509277
1432848228393 1 0.7182605266571045 0.038307227194309235 8.149862289428711
1432848228403 1 1.0534487962722778 -1.2449848651885986 5.027823448181152
1432848228414 1 1.0630255937576294 -2.1164743900299072 2.5953147411346436
1432848228425 1 1.3311761617660522 -2.786850690841675 0.47884035110473633
1432848228735 1 1.5610195398330688 -2.9496564865112305 -1.8387469053268433
1432848228736 1 1.7717092037200928 -3.294421434402466 -3.840299606323242
1432848228740 1 1.800439715385437 -3.4572272300720215 -4.941632270812988
1432848228740 1 1.9823989868164062 -3.734954595565796 -6.01423454284668
1432848228740 1 2.365471363067627 -4.022258758544922 -7.661445617675781
1432848228740 1 2.7772738933563232 -3.993528366088867 -9.787496566772461
1432848228741 1 3.0166940689086914 -4.759673118591309 -10.745177268981934
1432848228741 1 3.3901896476745605 -7.287950038909912 -7.738059997558594
1432848228741 1 2.9975404739379883 -7.144298076629639 -12.698845863342285
1432848228741 1 2.2601263523101807 -7.316680431365967 -16.117765426635742
1432848228741 1 0.9576807022094727 -8.274360656738281 -17.822437286376953
1432848228742 1 0.009576806798577309 -8.89685344696045 -18.674774169921875
1432848228742 1 -0.6320692300796509 -8.801085472106934 -19.105730056762695
1432848228742 1 -0.7374141216278076 -8.40843677520752 -19.31641960144043
1432848228742 1 -0.33518823981285095 -7.738059997558594 -18.88546371459961
1432848228743 1 0.2298433631658554 -6.962338447570801 -16.452953338623047
1432848228743 1 0.6320692300796509 -6.464344501495361 -13.445837020874023
1432848228743 1 0.7661445140838623 -6.904877662658691 -10.342951774597168
1432848228744 1 0.6991068720817566 -8.389283180236816 -7.134721279144287
1432848228744 1 -0.2298433631658554 -10.668562889099121 -3.4380736351013184
1432848228744 1 -2.0015525817871094 -13.283031463623047 5.085284233093262
1432848228744 1 -4.587290287017822 -9.825803756713867 12.315773963928223
1432848228745 1 -5.219359874725342 -4.357447147369385 15.926229476928711
1432848228745 1 -5.2480902671813965 -1.7717092037200928 17.73624610900879
1432848228745 1 -0.9385270476341248 0.4692635238170624 18.330007553100586
1432848228745 1 3.1316158771514893 2.4803929328918457 16.721105575561523
1432848228746 1 6.358999729156494 1.9919757843017578 15.686809539794922
1432848228746 1 2.451662540435791 3.7924153804779053 19.000385284423828
1432848228752 1 2.8443117141723633 3.600879430770874 19.268535614013672
1432848228761 1 3.734954595565796 2.853888511657715 19.402610778808594
1432848228771 1 4.568136692047119 1.867477297782898 18.95250129699707
1432848230288 0 0.9022117853164673 -0.0 10.512728691101074
1432848230487 0 0.9806649684906006 0.19613298773765564 10.551955223083496
1432848228788 1 5.142745018005371 1.7908629179000854 18.47365951538086
1432848228797 1 5.07570743560791 2.346317768096924 18.4257755279541
1432848228807 1 4.750096321105957 3.246537446975708 18.282123565673828
1432848228818 1 4.2329487800598145 3.9647979736328125 17.764976501464844
1432848228828 1 3.5051112174987793 4.261679172515869 16.855180740356445
1432848228837 1 2.7485435009002686 4.079719543457031 15.830461502075195
1432848228848 1 2.3750481605529785 3.6583402156829834 14.767436027526855
1432848228858 1 2.365471363067627 3.1316158771514893 14.087482452392578
1432848228868 1 2.499546527862549 2.403778553009033 13.503297805786133
1432848228879 1 2.652775526046753 1.4939818382263184 12.813767433166504
1432848228889 1 2.738966703414917 0.6224924325942993 11.884817123413086
1432848228899 1 2.6815059185028076 -0.4596867263317108 10.093954086303711
1432848228909 1 2.5282769203186035 -1.455674648284912 7.833827972412109
1432848228919 1 2.212242364883423 -2.31758713722229 5.822698593139648
1432848228929 1 1.9536685943603516 -2.7485435009002686 3.5242648124694824
1432848228939 1 1.1875240802764893 -2.7772738933563232 -1.3311761617660522
1432848228949 1 1.1204863786697388 -2.940079689025879 -3.4763808250427246
1432848228959 1 0.8906430602073669 -2.920926094055176 -5.142745018005371
1432848228973 1 0.6799532771110535 -3.3039982318878174 -6.742072105407715
1432848228980 1 0.43095630407333374 -3.4955344200134277 -8.08282470703125
1432848228990 1 0.7182605266571045 -3.6583402156829834 -9.825803756713867
1432848229001 1 1.436521053314209 -4.462791919708252 -10.266336441040039
1432848229011 1 2.097320795059204 -5.477933406829834 -12.133813858032227
1432848229021 1 2.873042106628418 -6.904877662658691 -14.777012825012207
1432848229031 1 2.585737943649292 -8.188169479370117 -17.152061462402344
1432848229041 1 2.049436569213867 -9.02135181427002 -18.339584350585938
1432848229052 1 1.0247182846069336 -10.362105369567871 -18.933347702026367
1432848229061 1 0.13407529890537262 -11.1474027633667 -19.230228424072266
1432848229273 1 5.200206279754639 1.4748282432556152 19.239805221557617
1432848229283 1 5.985504150390625 1.1971008777618408 18.990808486938477
1432848229293 1 5.975927352905273 1.8100165128707886 19.20149803161621
1432848229303 1 5.228936672210693 2.7006595134735107 19.220651626586914
1432848229313 1 3.9456443786621094 3.9647979736328125 19.096153259277344
1432848229325 1 2.8634653091430664 4.817133903503418 18.215085983276367
1432848229333 1 2.126051187515259 4.95120906829834 16.567874908447266
1432848229343 1 1.8195933103561401 4.20421838760376 15.04516315460205
1432848229356 1 1.6280571222305298 3.0550012588500977 13.771448135375977
1432848229366 1 1.1971008777618408 2.31758713722229 12.823344230651855
1432848229377 1 0.9097966551780701 1.723825216293335 12.162544250488281
1432848229386 1 0.8619126081466675 1.0821791887283325 11.224017143249512
1432848229397 1 0.871489405632019 0.047884032130241394 9.53849983215332
1432848229408 1 0.8810662031173706 -0.9672574996948242 6.933608055114746
1432848229418 1 0.689530074596405 -1.886630892753601 4.271255970001221
1432848229428 1 0.43095630407333374 -1.5418659448623657 1.0247182846069336
1432848229438 1 0.7948749661445618 -2.279279947280884 -1.3215993642807007
1432848229450 1 0.9097966551780701 -2.82515811920166 -3.380612850189209
1432848229459 1 0.7469909191131592 -3.8115692138671875 -5.190629482269287
1432848229469 1 0.9289502501487732 -3.9264907836914062 -7.8529815673828125
1432848230686 0 0.9414383769035339 0.03922659903764725 10.512728691101074
1432848230887 0 0.8629851937294006 0.03922659903764725 10.473502159118652
1432848231088 0 0.7453053593635559 0.11767979711294174 10.395049095153809
1432848231288 0 0.9022117853164673 -0.03922659903764725 10.591181755065918
1432848229479 1 1.4844050407409668 -3.5913026332855225 -9.959878921508789
1432848229489 1 2.451662540435791 -3.3518824577331543 -12.162544250488281
1432848229499 1 3.1316158771514893 -4.146757125854492 -12.67011547088623
1432848229509 1 3.581725835800171 -4.960785865783691 -14.48970890045166
1432848229531 1 3.648763418197632 -5.669469833374023 -17.00840950012207
1432848229531 1 3.0837318897247314 -6.540958881378174 -18.272546768188477
1432848229540 1 2.671929121017456 -7.450755596160889 -18.904617309570312
1432848229552 1 2.403778553009033 -7.881711959838867 -19.220651626586914
1432848229560 1 2.365471363067627 -7.939172744750977 -19.37388038635254
1432848229570 1 2.5282769203186035 -7.824251174926758 -19.230228424072266
1432848229580 1 2.9879636764526367 -7.326257228851318 -16.8839111328125
1432848229591 1 3.265691041946411 -6.952761650085449 -13.225569725036621
1432848229601 1 3.1699230670928955 -6.694188117980957 -9.279925346374512
1432848229611 1 2.518700122833252 -7.661445617675781 -3.7445313930511475
1432848229621 1 0.019153613597154617 -8.925583839416504 1.3311761617660522
1432848229631 1 -3.265691041946411 -9.002198219299316 9.050082206726074
1432848229641 1 -5.07570743560791 -5.57370138168335 14.298172950744629
1432848229651 1 -6.550535678863525 -1.800439715385437 16.922218322753906
1432848229664 1 -4.855441093444824 5.70777702331543 15.619771957397461
1432848229673 1 -0.49799394607543945 5.928043365478516 16.089035034179688
1432848229683 1 2.5761611461639404 5.4013190269470215 16.519990921020508
1432848229693 1 3.1316158771514893 5.1810526847839355 17.937358856201172
1432848229703 1 2.8347349166870117 6.665457725524902 18.741811752319336
1432848229715 1 2.6815059185028076 7.757213592529297 19.1440372467041
1432848229723 1 3.112462282180786 7.987056732177734 19.345149993896484
1432848229735 1 3.734954595565796 7.15387487411499 19.44091796875
1432848229744 1 3.936067581176758 5.592854976654053 19.488801956176758
1432848229755 1 3.581725835800171 4.6255974769592285 19.517532348632812
1432848229765 1 2.6623523235321045 4.395754337310791 18.071434020996094
1432848229776 1 1.3886369466781616 4.683058738708496 16.52956771850586
1432848229792 1 0.4596867263317108 4.759673118591309 15.179238319396973
1432848229799 1 0.028730420395731926 4.405331134796143 14.16409683227539
1432848229808 1 -0.14365209639072418 4.060565948486328 12.928689002990723
1432848229820 1 -0.2298433631658554 3.4093432426452637 11.434707641601562
1432848229829 1 -0.5841852426528931 2.5953147411346436 10.228029251098633
1432848231485 0 0.9022117853164673 -0.0 10.43427562713623
1432848231686 0 0.823758602142334 -0.0 10.43427562713623
1432848231886 0 0.9806649684906006 0.03922659903764725 10.473502159118652
1432848230015 1 5.123591423034668 -10.390835762023926 -19.029115676879883
1432848232086 0 0.9414383769035339 0.03922659903764725 10.512728691101074
1432848230015 1 4.491522312164307 -10.323798179626465 -19.278112411499023
1432848232285 0 0.9806649684906006 0.0784531980752945 10.43427562713623
1432848232486 0 0.9806649684906006 -0.0 10.43427562713623
1432848230015 1 4.07014274597168 -9.241618156433105 -19.31641960144043
1432848230015 1 4.108449935913086 -7.51779317855835 -17.477672576904297
1432848230016 1 4.414907932281494 -6.119579315185547 -15.073893547058105
1432848230035 1 4.51067590713501 -5.286397457122803 -12.258312225341797
1432848230035 1 4.4532151222229 -4.788403511047363 -9.097966194152832
1432848230151 1 3.5434184074401855 -5.612008571624756 -6.081272125244141
1432848230151 1 2.250549554824829 -7.307103633880615 -2.786850690841675
1432848230151 1 -0.24899697303771973 -9.576807022094727 5.085284233093262
1432848230151 1 -3.4093432426452637 -6.952761650085449 12.315773963928223
1432848230151 1 -3.9456443786621094 -2.6431987285614014 15.926229476928711
1432848230152 1 -5.51624059677124 -1.2066776752471924 17.73624610900879
1432848230152 1 -6.215347766876221 1.8387469053268433 18.63646697998047
1432848230152 1 -3.821146011352539 7.690176010131836 19.086576461791992
1432848230152 1 -1.8770540952682495 9.825803756713867 19.31641960144043
1432848230152 1 0.07661445438861847 8.542511940002441 19.43134117126465
1432848230152 1 1.0438719987869263 7.738059997558594 19.488801956176758
1432848230162 1 1.4748282432556152 7.4986395835876465 19.048269271850586
1432848230201 1 1.37906014919281 7.354987621307373 19.096153259277344
1432848230201 1 1.1779472827911377 7.51779317855835 19.31641960144043
1432848230201 1 0.9289502501487732 7.805097579956055 19.43134117126465
1432848230202 1 0.9959878921508789 7.565677165985107 19.488801956176758
1432848230210 1 0.9481038451194763 6.876147270202637 19.517532348632812
1432848230220 1 0.6512228846549988 5.142745018005371 18.655620574951172
1432848230234 1 0.23942017555236816 3.8307228088378906 17.085023880004883
1432848230245 1 -0.20111294090747833 2.518700122833252 14.623784065246582
1432848230255 1 -0.5650315880775452 1.3024457693099976 11.310209274291992
1432848230265 1 -0.8331822156906128 0.43095630407333374 7.527369976043701
1432848230275 1 -1.1779472827911377 -0.047884032130241394 3.7445313930511475
1432848230286 1 -0.9576807022094727 -0.2298433631658554 -0.13407529890537262
1432848230296 1 -1.5322890281677246 0.9481038451194763 -4.127603530883789
1432848230306 1 -1.015141487121582 0.6224924325942993 -6.224924564361572
1432848230316 1 -0.8427590131759644 -0.43095630407333374 -7.546523571014404
1432848230611 1 0.3926490843296051 -1.7334020137786865 -8.255207061767578
1432848230611 1 2.0877439975738525 -3.3231520652770996 -8.9064302444458
1432848230611 1 3.7828385829925537 -5.257667064666748 -9.691728591918945
1432848230611 1 5.525817394256592 -7.795520782470703 -11.520898818969727
1432848230611 1 6.627150535583496 -10.60152530670166 -13.982137680053711
1432848230611 1 6.780379295349121 -11.779472351074219 -16.75941276550293
1432848230612 1 6.196194171905518 -14.470555305480957 -18.148048400878906
1432848230612 1 5.295974254608154 -15.820884704589844 -18.83757972717285
1432848230612 1 4.730942726135254 -15.705963134765625 -19.182344436645508
1432848230612 1 4.357447147369385 -14.403517723083496 -18.35873794555664
1432848230612 1 4.127603530883789 -13.30218505859375 -16.558298110961914
1432848230612 1 3.7828385829925537 -12.143390655517578 -13.599065780639648
1432848230612 1 3.3423056602478027 -11.501745223999023 -10.515334129333496
1432848230612 1 2.585737943649292 -11.425130844116211 -6.71334171295166
1432848230613 1 1.656787633895874 -12.29662036895752 -2.183511972427368
1432848230613 1 -2.920926094055176 -13.053187370300293 6.636727333068848
1432848230613 1 -3.093308687210083 -10.141838073730469 13.0914945602417
1432848230613 1 -3.2082302570343018 -5.928043365478516 16.318878173828125
1432848230613 1 -3.227383852005005 -3.3231520652770996 17.92778205871582
1432848230613 1 -2.8443117141723633 -3.7636849880218506 18.732234954833984
1432848230613 1 -1.9919757843017578 -1.5705963373184204 18.41619873046875
1432848230614 1 -0.5937620401382446 0.7948749661445618 16.012420654296875
1432848230614 1 0.06703764945268631 0.2968810200691223 17.30529022216797
1432848230614 1 0.4884171485900879 1.6759412288665771 18.4257755279541
1432848230614 1 1.3215993642807007 4.07014274597168 18.981231689453125
1432848230614 1 1.6950948238372803 4.654327869415283 19.25895881652832
1432848230614 1 2.1930887699127197 5.2480902671813965 19.402610778808594
1432848230615 1 2.0685901641845703 2.738966703414917 19.24938201904297
1432848230621 1 1.6759412288665771 1.8770540952682495 16.644489288330078
1432848230631 1 1.1683704853057861 1.7621324062347412 13.876792907714844
1432848230641 1 0.5841852426528931 2.231395959854126 11.396400451660156
1432848230651 1 0.2968810200691223 2.9975404739379883 9.050082206726074
1432848230661 1 0.4213795065879822 3.6391866207122803 6.694188117980957
1432848230671 1 0.8044517636299133 3.907337188720703 4.874594688415527
1432848230684 1 1.2545616626739502 4.271255970001221 3.734954595565796
1432848230694 1 1.7717092037200928 4.606443881988525 3.093308687210083
1432848230705 1 2.2697031497955322 4.865017890930176 2.7293899059295654
1432848230714 1 2.5761611461639404 4.970362663269043 2.3750481605529785
1432848230725 1 2.6240451335906982 5.20978307723999 2.298433542251587
1432848230735 1 2.432508945465088 5.544970989227295 2.38462495803833
1432848230745 1 1.944091796875 5.880159378051758 2.6431987285614014
1432848230755 1 1.4748282432556152 6.167463779449463 2.8347349166870117
1432848230767 1 1.1109095811843872 6.27280855178833 2.959233283996582
1432848230775 1 0.9672574996948242 6.186617374420166 3.4380736351013184
1432848230785 1 1.0055646896362305 6.244078159332275 4.213795185089111
1432848230795 1 1.0821791887283325 6.301538944244385 5.161899089813232
1432848230805 1 1.2066776752471924 6.291962146759033 6.071695327758789
1432848230815 1 1.3407529592514038 6.253654956817627 6.904877662658691
1432848230827 1 1.37906014919281 6.2632317543029785 7.661445617675781
1432848230836 1 1.3215993642807007 6.426037311553955 8.379706382751465
1432848230846 1 1.2449848651885986 6.627150535583496 8.916007041931152
1432848230857 1 1.072602391242981 6.703764915466309 9.030928611755371
1432848230867 1 1.0247182846069336 6.761225700378418 9.030928611755371
1432848230877 1 1.091755986213684 6.789956092834473 8.925583839416504
1432848230887 1 1.1492167711257935 6.703764915466309 8.801085472106934
1432848230897 1 1.37906014919281 6.675034523010254 8.724471092224121
1432848230907 1 1.6950948238372803 6.560112476348877 8.743624687194824
1432848230917 1 2.011129379272461 6.550535678863525 9.040505409240723
1432848230927 1 2.3080103397369385 6.368576526641846 9.557653427124023
1432848230937 1 2.6431987285614014 7.0772600173950195 9.90241813659668
1432848230947 1 2.4133553504943848 7.613561630249023 10.41956615447998
1432848230957 1 2.3271639347076416 7.90086555480957 10.611102104187012
1432848230968 1 2.250549554824829 7.872135162353516 10.78348445892334
1432848230978 1 2.279279947280884 7.603984832763672 10.639832496643066
1432848230988 1 2.7293899059295654 6.4834980964660645 9.998186111450195
1432848230998 1 3.1507694721221924 5.841852188110352 8.571242332458496
1432848231008 1 3.3231520652770996 5.286397457122803 7.785943984985352
1432848231019 1 3.361459255218506 5.640739440917969 7.326257228851318
1432848232687 0 0.8629851937294006 -0.03922659903764725 10.395049095153809
1432848231028 1 3.179499864578247 6.301538944244385 6.560112476348877
1432848231038 1 2.6240451335906982 6.780379295349121 5.841852188110352
1432848231049 1 2.0590133666992188 7.163451671600342 4.577713489532471
1432848232886 0 0.8629851937294006 -0.0 10.512728691101074
1432848231059 1 1.4269442558288574 7.2783732414245605 3.07415509223938
1432848231069 1 0.9672574996948242 7.259219646453857 1.522712230682373
1432848231079 1 0.6703764796257019 7.01979923248291 -0.05746084079146385
1432848231089 1 0.5746083855628967 6.751648902893066 -1.1683704853057861
1432848231100 1 0.7948749661445618 6.560112476348877 -2.0590133666992188
1432848231109 1 1.1492167711257935 6.110002517700195 -2.8826189041137695
1432848231120 1 1.6376339197158813 5.535394191741943 -3.2848446369171143
1432848231130 1 2.0590133666992188 5.07570743560791 -3.485957622528076
1432848231140 1 2.250549554824829 5.037400245666504 -3.5913026332855225
1432848231150 1 2.31758713722229 5.746084213256836 -3.801992416381836
1432848231160 1 2.164358377456665 5.813121795654297 -3.821146011352539
1432848231170 1 2.1739351749420166 5.851428985595703 -3.6296098232269287
1432848231180 1 2.5091233253479004 6.282385349273682 -3.514688014984131
1432848231190 1 1.4844050407409668 6.7708024978637695 -2.806004285812378
1432848231201 1 0.7757213711738586 7.51779317855835 -2.451662540435791
1432848231211 1 0.06703764945268631 8.427590370178223 -2.4133553504943848
1432848231221 1 -0.7852981686592102 8.5903959274292 -2.4229321479797363
1432848231232 1 -1.522712230682373 8.312667846679688 -1.9728221893310547
1432848231242 1 -2.63362193107605 8.427590370178223 0.8427590131759644
1432848231252 1 -3.265691041946411 9.864110946655273 3.5242648124694824
1432848231262 1 -3.5242648124694824 10.984597206115723 5.583278179168701
1432848231272 1 -3.3710360527038574 11.291055679321289 6.914454460144043
1432848231282 1 -2.7006595134735107 10.582371711730957 7.565677165985107
1432848231292 1 -2.2026655673980713 8.96389102935791 8.14028549194336
1432848231303 1 -1.091755986213684 7.230489253997803 7.2783732414245605
1432848231315 1 -0.26815059781074524 5.659893035888672 6.378153324127197
1432848233087 0 0.9022117853164673 -0.0 10.551955223083496
1432848231498 1 0.10534487664699554 4.7405195236206055 6.818686485290527
1432848231498 1 0.23942017555236816 5.928043365478516 9.557653427124023
1432848231499 1 0.6129156351089478 8.02536392211914 12.29662036895752
1432848231501 1 0.9097966551780701 8.65743350982666 14.748282432556152
1432848231501 1 1.0630255937576294 8.877699851989746 16.500837326049805
1432848231501 1 1.0438719987869263 9.27034854888916 17.851167678833008
1432848231502 1 1.0534487962722778 9.02135181427002 18.64604377746582
1432848231504 1 1.2737152576446533 8.427590370178223 18.808849334716797
1432848231505 1 1.4844050407409668 7.872135162353516 18.559850692749023
1432848231505 1 1.3024457693099976 7.680599212646484 18.013973236083984
1432848231506 1 0.871489405632019 7.929595947265625 17.43936538696289
1432848231506 1 0.47884035110473633 7.843404769897461 17.00840950012207
1432848231506 1 0.2106897532939911 7.086836814880371 16.242263793945312
1432848231509 1 0.14365209639072418 5.774814605712891 14.987702369689941
1432848231511 1 0.43095630407333374 4.20421838760376 13.675680160522461
1432848231511 1 0.8906430602073669 3.0550012588500977 12.15296745300293
1432848231511 1 1.4652514457702637 2.451662540435791 10.180145263671875
1432848231511 1 1.8962076902389526 1.599326729774475 7.287950038909912
1432848231512 1 2.432508945465088 1.1013327836990356 3.648763418197632
1432848231520 1 3.869029998779297 0.181959331035614 -3.2082302570343018
1432848231529 1 2.3080103397369385 2.31758713722229 -7.038952827453613
1432848231538 1 4.185064792633057 -1.3886369466781616 -5.947196960449219
1432848231548 1 5.1331682205200195 -2.9688100814819336 -8.5903959274292
1432848231558 1 6.023811340332031 -3.00711727142334 -12.085929870605469
1432848231572 1 5.928043365478516 -3.3710360527038574 -15.112200736999512
1432848231586 1 5.4013190269470215 -4.271255970001221 -17.142484664916992
1432848231598 1 3.4955344200134277 -4.367023944854736 -18.262969970703125
1432848231608 1 2.0877439975738525 -3.8977603912353516 -16.53914451599121
1432848231618 1 1.2066776752471924 -2.7485435009002686 -14.508862495422363
1432848233285 0 0.8629851937294006 -0.0 10.43427562713623
1432848233486 0 0.9414383769035339 0.0784531980752945 10.395049095153809
1432848233687 0 0.9806649684906006 0.11767979711294174 10.591181755065918
1432848233886 0 0.9414383769035339 -0.0 10.473502159118652
1432848234087 0 0.9022117853164673 -0.0 10.708861351013184
1432848234288 0 0.9022117853164673 -0.0 10.473502159118652
1432848234490 0 0.9022117853164673 0.03922659903764725 10.551955223083496
1432848234687 0 0.9806649684906006 -0.0 10.63040828704834
1432848234887 0 0.9022117853164673 0.03922659903764725 10.512728691101074
1432848235088 0 0.8629851937294006 0.0784531980752945 10.43427562713623
1432848235284 0 0.9022117853164673 0.03922659903764725 10.512728691101074
1432848235484 0 0.9022117853164673 0.0784531980752945 10.473502159118652
1432848235687 0 0.8629851937294006 0.03922659903764725 10.473502159118652
1432848235887 0 0.8629851937294006 -0.03922659903764725 10.43427562713623
1432848236087 0 0.9022117853164673 -0.03922659903764725 10.473502159118652
1432848236287 0 0.8629851937294006 0.03922659903764725 10.473502159118652
1432848236488 0 0.823758602142334 0.0784531980752945 10.473502159118652
1432848236686 0 0.9022117853164673 -0.0 10.473502159118652
1432848236888 0 0.9022117853164673 -0.0 10.512728691101074
1432848237087 0 0.823758602142334 0.03922659903764725 10.591181755065918
1432848237287 0 0.823758602142334 -0.0 10.43427562713623
1432848237486 0 0.823758602142334 0.03922659903764725 10.355822563171387
1432848237687 0 0.823758602142334 0.0784531980752945 10.473502159118652
1432848237888 0 0.9022117853164673 0.627625584602356 10.473502159118652
1432848238088 0 0.9806649684906006 0.11767979711294174 10.473502159118652
1432848238287 0 0.823758602142334 0.19613298773765564 10.473502159118652
1432848238488 0 1.019891619682312 -0.23535959422588348 10.591181755065918
