1433155081608 1 589.0
1433155081769 0 645.0
1433155083470 0 518.0
1433155081481 1 561.0
1433155081708 1 589.0
1433155081869 0 645.0
1433155083571 0 518.0
1433155081582 1 561.0
1433155081808 1 589.0
1433155081971 0 645.0
1433155083672 0 518.0
1433155081682 1 561.0
1433155081908 1 589.0
1433155082070 0 645.0
1433155083773 0 518.0
1433155081783 1 561.0
1433155082009 1 589.0
1433155082172 0 645.0
1433155083872 0 518.0
1433155081884 1 561.0
1433155082108 1 589.0
1433155082273 0 645.0
1433155083973 0 518.0
1433155081986 1 561.0
1433155082208 1 589.0
1433155082375 0 645.0
1433155084074 0 518.0
1433155082086 1 561.0
1433155082308 1 589.0
1433155084175 0 518.0
1433155082477 0 645.0
1433155082186 1 561.0
1433155082408 1 589.0
1433155084275 0 518.0
1433155082579 0 645.0
1433155082286 1 561.0
1433155082508 1 589.0
1433155082681 0 645.0
1433155084375 0 518.0
1433155082388 1 561.0
1433155082608 1 589.0
1433155084476 0 518.0
1433155082489 1 561.0
1433155082783 0 645.0
1433155082708 1 589.0
1433155084577 0 518.0
1433155082884 0 645.0
1433155082590 1 561.0
1433155082809 1 589.0
1433155084678 0 518.0
1433155082986 0 645.0
1433155082909 1 589.0
1433155082691 1 561.0
1433155084778 0 518.0
1433155083087 0 645.0
1433155082793 1 561.0
1433155083010 1 589.0
1433155084878 0 518.0
1433155082893 1 561.0
1433155083110 1 589.0
1433155083188 0 645.0
1433155084979 0 518.0
1433155083289 0 645.0
1433155083210 1 589.0
1433155082994 1 561.0
1433155085079 0 518.0
1433155083095 1 561.0
1433155083391 0 645.0
1433155083310 1 589.0
1433155085179 0 518.0
1433155083196 1 561.0
1433155083492 0 645.0
1433155083411 1 589.0
1433155085279 0 518.0
1433155083511 1 589.0
1433155083298 1 561.0
1433155083594 0 645.0
1433155085380 0 518.0
1433155083612 1 589.0
1433155083400 1 561.0
1433155083695 0 645.0
1433155085482 0 518.0
1433155083712 1 589.0
1433155083501 1 561.0
1433155083797 0 645.0
1433155085583 0 518.0
1433155083812 1 589.0
1433155083603 1 561.0
1433155083897 0 645.0
1433155085684 0 518.0
1433155083912 1 589.0
1433155083704 1 561.0
1433155083999 0 645.0
1433155085786 0 518.0
1433155084012 1 589.0
1433155084100 0 645.0
1433155083806 1 561.0
1433155085888 0 518.0
1433155084112 1 589.0
1433155084202 0 645.0
1433155083907 1 561.0
1433155085989 0 518.0
1433155084212 1 589.0
1433155084303 0 645.0
1433155084009 1 561.0
1433155086090 0 518.0
1433155084312 1 589.0
1433155084110 1 561.0
1433155084405 0 645.0
1433155086191 0 518.0
1433155084412 1 589.0
1433155084212 1 561.0
1433155084507 0 645.0
1433155084512 1 589.0
1433155086292 0 518.0
1433155084313 1 561.0
1433155084608 0 645.0
1433155084612 1 589.0
1433155086394 0 518.0
1433155084415 1 561.0
1433155084709 0 645.0
1433155084713 1 589.0
1433155086494 0 518.0
1433155084517 1 561.0
1433155084810 0 645.0
1433155084812 1 589.0
1433155086595 0 518.0
1433155084619 1 561.0
1433155084910 0 645.0
1433155084913 1 589.0
1433155086696 0 518.0
1433155084719 1 561.0
1433155085010 0 645.0
1433155085013 1 589.0
1433155086798 0 518.0
1433155084821 1 561.0
1433155085111 0 645.0
1433155085114 1 589.0
1433155086898 0 518.0
1433155084922 1 561.0
1433155085211 0 645.0
1433155085214 1 589.0
1433155086999 0 518.0
1433155085311 0 645.0
1433155085315 1 589.0
1433155087101 0 518.0
1433155085411 0 645.0
1433155085022 1 561.0
1433155085122 1 561.0
1433155085415 1 589.0
1433155087202 0 518.0
1433155085224 1 561.0
1433155085512 0 645.0
1433155085515 1 589.0
1433155087303 0 518.0
1433155085326 1 561.0
1433155085613 0 645.0
1433155085615 1 589.0
1433155087404 0 518.0
1433155085428 1 561.0
1433155085714 0 645.0
1433155085715 1 589.0
1433155087505 0 518.0
1433155085530 1 561.0
1433155085815 0 645.0
1433155085815 1 589.0
1433155087606 0 518.0
1433155085632 1 561.0
1433155085917 0 645.0
1433155085915 1 589.0
1433155087707 0 518.0
1433155085734 1 561.0
1433155086018 0 645.0
1433155086015 1 589.0
1433155087809 0 518.0
1433155085836 1 561.0
1433155086119 0 645.0
1433155086115 1 589.0
1433155087909 0 518.0
1433155085938 1 561.0
1433155086221 0 645.0
1433155086215 1 589.0
1433155088010 0 518.0
1433155086039 1 561.0
1433155086322 0 645.0
1433155086315 1 589.0
1433155088111 0 518.0
1433155086140 1 561.0
1433155086423 0 645.0
1433155086415 1 589.0
1433155088211 0 518.0
1433155086242 1 561.0
1433155086525 0 645.0
1433155086516 1 589.0
1433155088312 0 518.0
1433155086627 0 645.0
1433155086344 1 561.0
1433155086616 1 589.0
1433155088414 0 518.0
1433155086729 0 645.0
1433155086446 1 561.0
1433155086716 1 589.0
1433155088516 0 518.0
1433155086830 0 645.0
1433155086548 1 561.0
1433155086816 1 589.0
1433155088618 0 518.0
1433155086932 0 645.0
1433155086649 1 561.0
1433155086916 1 589.0
1433155088720 0 518.0
1433155087032 0 645.0
1433155086750 1 561.0
1433155087016 1 589.0
1433155088821 0 518.0
1433155087133 0 645.0
1433155086852 1 561.0
1433155087117 1 589.0
1433155088923 0 518.0
1433155087233 0 645.0
1433155086954 1 561.0
1433155087217 1 589.0
1433155089026 0 518.0
1433155087334 0 645.0
1433155087056 1 561.0
1433155087317 1 589.0
1433155089128 0 518.0
1433155087435 0 645.0
1433155087158 1 561.0
1433155087417 1 589.0
1433155089230 0 518.0
1433155087536 0 645.0
1433155087260 1 561.0
1433155087518 1 589.0
1433155089331 0 518.0
1433155087637 0 645.0
1433155087361 1 561.0
1433155087618 1 589.0
1433155089432 0 518.0
1433155087739 0 645.0
1433155087463 1 561.0
1433155087719 1 589.0
1433155089534 0 518.0
1433155087840 0 645.0
1433155087564 1 561.0
1433155087819 1 589.0
1433155089636 0 518.0
1433155087941 0 645.0
1433155087665 1 561.0
1433155087919 1 589.0
1433155089738 0 518.0
1433155088041 0 645.0
1433155087766 1 561.0
1433155088019 1 589.0
1433155088143 0 645.0
1433155087867 1 561.0
1433155088119 1 589.0
1433155089838 0 518.0
1433155089939 0 518.0
1433155088244 0 645.0
1433155087969 1 561.0
1433155088219 1 589.0
1433155090040 0 518.0
1433155088346 0 645.0
1433155088320 1 589.0
1433155090141 0 518.0
1433155088448 0 645.0
1433155088069 1 561.0
1433155088169 1 561.0
1433155088420 1 589.0
1433155090242 0 518.0
1433155088549 0 645.0
1433155088269 1 561.0
1433155088520 1 589.0
1433155090343 0 518.0
1433155088650 0 645.0
1433155088370 1 561.0
1433155088621 1 589.0
1433155090443 0 518.0
1433155088752 0 645.0
1433155088470 1 561.0
1433155088721 1 589.0
1433155090545 0 518.0
1433155088853 0 645.0
1433155088572 1 561.0
1433155088821 1 589.0
1433155090646 0 518.0
1433155088955 0 645.0
1433155088672 1 561.0
1433155088921 1 589.0
1433155089057 0 645.0
1433155088773 1 561.0
1433155089021 1 589.0
1433155090746 0 518.0
1433155089158 0 645.0
1433155088874 1 561.0
1433155089122 1 589.0
1433155090848 0 518.0
1433155090949 0 518.0
1433155089259 0 645.0
1433155088976 1 561.0
1433155089222 1 589.0
1433155091049 0 518.0
1433155089361 0 645.0
1433155089322 1 589.0
1433155091150 0 518.0
1433155089462 0 645.0
1433155089076 1 561.0
1433155089176 1 561.0
1433155089422 1 589.0
1433155091251 0 518.0
1433155089564 0 645.0
1433155089277 1 561.0
1433155089522 1 589.0
1433155091353 0 518.0
1433155089666 0 645.0
1433155089379 1 561.0
1433155089622 1 589.0
1433155091453 0 518.0
1433155089768 0 645.0
1433155089480 1 561.0
1433155089723 1 589.0
1433155091554 0 518.0
1433155089868 0 645.0
1433155089582 1 561.0
1433155089823 1 589.0
1433155091656 0 518.0
1433155089970 0 645.0
1433155089683 1 561.0
1433155089924 1 589.0
1433155091758 0 518.0
1433155090069 0 645.0
1433155089785 1 561.0
1433155090024 1 589.0
1433155091860 0 518.0
1433155090170 0 645.0
1433155089886 1 561.0
1433155090125 1 589.0
1433155091960 0 518.0
1433155090271 0 645.0
1433155089987 1 561.0
1433155090225 1 589.0
1433155092061 0 518.0
1433155090373 0 645.0
1433155090088 1 561.0
1433155090325 1 589.0
1433155090189 1 561.0
1433155090425 1 589.0
1433155092161 0 518.0
1433155092262 0 518.0
1433155090290 1 561.0
1433155090473 0 645.0
1433155090526 1 589.0
1433155092363 0 518.0
1433155090574 0 645.0
1433155090674 0 645.0
1433155090391 1 561.0
1433155090627 1 589.0
1433155092464 0 518.0
1433155090775 0 645.0
1433155090492 1 561.0
1433155090727 1 589.0
1433155092564 0 518.0
1433155090876 0 645.0
1433155090593 1 561.0
1433155090827 1 589.0
1433155092666 0 518.0
1433155090978 0 645.0
1433155090694 1 561.0
1433155090927 1 589.0
1433155092767 0 518.0
1433155091079 0 645.0
1433155090795 1 561.0
1433155091027 1 589.0
1433155092869 0 518.0
1433155091179 0 645.0
1433155090896 1 561.0
1433155091127 1 589.0
1433155092969 0 518.0
1433155091280 0 645.0
1433155090997 1 561.0
1433155091227 1 589.0
1433155093071 0 518.0
1433155091381 0 645.0
1433155091098 1 561.0
1433155091327 1 589.0
1433155091482 0 645.0
1433155091199 1 561.0
1433155091427 1 589.0
1433155091583 0 645.0
1433155093173 0 518.0
1433155091300 1 561.0
1433155091527 1 589.0
1433155093273 0 518.0
1433155093373 0 518.0
1433155091685 0 645.0
1433155091401 1 561.0
1433155091627 1 589.0
1433155093474 0 518.0
1433155091787 0 645.0
1433155091503 1 561.0
1433155091728 1 589.0
1433155093575 0 518.0
1433155091888 0 645.0
1433155091605 1 561.0
1433155091827 1 589.0
1433155093677 0 518.0
1433155091990 0 645.0
1433155091706 1 561.0
1433155091928 1 589.0
1433155093778 0 518.0
1433155092091 0 645.0
1433155091808 1 561.0
1433155092028 1 589.0
1433155093880 0 518.0
1433155091909 1 561.0
1433155092129 1 589.0
1433155093981 0 518.0
1433155092192 0 645.0
1433155092229 1 589.0
1433155094082 0 518.0
1433155092292 0 645.0
1433155092009 1 561.0
1433155092110 1 561.0
1433155092329 1 589.0
1433155094181 0 518.0
1433155092393 0 645.0
1433155092494 0 645.0
1433155092211 1 561.0
1433155092429 1 589.0
1433155094283 0 518.0
1433155092595 0 645.0
1433155092313 1 561.0
1433155092530 1 589.0
1433155094384 0 518.0
1433155092696 0 645.0
1433155092414 1 561.0
1433155092630 1 589.0
1433155094485 0 518.0
1433155092797 0 645.0
1433155092516 1 561.0
1433155092731 1 589.0
1433155094586 0 518.0
1433155092898 0 645.0
1433155092618 1 561.0
1433155092831 1 589.0
1433155094688 0 518.0
1433155093000 0 645.0
1433155092719 1 561.0
1433155092931 1 589.0
1433155094789 0 518.0
1433155093102 0 645.0
1433155093031 1 589.0
1433155094891 0 518.0
1433155093203 0 645.0
1433155093131 1 589.0
1433155092819 1 561.0
1433155092921 1 561.0
1433155094992 0 518.0
1433155093303 0 645.0
1433155093022 1 561.0
1433155093231 1 589.0
1433155095094 0 518.0
1433155093404 0 645.0
1433155093123 1 561.0
1433155093332 1 589.0
1433155095195 0 518.0
1433155093505 0 645.0
1433155093225 1 561.0
1433155093432 1 589.0
1433155095294 0 518.0
1433155093327 1 561.0
1433155093532 1 589.0
1433155095396 0 518.0
1433155093606 0 645.0
1433155093632 1 589.0
1433155093429 1 561.0
1433155095498 0 518.0
1433155093706 0 645.0
1433155093808 0 645.0
1433155093732 1 589.0
1433155093530 1 561.0
1433155095599 0 518.0
1433155093909 0 645.0
1433155093832 1 589.0
1433155093632 1 561.0
1433155095701 0 518.0
1433155094009 0 645.0
1433155093932 1 589.0
1433155093733 1 561.0
1433155095802 0 518.0
1433155094111 0 645.0
1433155094032 1 589.0
1433155093834 1 561.0
1433155095903 0 518.0
1433155094213 0 645.0
1433155094132 1 589.0
1433155093936 1 561.0
1433155096003 0 518.0
1433155094313 0 645.0
1433155094232 1 589.0
1433155094038 1 561.0
1433155096104 0 518.0
1433155094414 0 645.0
1433155094333 1 589.0
1433155094139 1 561.0
1433155096205 0 518.0
1433155094515 0 645.0
1433155094433 1 589.0
1433155094240 1 561.0
1433155096306 0 518.0
1433155094617 0 645.0
1433155094533 1 589.0
1433155094340 1 561.0
1433155096407 0 518.0
1433155094718 0 645.0
1433155094633 1 589.0
1433155094442 1 561.0
1433155096509 0 518.0
1433155094820 0 645.0
1433155094733 1 589.0
1433155094543 1 561.0
1433155096610 0 518.0
1433155094921 0 645.0
1433155094833 1 589.0
1433155094645 1 561.0
1433155096711 0 518.0
1433155095022 0 645.0
1433155094933 1 589.0
1433155094746 1 561.0
1433155096812 0 518.0
1433155095123 0 645.0
1433155095033 1 589.0
1433155094848 1 561.0
1433155096914 0 518.0
1433155095133 1 589.0
1433155095224 0 645.0
1433155094950 1 561.0
1433155097016 0 518.0
1433155095324 0 645.0
1433155095234 1 589.0
1433155095051 1 561.0
1433155097118 0 518.0
1433155095426 0 645.0
1433155095333 1 589.0
1433155095153 1 561.0
1433155097219 0 518.0
1433155095528 0 645.0
1433155095434 1 589.0
1433155095255 1 561.0
1433155097320 0 518.0
1433155095535 1 589.0
1433155095629 0 645.0
1433155095357 1 561.0
1433155097422 0 518.0
1433155095635 1 589.0
1433155095729 0 645.0
1433155095459 1 561.0
1433155097524 0 518.0
1433155095735 1 589.0
1433155095831 0 645.0
1433155095561 1 561.0
1433155097625 0 518.0
1433155095835 1 589.0
1433155095933 0 645.0
1433155095663 1 561.0
1433155097727 0 518.0
1433155095935 1 589.0
1433155096033 0 645.0
1433155095766 1 561.0
1433155096135 0 645.0
1433155097828 0 518.0
1433155095867 1 561.0
1433155096035 1 589.0
1433155096135 1 589.0
1433155097930 0 518.0
1433155096235 0 645.0
1433155095969 1 561.0
1433155096235 1 589.0
1433155098031 0 518.0
1433155096336 0 645.0
1433155096070 1 561.0
1433155096336 1 589.0
1433155096437 0 645.0
1433155098133 0 518.0
1433155096171 1 561.0
1433155096436 1 589.0
1433155096538 0 645.0
1433155098236 0 518.0
1433155096271 1 561.0
1433155096536 1 589.0
1433155098336 0 518.0
1433155096639 0 645.0
1433155096372 1 561.0
1433155096636 1 589.0
1433155096740 0 645.0
1433155098438 0 518.0
1433155096473 1 561.0
1433155096736 1 589.0
1433155096841 0 645.0
1433155098539 0 518.0
1433155096575 1 561.0
1433155096837 1 589.0
1433155096943 0 645.0
1433155098640 0 518.0
1433155096676 1 561.0
1433155096937 1 589.0
1433155097044 0 645.0
1433155098742 0 518.0
1433155096778 1 561.0
1433155097037 1 589.0
1433155097145 0 645.0
1433155098842 0 518.0
1433155096879 1 561.0
1433155097137 1 589.0
1433155097246 0 645.0
1433155098944 0 518.0
1433155096981 1 561.0
1433155097237 1 589.0
1433155097348 0 645.0
1433155099045 0 518.0
1433155097082 1 561.0
1433155097337 1 589.0
1433155097449 0 645.0
1433155099147 0 518.0
1433155097183 1 561.0
1433155097437 1 589.0
1433155097551 0 645.0
1433155099249 0 518.0
1433155097285 1 561.0
1433155097538 1 589.0
1433155097652 0 645.0
1433155099350 0 518.0
1433155097387 1 561.0
1433155097638 1 589.0
1433155097754 0 645.0
1433155099451 0 518.0
1433155097488 1 561.0
1433155097739 1 589.0
1433155097855 0 645.0
1433155099553 0 518.0
1433155097590 1 561.0
1433155097839 1 589.0
1433155097956 0 645.0
1433155099654 0 518.0
1433155097691 1 561.0
1433155097939 1 589.0
1433155098057 0 645.0
1433155099756 0 518.0
1433155097793 1 561.0
1433155098039 1 589.0
1433155098159 0 645.0
1433155099857 0 518.0
1433155097895 1 561.0
1433155098139 1 589.0
1433155098259 0 645.0
1433155099959 0 518.0
1433155097996 1 561.0
1433155098239 1 589.0
1433155098361 0 645.0
1433155100061 0 518.0
1433155098097 1 561.0
1433155098340 1 589.0
1433155098461 0 645.0
1433155100163 0 518.0
1433155098198 1 561.0
1433155098440 1 589.0
1433155098563 0 645.0
1433155100265 0 518.0
1433155098300 1 561.0
1433155098540 1 589.0
1433155098664 0 645.0
1433155100368 0 518.0
1433155098401 1 561.0
1433155098640 1 589.0
1433155098765 0 645.0
1433155100470 0 518.0
1433155098502 1 561.0
1433155098740 1 589.0
1433155098866 0 645.0
1433155100571 0 518.0
1433155098604 1 561.0
1433155098841 1 589.0
1433155098968 0 645.0
1433155100672 0 518.0
1433155098705 1 561.0
1433155098941 1 589.0
1433155099068 0 645.0
1433155098808 1 561.0
1433155099042 1 589.0
1433155099169 0 645.0
1433155100772 0 518.0
1433155100874 0 518.0
1433155098907 1 561.0
1433155099142 1 589.0
1433155099270 0 645.0
1433155100974 0 518.0
1433155099008 1 561.0
1433155099242 1 589.0
1433155099371 0 645.0
1433155101076 0 518.0
1433155099110 1 561.0
1433155099342 1 589.0
1433155099473 0 645.0
1433155101177 0 518.0
1433155099211 1 561.0
1433155099443 1 589.0
1433155099575 0 645.0
1433155101279 0 518.0
1433155099313 1 561.0
1433155099542 1 589.0
1433155099676 0 645.0
1433155101380 0 518.0
1433155099414 1 561.0
1433155099643 1 589.0
1433155099778 0 645.0
1433155101480 0 518.0
1433155099516 1 561.0
1433155099743 1 589.0
1433155101581 0 518.0
1433155099879 0 645.0
1433155099617 1 561.0
1433155099844 1 589.0
1433155099979 0 645.0
1433155101683 0 518.0
1433155099718 1 561.0
1433155099944 1 589.0
1433155100080 0 645.0
1433155101784 0 518.0
1433155099820 1 561.0
1433155100045 1 589.0
1433155100181 0 645.0
1433155101886 0 518.0
1433155099921 1 561.0
1433155100145 1 589.0
1433155100282 0 645.0
1433155101988 0 518.0
1433155100022 1 561.0
1433155100246 1 589.0
1433155100385 0 645.0
1433155102090 0 518.0
1433155100124 1 561.0
1433155100346 1 589.0
1433155100487 0 645.0
1433155102191 0 518.0
1433155100226 1 561.0
1433155100446 1 589.0
1433155100588 0 645.0
1433155100328 1 561.0
1433155100546 1 589.0
1433155100688 0 645.0
1433155102291 0 518.0
1433155102391 0 518.0
1433155100430 1 561.0
1433155100647 1 589.0
1433155100790 0 645.0
1433155102492 0 518.0
1433155100747 1 589.0
1433155100890 0 645.0
1433155102593 0 518.0
1433155100532 1 561.0
1433155100848 1 589.0
1433155100992 0 645.0
1433155102694 0 518.0
1433155100635 1 561.0
1433155100736 1 561.0
1433155100948 1 589.0
1433155101094 0 645.0
1433155102796 0 518.0
1433155100838 1 561.0
1433155101048 1 589.0
1433155101195 0 645.0
1433155102896 0 518.0
1433155100940 1 561.0
1433155101148 1 589.0
1433155101297 0 645.0
1433155102997 0 518.0
1433155101041 1 561.0
1433155101248 1 589.0
1433155101399 0 645.0
1433155103099 0 518.0
1433155101143 1 561.0
1433155101348 1 589.0
1433155101501 0 645.0
1433155103200 0 518.0
1433155101245 1 561.0
1433155101449 1 589.0
1433155101602 0 645.0
1433155103302 0 518.0
1433155101347 1 561.0
1433155101549 1 589.0
1433155101704 0 645.0
1433155103405 0 518.0
1433155101449 1 561.0
1433155101649 1 589.0
1433155101806 0 645.0
1433155103506 0 518.0
1433155101749 1 589.0
1433155101551 1 561.0
1433155103606 0 518.0
1433155101907 0 645.0
1433155101849 1 589.0
1433155101653 1 561.0
1433155102009 0 645.0
1433155103707 0 518.0
1433155101950 1 589.0
1433155101754 1 561.0
1433155102111 0 645.0
1433155103808 0 518.0
1433155102050 1 589.0
1433155101856 1 561.0
1433155102212 0 645.0
1433155103910 0 518.0
1433155102151 1 589.0
1433155101958 1 561.0
1433155102313 0 645.0
1433155104010 0 518.0
1433155102251 1 589.0
1433155102059 1 561.0
1433155104112 0 518.0
1433155102414 0 645.0
1433155102351 1 589.0
1433155102161 1 561.0
1433155104214 0 518.0
1433155102516 0 645.0
1433155102451 1 589.0
1433155102263 1 561.0
1433155102616 0 645.0
1433155104313 0 518.0
1433155102552 1 589.0
1433155102365 1 561.0
1433155102718 0 645.0
1433155104414 0 518.0
1433155102652 1 589.0
1433155102466 1 561.0
1433155102820 0 645.0
1433155104516 0 518.0
1433155102752 1 589.0
1433155102566 1 561.0
1433155102921 0 645.0
1433155104618 0 518.0
1433155102852 1 589.0
1433155102668 1 561.0
1433155104719 0 518.0
1433155103023 0 645.0
1433155102952 1 589.0
1433155102768 1 561.0
1433155104821 0 518.0
1433155103124 0 645.0
1433155103052 1 589.0
1433155102868 1 561.0
1433155104922 0 518.0
1433155103224 0 645.0
1433155103152 1 589.0
1433155102970 1 561.0
1433155103325 0 645.0
1433155105024 0 518.0
1433155103252 1 589.0
1433155103070 1 561.0
1433155103427 0 645.0
1433155105126 0 518.0
1433155103352 1 589.0
1433155103172 1 561.0
1433155103529 0 645.0
1433155105228 0 518.0
1433155103452 1 589.0
1433155103273 1 561.0
1433155103630 0 645.0
1433155105328 0 518.0
1433155103552 1 589.0
1433155103374 1 561.0
1433155103731 0 645.0
1433155105430 0 518.0
1433155103652 1 589.0
1433155103475 1 561.0
1433155103832 0 645.0
1433155105532 0 518.0
1433155103752 1 589.0
1433155103576 1 561.0
1433155103934 0 645.0
1433155105633 0 518.0
1433155103853 1 589.0
1433155103677 1 561.0
1433155104035 0 645.0
1433155105736 0 518.0
1433155103953 1 589.0
1433155103779 1 561.0
1433155105838 0 518.0
1433155104137 0 645.0
1433155104054 1 589.0
1433155103880 1 561.0
1433155104238 0 645.0
1433155105940 0 518.0
1433155104154 1 589.0
1433155103982 1 561.0
1433155104338 0 645.0
1433155106041 0 518.0
1433155104255 1 589.0
1433155104082 1 561.0
1433155104439 0 645.0
1433155106143 0 518.0
1433155104354 1 589.0
1433155104183 1 561.0
1433155104541 0 645.0
1433155104454 1 589.0
1433155106245 0 518.0
1433155104283 1 561.0
1433155104642 0 645.0
1433155106346 0 518.0
1433155104554 1 589.0
1433155104385 1 561.0
1433155104743 0 645.0
1433155106447 0 518.0
1433155104654 1 589.0
1433155104486 1 561.0
1433155104844 0 645.0
1433155104754 1 589.0
1433155106549 0 518.0
1433155104588 1 561.0
1433155104946 0 645.0
1433155104854 1 589.0
1433155106650 0 518.0
1433155104689 1 561.0
1433155105046 0 645.0
1433155104954 1 589.0
1433155106752 0 518.0
1433155104791 1 561.0
1433155105149 0 645.0
1433155105054 1 589.0
1433155106853 0 518.0
1433155104891 1 561.0
1433155105250 0 645.0
1433155105154 1 589.0
1433155106956 0 518.0
1433155104992 1 561.0
1433155105351 0 645.0
1433155105255 1 589.0
1433155107058 0 518.0
1433155105093 1 561.0
1433155105452 0 645.0
1433155105355 1 589.0
1433155107158 0 518.0
1433155105195 1 561.0
1433155105455 1 589.0
1433155105553 0 645.0
1433155107260 0 518.0
1433155105296 1 561.0
1433155105555 1 589.0
1433155105654 0 645.0
1433155107362 0 518.0
1433155105398 1 561.0
1433155105655 1 589.0
1433155105754 0 645.0
1433155107462 0 518.0
1433155105498 1 561.0
1433155105755 1 589.0
1433155105855 0 645.0
1433155107564 0 518.0
1433155105600 1 561.0
1433155105855 1 589.0
1433155105957 0 645.0
1433155107663 0 518.0
1433155105955 1 589.0
1433155106058 0 645.0
1433155107765 0 518.0
1433155105701 1 561.0
1433155105803 1 561.0
1433155106055 1 589.0
1433155106159 0 645.0
1433155107867 0 518.0
1433155105904 1 561.0
1433155106155 1 589.0
1433155106260 0 645.0
1433155107968 0 518.0
1433155106005 1 561.0
1433155106255 1 589.0
1433155106360 0 645.0
1433155108070 0 518.0
1433155106106 1 561.0
1433155106355 1 589.0
1433155106461 0 645.0
1433155108169 0 518.0
1433155106207 1 561.0
1433155106456 1 589.0
1433155108270 0 518.0
1433155106307 1 561.0
1433155106557 1 589.0
1433155106562 0 645.0
1433155108370 0 518.0
1433155106409 1 561.0
1433155106657 1 589.0
1433155106663 0 645.0
1433155108472 0 518.0
1433155106509 1 561.0
1433155106757 1 589.0
1433155106763 0 645.0
1433155106863 0 645.0
1433155108573 0 518.0
1433155106611 1 561.0
1433155106858 1 589.0
1433155106965 0 645.0
1433155108674 0 518.0
1433155106713 1 561.0
1433155106958 1 589.0
1433155107064 0 645.0
1433155108775 0 518.0
1433155106815 1 561.0
1433155107059 1 589.0
1433155107165 0 645.0
1433155108879 0 518.0
1433155106914 1 561.0
1433155107159 1 589.0
1433155107266 0 645.0
1433155108980 0 518.0
1433155107015 1 561.0
1433155107260 1 589.0
1433155107367 0 645.0
1433155109082 0 518.0
1433155107116 1 561.0
1433155107359 1 589.0
1433155107468 0 645.0
1433155109184 0 518.0
1433155107218 1 561.0
1433155107459 1 589.0
1433155107569 0 645.0
1433155109286 0 518.0
1433155107320 1 561.0
1433155107559 1 589.0
1433155107669 0 645.0
1433155109387 0 518.0
1433155107421 1 561.0
1433155107659 1 589.0
1433155107772 0 645.0
1433155109488 0 518.0
1433155107523 1 561.0
1433155107759 1 589.0
1433155107872 0 645.0
1433155109589 0 518.0
1433155107624 1 561.0
1433155107860 1 589.0
1433155107974 0 645.0
1433155109690 0 518.0
1433155107725 1 561.0
1433155107960 1 589.0
1433155108075 0 645.0
1433155109791 0 518.0
1433155107826 1 561.0
1433155108061 1 589.0
1433155108176 0 645.0
1433155109893 0 518.0
1433155107928 1 561.0
1433155108161 1 589.0
1433155108277 0 645.0
1433155109994 0 518.0
1433155108029 1 561.0
1433155108261 1 589.0
1433155108377 0 645.0
1433155110096 0 518.0
1433155108131 1 561.0
1433155108361 1 589.0
1433155108478 0 645.0
1433155110196 0 518.0
1433155108232 1 561.0
1433155108461 1 589.0
1433155108579 0 645.0
1433155110298 0 518.0
1433155108334 1 561.0
1433155108561 1 589.0
1433155108679 0 645.0
1433155110399 0 518.0
1433155108436 1 561.0
1433155108661 1 589.0
1433155108781 0 645.0
1433155110501 0 518.0
1433155108537 1 561.0
1433155108761 1 589.0
1433155108882 0 645.0
1433155110602 0 518.0
1433155108639 1 561.0
1433155108861 1 589.0
1433155108984 0 645.0
1433155110704 0 518.0
1433155108738 1 561.0
1433155108961 1 589.0
1433155109085 0 645.0
1433155110804 0 518.0
1433155108839 1 561.0
1433155109061 1 589.0
1433155109186 0 645.0
1433155110906 0 518.0
1433155108940 1 561.0
1433155109161 1 589.0
1433155109288 0 645.0
1433155111007 0 518.0
1433155109041 1 561.0
1433155109261 1 589.0
1433155109389 0 645.0
1433155111107 0 518.0
1433155109142 1 561.0
1433155109361 1 589.0
1433155109491 0 645.0
1433155111208 0 518.0
1433155109244 1 561.0
1433155109462 1 589.0
1433155109593 0 645.0
1433155111311 0 518.0
1433155109345 1 561.0
1433155109562 1 589.0
1433155109693 0 645.0
1433155111412 0 518.0
1433155109447 1 561.0
1433155109663 1 589.0
1433155109795 0 645.0
1433155111514 0 518.0
1433155109549 1 561.0
1433155109763 1 589.0
1433155109894 0 645.0
1433155111616 0 518.0
1433155109651 1 561.0
1433155109864 1 589.0
1433155109996 0 645.0
1433155111718 0 518.0
1433155109751 1 561.0
1433155109964 1 589.0
1433155110097 0 645.0
1433155111820 0 518.0
1433155109852 1 561.0
1433155110065 1 589.0
1433155110198 0 645.0
1433155111922 0 518.0
1433155109954 1 561.0
1433155110165 1 589.0
1433155110299 0 645.0
1433155112026 0 518.0
1433155110056 1 561.0
1433155110266 1 589.0
1433155110399 0 645.0
1433155112126 0 518.0
1433155110157 1 561.0
1433155110366 1 589.0
1433155110500 0 645.0
1433155112227 0 518.0
1433155110259 1 561.0
1433155110467 1 589.0
1433155110601 0 645.0
1433155112328 0 518.0
1433155110361 1 561.0
1433155110567 1 589.0
1433155110701 0 645.0
1433155112430 0 518.0
1433155110667 1 589.0
1433155110803 0 645.0
1433155112530 0 518.0
1433155110462 1 561.0
1433155110563 1 561.0
1433155110767 1 589.0
1433155110904 0 645.0
1433155112631 0 518.0
1433155110665 1 561.0
1433155110867 1 589.0
1433155111006 0 645.0
1433155112732 0 518.0
1433155110767 1 561.0
1433155110967 1 589.0
1433155111108 0 645.0
1433155112833 0 518.0
1433155110868 1 561.0
1433155111067 1 589.0
1433155111209 0 645.0
1433155112934 0 518.0
1433155110970 1 561.0
1433155111167 1 589.0
1433155111311 0 645.0
1433155113035 0 518.0
1433155111070 1 561.0
1433155111267 1 589.0
1433155111411 0 645.0
1433155113136 0 518.0
1433155111171 1 561.0
1433155111367 1 589.0
1433155111512 0 645.0
1433155113236 0 518.0
1433155111271 1 561.0
1433155111468 1 589.0
1433155111613 0 645.0
1433155113336 0 518.0
1433155111372 1 561.0
1433155111568 1 589.0
1433155111714 0 645.0
1433155113439 0 518.0
1433155111472 1 561.0
1433155111668 1 589.0
1433155111816 0 645.0
1433155113540 0 518.0
1433155111574 1 561.0
1433155111768 1 589.0
1433155111918 0 645.0
1433155113641 0 518.0
1433155111675 1 561.0
1433155111868 1 589.0
1433155112019 0 645.0
1433155113743 0 518.0
1433155111777 1 561.0
1433155111968 1 589.0
1433155112121 0 645.0
1433155113844 0 518.0
1433155112068 1 589.0
1433155111878 1 561.0
1433155112223 0 645.0
1433155113944 0 518.0
1433155112168 1 589.0
1433155111980 1 561.0
1433155112324 0 645.0
1433155114045 0 518.0
1433155112268 1 589.0
1433155112081 1 561.0
1433155112425 0 645.0
1433155114147 0 518.0
1433155112368 1 589.0
1433155112182 1 561.0
1433155112526 0 645.0
1433155114249 0 518.0
1433155112469 1 589.0
1433155112283 1 561.0
1433155112626 0 645.0
1433155114351 0 518.0
1433155112569 1 589.0
1433155112385 1 561.0
1433155112726 0 645.0
1433155114452 0 518.0
1433155112670 1 589.0
1433155112487 1 561.0
1433155112829 0 645.0
1433155114554 0 518.0
1433155112770 1 589.0
1433155112588 1 561.0
1433155112930 0 645.0
1433155114656 0 518.0
1433155112870 1 589.0
1433155112689 1 561.0
1433155113031 0 645.0
1433155114758 0 518.0
1433155112970 1 589.0
1433155112791 1 561.0
1433155113133 0 645.0
1433155114859 0 518.0
1433155113070 1 589.0
1433155112891 1 561.0
1433155113233 0 645.0
1433155114959 0 518.0
1433155113170 1 589.0
1433155112992 1 561.0
1433155113334 0 645.0
1433155115061 0 518.0
1433155113270 1 589.0
1433155113093 1 561.0
1433155113434 0 645.0
1433155115162 0 518.0
1433155113370 1 589.0
1433155113195 1 561.0
1433155113536 0 645.0
1433155115263 0 518.0
1433155113471 1 589.0
1433155113296 1 561.0
1433155113636 0 645.0
1433155115365 0 518.0
1433155113571 1 589.0
1433155113398 1 561.0
1433155113738 0 645.0
1433155115467 0 518.0
1433155113672 1 589.0
1433155113500 1 561.0
1433155113839 0 645.0
1433155115568 0 518.0
1433155113772 1 589.0
1433155113601 1 561.0
1433155113940 0 645.0
1433155115670 0 518.0
1433155113873 1 589.0
1433155113702 1 561.0
1433155115770 0 518.0
1433155113973 1 589.0
1433155113805 1 561.0
1433155114041 0 645.0
1433155114142 0 645.0
1433155115871 0 518.0
1433155114074 1 589.0
1433155113906 1 561.0
1433155114243 0 645.0
1433155115971 0 518.0
1433155114174 1 589.0
1433155114007 1 561.0
1433155114343 0 645.0
1433155114275 1 589.0
1433155116073 0 518.0
1433155114108 1 561.0
1433155114443 0 645.0
1433155114375 1 589.0
1433155116173 0 518.0
1433155114209 1 561.0
1433155114544 0 645.0
1433155114475 1 589.0
1433155116275 0 518.0
1433155114310 1 561.0
1433155114645 0 645.0
