1432904286889 1 505.0
1432904287940 0 421.0
1432904288148 0 365.0
1432904287465 1 393.0
1432904287674 1 337.0
1432904287830 1 252.0
1432904288511 0 252.0
1432904288667 0 294.0
1432904288145 1 98.0
1432904288823 0 505.0
1432904288979 0 576.0
1432904288302 1 214.0
1432904288459 1 224.0
1432904288616 1 154.0
1432904289447 0 477.0
1432904288930 1 224.0
1432904289758 0 393.0
1432904289087 1 309.0
1432904289349 1 266.0
1432904290018 0 351.0
1432904289611 1 337.0
1432904289819 1 421.0
1432904290538 0 393.0
1432904290133 1 477.0
1432904290797 0 435.0
1432904290657 1 491.0
1432904293901 1 393.0
1432904294111 1 323.0
1432904294268 1 252.0
1432904295006 0 252.0
1432904294477 1 154.0
1432904295266 0 393.0
1432904294739 1 238.0
1432904295422 0 477.0
1432904295577 0 562.0
1432904294895 1 491.0
1432904295053 1 534.0
