1432910832521 1 632.0
1432910832621 1 632.0
1432910832722 1 632.0
1432910832822 1 632.0
1432910832922 1 632.0
1432910833022 1 632.0
1432910833122 1 632.0
1432910833223 1 632.0
1432910833322 1 632.0
1432910833423 1 632.0
1432910833523 1 632.0
1432910833624 1 632.0
1432910833725 1 632.0
1432910833825 1 632.0
1432910833926 1 632.0
1432910834026 1 632.0
1432910834126 1 632.0
1432910834226 1 632.0
1432910834326 1 632.0
1432910834426 1 632.0
1432910834526 1 632.0
1432910834626 1 632.0
1432910834726 1 632.0
1432910834827 1 632.0
1432910834927 1 632.0
1432910835028 1 632.0
1432910835128 1 632.0
1432910835228 1 632.0
1432910835328 1 632.0
1432910835428 1 632.0
1432910835528 1 632.0
1432910835629 1 632.0
1432910835729 1 632.0
1432910835830 1 632.0
1432910835930 1 632.0
1432910836031 1 632.0
1432910836131 1 632.0
1432910836231 1 632.0
1432910836331 1 689.0
1432910836431 1 689.0
1432910836531 1 689.0
1432910836631 1 632.0
1432910836731 1 632.0
1432910836831 1 604.0
1432910836931 1 604.0
1432910837032 1 604.0
1432910837132 1 604.0
1432910837233 1 548.0
1432910837333 1 520.0
1432910837434 1 393.0
1432910837534 1 393.0
1432910837634 1 477.0
1432910837734 1 590.0
1432910837835 1 632.0
1432910837935 1 632.0
1432910838035 1 632.0
1432910838135 1 632.0
1432910838236 1 632.0
1432910838336 1 632.0
1432910838436 1 632.0
1432910838537 1 632.0
1432910838637 1 632.0
1432910838739 1 632.0
1432910838839 1 632.0
1432910838940 1 632.0
1432910839041 1 632.0
1432910839142 1 632.0
1432910839243 1 632.0
1432910839343 1 632.0
1432910839444 1 632.0
1432910839545 1 632.0
1432910839646 1 632.0
1432910839746 1 632.0
1432910839846 1 632.0
1432910839947 1 632.0
1432910840047 1 632.0
1432910840147 1 632.0
1432910840247 1 632.0
1432910840348 1 632.0
1432910840449 1 632.0
1432910840550 1 632.0
1432910840650 1 632.0
1432910840750 1 632.0
1432910840851 1 632.0
1432910840951 1 632.0
1432910841051 1 632.0
1432910841151 1 632.0
1432910841252 1 632.0
1432910841353 1 632.0
1432910841454 1 632.0
1432910841556 1 632.0
1432910841656 1 632.0
1432910841757 1 632.0
1432910841858 1 632.0
1432910841959 1 632.0
1432910842062 1 632.0
1432910842164 1 632.0
1432910842265 1 632.0
1432910842367 1 632.0
1432910842468 1 632.0
1432910842571 1 632.0
1432910842671 1 632.0
1432910842773 1 632.0
1432910842874 1 632.0
1432910842977 1 632.0
1432910843079 1 632.0
1432910843179 1 632.0
1432910843281 1 632.0
1432910843381 1 632.0
1432910843482 1 632.0
1432910843584 1 632.0
1432910843685 1 632.0
1432910843787 1 632.0
1432910843888 1 632.0
1432910843990 1 632.0
1432910844092 1 632.0
1432910844194 1 632.0
1432910844296 1 632.0
1432910844396 1 632.0
1432910844497 1 632.0
1432910844598 1 632.0
1432910844699 1 632.0
1432910844801 1 632.0
1432910844902 1 632.0
1432910845003 1 632.0
1432910845105 1 632.0
1432910845207 1 632.0
1432910845309 1 632.0
1432910845411 1 632.0
1432910845513 1 632.0
1432910845614 1 632.0
1432910845715 1 632.0
1432910845816 1 632.0
1432910845918 1 632.0
1432910846019 1 632.0
1432910846120 1 632.0
1432910846222 1 632.0
1432910846323 1 632.0
1432910846425 1 632.0
1432910846526 1 632.0
1432910846626 1 632.0
1432910846728 1 632.0
1432910846830 1 632.0
1432910846932 1 632.0
1432910847034 1 632.0
1432910847135 1 632.0
1432910847236 1 632.0
1432910847337 1 632.0
1432910847439 1 632.0
1432910847541 1 632.0
1432910847643 1 632.0
1432910847746 1 632.0
1432910847849 1 632.0
1432910847949 1 632.0
1432910848051 1 632.0
1432910848153 1 632.0
1432910848254 1 632.0
1432910848355 1 632.0
1432910848455 1 632.0
1432910848557 1 632.0
1432910848657 1 632.0
1432910848758 1 632.0
1432910848862 1 632.0
1432910848963 1 632.0
1432910849063 1 632.0
1432910849165 1 632.0
1432910849264 1 632.0
1432910849365 1 632.0
1432910849465 1 632.0
1432910849566 1 632.0
1432910849666 1 632.0
1432910849766 1 632.0
1432910849867 1 632.0
1432910849969 1 632.0
1432910850070 1 632.0
1432910850172 1 632.0
1432910850274 1 632.0
1432910850375 1 632.0
1432910850476 1 632.0
1432910850578 1 632.0
1432910850679 1 632.0
1432910850779 1 632.0
1432910850881 1 632.0
1432910850983 1 632.0
1432910851084 1 632.0
1432910851186 1 632.0
1432910851286 1 632.0
1432910851388 1 632.0
1432910851490 1 632.0
1432910851592 1 632.0
1432910851694 1 632.0
1432910851796 1 632.0
1432910851896 1 632.0
1432910851998 1 632.0
1432910852099 1 632.0
1432910852201 1 632.0
1432910852302 1 632.0
1432910852404 1 632.0
1432910852505 1 632.0
1432910852606 1 632.0
1432910852706 1 632.0
1432910852807 1 632.0
1432910852908 1 632.0
1432910853010 1 632.0
1432910853112 1 632.0
1432910853214 1 632.0
1432910853315 1 632.0
1432910853415 1 632.0
1432910853516 1 632.0
1432910853617 1 632.0
1432910853719 1 632.0
1432910853820 1 632.0
1432910853920 1 632.0
1432910854021 1 632.0
1432910854122 1 632.0
1432910854224 1 632.0
1432910854324 1 632.0
1432910854426 1 632.0
1432910854528 1 632.0
1432910854628 1 632.0
1432910854730 1 632.0
1432910854831 1 632.0
1432910854931 1 632.0
1432910855033 1 632.0
1432910855134 1 632.0
1432910855236 1 632.0
1432910855337 1 632.0
1432910855439 1 632.0
1432910855541 1 632.0
1432910855642 1 632.0
1432910855743 1 632.0
1432910855845 1 632.0
1432910855947 1 632.0
1432910856048 1 632.0
1432910856150 1 632.0
1432910856252 1 632.0
1432910856354 1 632.0
1432910856455 1 632.0
1432910856556 1 632.0
1432910856658 1 632.0
1432910856760 1 632.0
1432910856862 1 632.0
1432910856964 1 632.0
1432910857064 1 632.0
1432910857166 1 632.0
1432910857265 1 632.0
1432910857366 1 632.0
1432910857466 1 632.0
1432910857568 1 632.0
1432910857670 1 632.0
1432910857772 1 632.0
1432910857873 1 632.0
1432910857975 1 632.0
1432910858075 1 632.0
1432910858177 1 632.0
1432910858278 1 632.0
1432910858379 1 632.0
1432910858479 1 632.0
1432910858580 1 632.0
1432910858682 1 632.0
1432910858783 1 632.0
1432910858885 1 632.0
1432910858987 1 632.0
1432910859088 1 632.0
1432910859189 1 632.0
1432910859291 1 632.0
1432910859393 1 632.0
1432910859494 1 632.0
1432910859596 1 632.0
1432910859697 1 632.0
1432910859799 1 632.0
1432910859901 1 632.0
1432910860002 1 632.0
1432910860102 1 632.0
1432910860204 1 632.0
1432910860303 1 632.0
1432910860405 1 632.0
1432910860506 1 632.0
1432910860607 1 632.0
1432910860708 1 632.0
1432910860809 1 632.0
1432910860911 1 632.0
1432910861013 1 632.0
1432910861113 1 632.0
1432910861214 1 632.0
1432910861315 1 632.0
1432910861417 1 632.0
1432910861519 1 632.0
1432910861619 1 632.0
1432910861720 1 632.0
1432910861821 1 632.0
1432910861923 1 632.0
1432910862025 1 632.0
1432910862126 1 632.0
1432910862226 1 632.0
1432910862326 1 632.0
1432910862427 1 632.0
1432910862529 1 632.0
1432910862631 1 632.0
1432910862732 1 632.0
1432910862834 1 632.0
1432910862936 1 632.0
1432910863038 1 632.0
1432910863139 1 632.0
1432910863241 1 632.0
1432910863342 1 632.0
1432910863444 1 632.0
1432910863546 1 632.0
1432910863648 1 632.0
1432910863749 1 632.0
1432910863851 1 632.0
1432910863953 1 632.0
1432910864054 1 632.0
1432910864155 1 632.0
1432910864256 1 632.0
1432910864357 1 632.0
1432910864459 1 632.0
1432910864561 1 632.0
1432910864663 1 632.0
1432910864765 1 632.0
