1433149346247 1 617.0
1433149348286 0 575.0
1433149346349 1 617.0
1433149348389 0 575.0
1433149346451 1 617.0
1433149348491 0 575.0
1433149346553 1 617.0
1433149348591 0 575.0
1433149346655 1 617.0
1433149348692 0 575.0
1433149346756 1 617.0
1433149348794 0 575.0
1433149346858 1 617.0
1433149348895 0 575.0
1433149346958 1 617.0
1433149348996 0 575.0
1433149347060 1 617.0
1433149349097 0 575.0
1433149347161 1 617.0
1433149349198 0 575.0
1433149347263 1 617.0
1433149349299 0 575.0
1433149347365 1 617.0
1433149349399 0 575.0
1433149347467 1 617.0
1433149349500 0 575.0
1433149349601 0 575.0
1433149347569 1 617.0
1433149349702 0 575.0
1433149347671 1 617.0
1433149349803 0 575.0
1433149347772 1 617.0
1433149349905 0 575.0
1433149347872 1 617.0
1433149350007 0 575.0
1433149347972 1 617.0
1433149348072 1 617.0
1433149350108 0 575.0
1433149348172 1 617.0
1433149350209 0 575.0
1433149348274 1 617.0
1433149350310 0 575.0
1433149348376 1 617.0
1433149348477 1 617.0
1433149350410 0 575.0
1433149350510 0 575.0
1433149348578 1 617.0
1433149350611 0 575.0
1433149348679 1 617.0
1433149350712 0 575.0
1433149348780 1 617.0
1433149350812 0 575.0
1433149348881 1 617.0
1433149350913 0 575.0
1433149348981 1 617.0
1433149351015 0 575.0
1433149349081 1 617.0
1433149351117 0 575.0
1433149349181 1 617.0
1433149351219 0 575.0
1433149349282 1 617.0
1433149351320 0 575.0
1433149349383 1 617.0
1433149351421 0 575.0
1433149349485 1 617.0
1433149351522 0 575.0
1433149349586 1 617.0
1433149351623 0 575.0
1433149349688 1 617.0
1433149351724 0 575.0
1433149349789 1 617.0
1433149351826 0 575.0
1433149349890 1 617.0
1433149351928 0 575.0
1433149349990 1 617.0
1433149352030 0 575.0
1433149350091 1 617.0
1433149352131 0 575.0
1433149350192 1 617.0
1433149352233 0 575.0
1433149350292 1 617.0
1433149352334 0 575.0
1433149350393 1 617.0
1433149352434 0 575.0
1433149350495 1 617.0
1433149352536 0 575.0
1433149350597 1 617.0
1433149352638 0 575.0
1433149350699 1 617.0
1433149352740 0 575.0
1433149350801 1 617.0
1433149350902 1 617.0
1433149352840 0 575.0
1433149352941 0 575.0
1433149351003 1 617.0
1433149353043 0 575.0
1433149351104 1 617.0
1433149353144 0 575.0
1433149351206 1 617.0
1433149353245 0 575.0
1433149351307 1 617.0
1433149353347 0 575.0
1433149351408 1 617.0
1433149351510 1 617.0
1433149353447 0 575.0
1433149353547 0 575.0
1433149351611 1 617.0
1433149353649 0 575.0
1433149351713 1 617.0
1433149353751 0 575.0
1433149351815 1 617.0
1433149353852 0 575.0
1433149351916 1 617.0
1433149353952 0 575.0
1433149352016 1 617.0
1433149354054 0 575.0
1433149352116 1 617.0
1433149354155 0 575.0
1433149352216 1 617.0
1433149354255 0 575.0
1433149352319 1 617.0
1433149352420 1 617.0
1433149354360 0 575.0
1433149352522 1 617.0
1433149354460 0 575.0
1433149354560 0 575.0
1433149352623 1 617.0
1433149354660 0 575.0
1433149352725 1 617.0
1433149354761 0 575.0
1433149352826 1 617.0
1433149354861 0 575.0
1433149352928 1 617.0
1433149354962 0 575.0
1433149353030 1 617.0
1433149355062 0 575.0
1433149353131 1 617.0
1433149355162 0 575.0
1433149353233 1 617.0
1433149355263 0 575.0
1433149353335 1 617.0
1433149355364 0 575.0
1433149353437 1 617.0
1433149355465 0 575.0
1433149353539 1 617.0
1433149355566 0 575.0
1433149353641 1 617.0
1433149355666 0 575.0
1433149353742 1 617.0
1433149355767 0 575.0
1433149353842 1 617.0
1433149355868 0 575.0
1433149353944 1 617.0
1433149355969 0 575.0
1433149354043 1 617.0
1433149354144 1 617.0
1433149356070 0 575.0
1433149354244 1 617.0
1433149356172 0 575.0
1433149356272 0 575.0
1433149354345 1 617.0
1433149356373 0 575.0
1433149354447 1 617.0
1433149356475 0 575.0
1433149354549 1 617.0
1433149356577 0 575.0
1433149354651 1 617.0
1433149356677 0 575.0
1433149354751 1 617.0
1433149356777 0 575.0
1433149354853 1 617.0
1433149356877 0 575.0
1433149354954 1 617.0
1433149356977 0 575.0
1433149355056 1 617.0
1433149357077 0 575.0
1433149355158 1 617.0
1433149357177 0 575.0
1433149355260 1 617.0
1433149357279 0 575.0
1433149355361 1 617.0
1433149357379 0 575.0
1433149355462 1 617.0
1433149357479 0 575.0
1433149355563 1 617.0
1433149357580 0 575.0
1433149355665 1 617.0
1433149357680 0 575.0
1433149355767 1 617.0
1433149357781 0 575.0
1433149355867 1 617.0
1433149357882 0 575.0
1433149355969 1 617.0
1433149357984 0 575.0
1433149356069 1 617.0
1433149358085 0 575.0
1433149356169 1 617.0
1433149358186 0 575.0
1433149356269 1 617.0
1433149358287 0 575.0
1433149356371 1 617.0
1433149358389 0 575.0
1433149356473 1 617.0
1433149358490 0 575.0
1433149356575 1 617.0
1433149358591 0 575.0
1433149356677 1 617.0
1433149358692 0 575.0
1433149356778 1 617.0
1433149358794 0 575.0
1433149356880 1 617.0
1433149358896 0 575.0
1433149356980 1 617.0
1433149358998 0 575.0
1433149357081 1 617.0
1433149359099 0 575.0
1433149357182 1 617.0
1433149359200 0 575.0
1433149357283 1 617.0
1433149359301 0 575.0
1433149357384 1 617.0
1433149359402 0 575.0
1433149357486 1 617.0
1433149359503 0 575.0
1433149357587 1 617.0
1433149359605 0 575.0
1433149359705 0 575.0
1433149357688 1 617.0
1433149357788 1 617.0
1433149359807 0 575.0
1433149357890 1 617.0
1433149359909 0 575.0
1433149357991 1 617.0
1433149360009 0 575.0
1433149358091 1 617.0
1433149360110 0 575.0
1433149358192 1 617.0
1433149360210 0 575.0
1433149358294 1 617.0
1433149360312 0 575.0
1433149358395 1 617.0
1433149360416 0 575.0
1433149358497 1 617.0
1433149360518 0 575.0
1433149358598 1 617.0
1433149360620 0 575.0
1433149358700 1 617.0
1433149360722 0 575.0
1433149358801 1 617.0
1433149360824 0 575.0
1433149358903 1 617.0
1433149360926 0 575.0
1433149359004 1 617.0
1433149361028 0 575.0
1433149359106 1 617.0
1433149361128 0 575.0
1433149359206 1 617.0
1433149361228 0 575.0
1433149359307 1 617.0
1433149361330 0 575.0
1433149359409 1 617.0
1433149361430 0 575.0
1433149359510 1 617.0
1433149361530 0 575.0
1433149359611 1 617.0
1433149361632 0 575.0
1433149359712 1 617.0
1433149361734 0 575.0
1433149359813 1 617.0
1433149361837 0 575.0
1433149359914 1 617.0
1433149361939 0 575.0
1433149360016 1 617.0
1433149362041 0 575.0
1433149360118 1 617.0
1433149360219 1 617.0
1433149362141 0 575.0
1433149360321 1 617.0
1433149362243 0 575.0
1433149360423 1 617.0
1433149362344 0 575.0
1433149360525 1 617.0
1433149362444 0 575.0
1433149362545 0 575.0
1433149360627 1 617.0
1433149362647 0 575.0
1433149360729 1 617.0
1433149362749 0 575.0
1433149360830 1 617.0
1433149362849 0 575.0
1433149360931 1 617.0
1433149362950 0 575.0
1433149361033 1 617.0
1433149363052 0 575.0
1433149361135 1 617.0
1433149363154 0 575.0
1433149361236 1 617.0
1433149363256 0 575.0
1433149361338 1 617.0
1433149363358 0 575.0
1433149361440 1 617.0
1433149361542 1 617.0
1433149363458 0 575.0
1433149363560 0 575.0
1433149361644 1 617.0
1433149363662 0 575.0
1433149361744 1 617.0
1433149363764 0 575.0
1433149361846 1 617.0
1433149363866 0 575.0
1433149363966 0 575.0
1433149361948 1 617.0
1433149364068 0 575.0
1433149362049 1 617.0
1433149362150 1 617.0
1433149364170 0 575.0
1433149362252 1 617.0
1433149364272 0 575.0
1433149362354 1 617.0
1433149364373 0 575.0
1433149364474 0 575.0
1433149362456 1 617.0
1433149364576 0 575.0
1433149362557 1 617.0
1433149362658 1 617.0
1433149364678 0 575.0
1433149362758 1 617.0
1433149364779 0 575.0
1433149362860 1 617.0
1433149364879 0 575.0
1433149362961 1 617.0
1433149364981 0 575.0
1433149363063 1 617.0
1433149363165 1 617.0
1433149365082 0 575.0
1433149365182 0 575.0
1433149363267 1 617.0
1433149365282 0 575.0
1433149363368 1 617.0
1433149365382 0 575.0
1433149363469 1 617.0
1433149365483 0 575.0
1433149363571 1 617.0
1433149365584 0 575.0
1433149363672 1 617.0
1433149365685 0 575.0
1433149363774 1 617.0
1433149365786 0 575.0
1433149363875 1 617.0
1433149365887 0 575.0
1433149363977 1 617.0
1433149365989 0 575.0
1433149364077 1 617.0
1433149366090 0 575.0
1433149364177 1 617.0
1433149366192 0 575.0
1433149364279 1 617.0
1433149366293 0 575.0
1433149366395 0 575.0
1433149364379 1 617.0
1433149364481 1 617.0
1433149366495 0 575.0
1433149366598 0 575.0
1433149364581 1 617.0
1433149364682 1 617.0
1433149366699 0 575.0
1433149364783 1 617.0
1433149366800 0 575.0
1433149364885 1 617.0
1433149366901 0 575.0
1433149367002 0 575.0
1433149364987 1 617.0
1433149365086 1 617.0
1433149367102 0 575.0
1433149365187 1 617.0
1433149367203 0 575.0
1433149365289 1 617.0
1433149367304 0 575.0
1433149365391 1 617.0
1433149367405 0 575.0
1433149365492 1 617.0
1433149367506 0 575.0
1433149365593 1 617.0
1433149367608 0 575.0
1433149365695 1 617.0
1433149367709 0 575.0
1433149365796 1 617.0
1433149367810 0 575.0
1433149365899 1 617.0
1433149367912 0 575.0
1433149365998 1 617.0
1433149368012 0 575.0
1433149366100 1 617.0
1433149368113 0 575.0
1433149366201 1 617.0
1433149368215 0 575.0
1433149366303 1 617.0
1433149368317 0 575.0
1433149366402 1 617.0
1433149368418 0 575.0
1433149366504 1 617.0
1433149368519 0 575.0
1433149366606 1 617.0
1433149368621 0 575.0
1433149366708 1 617.0
1433149368722 0 575.0
1433149368824 0 575.0
1433149366810 1 617.0
1433149368926 0 575.0
1433149366913 1 617.0
1433149369028 0 575.0
1433149367013 1 617.0
1433149367114 1 617.0
1433149369130 0 575.0
1433149367216 1 617.0
1433149369231 0 575.0
1433149367317 1 617.0
1433149369331 0 575.0
1433149367419 1 617.0
1433149369433 0 575.0
1433149367520 1 617.0
1433149369533 0 575.0
1433149367621 1 617.0
1433149369635 0 575.0
1433149367723 1 617.0
1433149369737 0 575.0
1433149367825 1 617.0
1433149369838 0 575.0
1433149367927 1 617.0
1433149369940 0 575.0
1433149368028 1 617.0
1433149370042 0 575.0
1433149368129 1 617.0
1433149370144 0 575.0
1433149368230 1 617.0
1433149370245 0 575.0
1433149368332 1 617.0
1433149370347 0 575.0
1433149368434 1 617.0
1433149370447 0 575.0
1433149368536 1 617.0
1433149370549 0 575.0
1433149368638 1 617.0
1433149370651 0 575.0
1433149368738 1 617.0
1433149370753 0 575.0
1433149368840 1 617.0
1433149370854 0 575.0
1433149368942 1 617.0
1433149370956 0 575.0
1433149369043 1 617.0
1433149371058 0 575.0
1433149369145 1 617.0
1433149371160 0 575.0
1433149369247 1 617.0
1433149371261 0 575.0
1433149369349 1 617.0
1433149371362 0 575.0
1433149369451 1 617.0
1433149371463 0 575.0
1433149369553 1 617.0
1433149371564 0 575.0
1433149369655 1 617.0
1433149371665 0 575.0
1433149369757 1 617.0
1433149371768 0 575.0
1433149369859 1 617.0
1433149371870 0 575.0
1433149369961 1 617.0
1433149371972 0 575.0
1433149370063 1 617.0
1433149370165 1 617.0
1433149372073 0 575.0
1433149372173 0 575.0
1433149370267 1 617.0
1433149372274 0 575.0
1433149370367 1 617.0
1433149372376 0 575.0
1433149370468 1 617.0
1433149372477 0 575.0
1433149370570 1 617.0
1433149372579 0 575.0
1433149370672 1 617.0
1433149372679 0 575.0
1433149370773 1 617.0
1433149372780 0 575.0
1433149370875 1 617.0
1433149372881 0 575.0
1433149370976 1 617.0
1433149372983 0 575.0
1433149371077 1 617.0
1433149373084 0 575.0
1433149371178 1 617.0
1433149373186 0 575.0
1433149371280 1 617.0
1433149373287 0 575.0
1433149373388 0 575.0
1433149371380 1 617.0
1433149371480 1 617.0
1433149373489 0 575.0
1433149371580 1 617.0
1433149373589 0 575.0
1433149371682 1 617.0
1433149373690 0 575.0
1433149371783 1 617.0
1433149373792 0 575.0
1433149371885 1 617.0
1433149373893 0 575.0
1433149371986 1 617.0
1433149373994 0 575.0
1433149372087 1 617.0
1433149374095 0 575.0
1433149372188 1 617.0
1433149374197 0 575.0
1433149372290 1 617.0
1433149374298 0 575.0
1433149372391 1 617.0
1433149374400 0 575.0
1433149372492 1 617.0
1433149374501 0 575.0
1433149372593 1 617.0
1433149374603 0 575.0
1433149372695 1 617.0
1433149374704 0 575.0
1433149372796 1 617.0
1433149374806 0 575.0
1433149372898 1 617.0
1433149374907 0 575.0
1433149372999 1 617.0
1433149375009 0 575.0
1433149373099 1 617.0
1433149375111 0 575.0
1433149373200 1 617.0
1433149375212 0 575.0
1433149373301 1 617.0
1433149375313 0 575.0
1433149373402 1 617.0
1433149375415 0 575.0
1433149373504 1 617.0
1433149375517 0 575.0
1433149373605 1 617.0
1433149375619 0 575.0
1433149373707 1 617.0
1433149375719 0 575.0
1433149373808 1 617.0
1433149375820 0 575.0
1433149373910 1 617.0
1433149375921 0 575.0
1433149374009 1 617.0
1433149376023 0 575.0
1433149374110 1 617.0
1433149376124 0 575.0
1433149374211 1 617.0
1433149376226 0 575.0
1433149374312 1 617.0
1433149376328 0 575.0
1433149374413 1 617.0
1433149376430 0 575.0
1433149374515 1 617.0
1433149376531 0 575.0
1433149374616 1 617.0
1433149376633 0 575.0
1433149374716 1 617.0
1433149376734 0 575.0
1433149374816 1 617.0
1433149376835 0 575.0
1433149374917 1 617.0
1433149376937 0 575.0
1433149375018 1 617.0
1433149377040 0 575.0
1433149375120 1 617.0
1433149377141 0 575.0
1433149375222 1 617.0
1433149377243 0 575.0
1433149375325 1 617.0
1433149377344 0 575.0
1433149375427 1 617.0
1433149377445 0 575.0
1433149375528 1 617.0
1433149377547 0 575.0
1433149375629 1 617.0
1433149377649 0 575.0
1433149375730 1 617.0
1433149377750 0 575.0
1433149375832 1 617.0
1433149377851 0 575.0
1433149375933 1 617.0
1433149377953 0 575.0
1433149376034 1 617.0
1433149378055 0 575.0
1433149376136 1 617.0
1433149378157 0 575.0
1433149376237 1 617.0
1433149378259 0 575.0
1433149376339 1 617.0
1433149378361 0 575.0
1433149376441 1 617.0
1433149376543 1 617.0
1433149378463 0 575.0
1433149378563 0 575.0
1433149376645 1 617.0
1433149378664 0 575.0
1433149376747 1 617.0
1433149378767 0 575.0
1433149376848 1 617.0
1433149378867 0 575.0
1433149376950 1 617.0
1433149378968 0 575.0
1433149377050 1 617.0
1433149379070 0 575.0
1433149377151 1 617.0
1433149379173 0 575.0
1433149377252 1 617.0
1433149379273 0 575.0
1433149377354 1 617.0
1433149377456 1 617.0
1433149379373 0 575.0
1433149377559 1 617.0
1433149379476 0 575.0
1433149377660 1 617.0
1433149379576 0 575.0
1433149379678 0 575.0
1433149377761 1 617.0
1433149379779 0 518.0
1433149377863 1 617.0
1433149377965 1 617.0
1433149379879 0 518.0
1433149379980 0 518.0
1433149380080 0 518.0
1433149378066 1 617.0
1433149378167 1 617.0
1433149380181 0 518.0
1433149378269 1 617.0
1433149380286 0 518.0
1433149380387 0 518.0
1433149378371 1 617.0
1433149380488 0 518.0
1433149378471 1 617.0
1433149380588 0 518.0
1433149378571 1 617.0
1433149380689 0 518.0
1433149378671 1 617.0
1433149380790 0 518.0
1433149378771 1 617.0
1433149380891 0 518.0
1433149378871 1 617.0
1433149378973 1 617.0
1433149380992 0 518.0
1433149379073 1 617.0
1433149381093 0 575.0
1433149379175 1 617.0
1433149381195 0 575.0
1433149379277 1 617.0
1433149381296 0 575.0
1433149379376 1 617.0
1433149381397 0 575.0
1433149379477 1 617.0
1433149381497 0 575.0
1433149379577 1 617.0
