1433024802351 0 20.0
1433024802451 0 20.0
1433024802551 0 20.0
1433024802651 0 20.0
1433024802751 0 20.0
1433024802851 0 20.0
1433024802466 1 153.0
1433024802566 1 104.0
1433024802667 1 104.0
1433024802767 1 104.0
1433024802868 1 104.0
1433024802969 1 104.0
1433024802952 0 20.0
1433024803052 0 20.0
1433024803152 0 20.0
1433024803252 0 20.0
1433024803352 0 20.0
1433024803452 0 20.0
1433024803069 1 104.0
1433024803171 1 104.0
1433024803272 1 104.0
1433024803372 1 104.0
1433024803472 1 104.0
1433024803574 1 104.0
1433024803553 0 20.0
1433024803653 0 20.0
1433024803753 0 20.0
1433024803853 0 20.0
1433024803953 0 20.0
1433024804054 0 20.0
1433024803675 1 104.0
1433024803776 1 104.0
1433024803877 1 104.0
1433024803978 1 104.0
1433024804080 1 152.0
1433024804154 0 20.0
1433024804255 0 20.0
1433024804355 0 20.0
1433024804455 0 20.0
1433024804555 0 20.0
1433024804656 0 20.0
1433024804180 1 209.0
1433024804281 1 209.0
1433024804381 1 209.0
1433024804482 1 209.0
1433024804584 1 335.0
1433024804685 1 406.0
1433024804786 1 448.0
1433024804755 0 20.0
1433024804856 0 20.0
1433024804957 0 20.0
1433024805057 0 20.0
1433024805158 0 20.0
1433024805258 0 20.0
1433024804888 1 448.0
1433024804989 1 448.0
1433024805090 1 448.0
1433024805190 1 448.0
1433024805291 1 406.0
1433024805393 1 406.0
1433024805359 0 20.0
1433024805459 0 20.0
1433024805560 0 20.0
1433024805661 0 20.0
1433024805760 0 20.0
1433024805861 0 20.0
1433024805494 1 406.0
1433024805595 1 406.0
1433024805697 1 406.0
1433024805798 1 406.0
1433024805898 1 406.0
1433024805998 1 406.0
1433024806099 1 406.0
1433024805960 0 20.0
1433024806060 0 20.0
1433024806160 0 20.0
1433024806261 0 20.0
1433024806361 0 20.0
1433024806462 0 20.0
1433024806201 1 406.0
1433024806303 1 406.0
1433024806404 1 406.0
1433024806505 1 335.0
1433024806606 1 335.0
1433024806707 1 335.0
1433024806561 0 20.0
1433024806662 0 20.0
1433024806761 0 20.0
1433024806861 0 20.0
1433024806961 0 20.0
1433024807062 0 20.0
1433024807163 0 20.0
1433024806808 1 335.0
1433024806908 1 335.0
1433024807009 1 335.0
1433024807110 1 335.0
1433024807210 1 335.0
1433024807312 1 335.0
1433024807263 0 20.0
1433024807364 0 20.0
1433024807464 0 20.0
1433024807565 0 20.0
1433024807665 0 20.0
1433024807765 0 20.0
1433024807414 1 335.0
1433024807513 1 335.0
1433024807615 1 335.0
1433024807717 1 335.0
1433024807819 1 335.0
1433024807921 1 335.0
1433024807866 0 20.0
1433024807966 0 20.0
1433024808067 0 20.0
1433024808167 0 20.0
1433024808268 0 20.0
1433024808368 0 20.0
1433024808021 1 293.0
1433024808123 1 18.0
1433024808225 1 20.0
1433024808327 1 20.0
1433024808428 1 20.0
1433024808530 1 20.0
1433024808469 0 20.0
1433024808569 0 20.0
1433024808670 0 20.0
1433024808770 0 20.0
1433024808871 0 20.0
1433024808971 0 20.0
1433024808631 1 20.0
1433024808731 1 20.0
1433024808832 1 20.0
1433024808934 1 20.0
1433024809033 1 279.0
1433024809133 1 588.0
1433024809072 0 20.0
1433024809172 0 20.0
1433024809273 0 20.0
1433024809234 1 349.0
1433024809336 1 349.0
1433024809436 1 349.0
1433024809373 0 20.0
1433024809474 0 20.0
1433024809574 0 20.0
1433024809675 0 20.0
1433024809776 0 20.0
1433024809876 0 20.0
1433024809537 1 349.0
1433024809638 1 349.0
1433024809740 1 349.0
1433024809841 1 84.0
1433024809942 1 19.0
1433024810043 1 19.0
1433024809976 0 20.0
1433024810076 0 20.0
1433024810176 0 20.0
1433024810277 0 20.0
1433024810376 0 13.0
1433024810477 0 13.0
1433024810144 1 19.0
1433024810246 1 19.0
1433024810348 1 19.0
1433024810449 1 19.0
1433024810550 1 19.0
1433024810650 1 19.0
1433024810577 0 13.0
1433024810678 0 477.0
1433024810778 0 561.0
1433024810878 0 561.0
1433024810978 0 561.0
1433024811078 0 561.0
1433024810751 1 19.0
1433024810853 1 19.0
1433024810955 1 19.0
1433024811057 1 19.0
1433024811159 1 19.0
1433024811260 1 19.0
1433024811178 0 561.0
1433024811278 0 561.0
1433024811378 0 603.0
1433024811478 0 603.0
1433024811578 0 603.0
1433024811678 0 603.0
1433024811778 0 603.0
1433024811360 1 19.0
1433024811462 1 19.0
1433024811564 1 19.0
1433024811665 1 19.0
1433024811766 1 19.0
1433024811868 1 19.0
1433024811878 0 603.0
1433024811979 0 603.0
1433024812078 0 603.0
1433024812179 0 603.0
1433024812279 0 603.0
1433024812380 0 603.0
1433024811969 1 19.0
1433024812070 1 19.0
1433024812172 1 19.0
1433024812272 1 19.0
1433024812373 1 19.0
1433024812474 1 19.0
1433024812479 0 603.0
1433024812580 0 603.0
1433024812680 0 603.0
1433024812781 0 603.0
1433024812881 0 603.0
1433024812982 0 603.0
1433024812576 1 19.0
1433024812677 1 19.0
1433024812778 1 19.0
1433024812880 1 19.0
1433024812981 1 19.0
1433024813082 1 19.0
1433024813184 1 19.0
1433024813285 1 19.0
1433024813386 1 19.0
1433024813487 1 19.0
1433024813589 1 19.0
1433024813690 1 19.0
1433024813082 0 603.0
1433024813183 0 603.0
1433024813283 0 603.0
1433024813384 0 603.0
1433024813484 0 603.0
1433024813584 0 603.0
1433024813684 0 603.0
1433024813784 0 603.0
1433024813884 0 603.0
1433024813984 0 603.0
1433024814084 0 603.0
1433024814184 0 603.0
1433024813792 1 19.0
1433024813893 1 19.0
1433024813994 1 19.0
1433024814095 1 19.0
1433024814197 1 19.0
1433024814298 1 19.0
1433024814284 0 603.0
1433024814384 0 603.0
1433024814484 0 603.0
1433024814584 0 603.0
1433024814399 1 19.0
1433024814501 1 19.0
1433024814603 1 19.0
1433024814704 1 19.0
1433024814684 0 603.0
1433024814784 0 603.0
1433024814884 0 603.0
1433024814984 0 603.0
1433024815084 0 603.0
1433024815184 0 603.0
1433024815284 0 603.0
1433024815384 0 603.0
1433024814804 1 19.0
1433024814906 1 19.0
1433024815008 1 19.0
1433024815107 1 19.0
1433024815207 1 19.0
1433024815309 1 19.0
1433024815410 1 19.0
1433024815511 1 19.0
1433024815484 0 603.0
1433024815584 0 603.0
1433024815684 0 603.0
1433024815784 0 603.0
1433024815884 0 603.0
1433024815984 0 603.0
1433024815612 1 19.0
1433024815713 1 19.0
1433024815813 1 19.0
1433024815914 1 19.0
1433024816014 1 19.0
1433024816114 1 19.0
1433024816215 1 19.0
1433024816084 0 603.0
1433024816185 0 603.0
1433024816285 0 603.0
1433024816386 0 603.0
1433024816314 1 19.0
1433024816415 1 19.0
1433024816516 1 19.0
1433024816486 0 603.0
1433024816587 0 603.0
1433024816686 0 547.0
1433024816787 0 280.0
1433024816887 0 20.0
1433024816617 1 19.0
1433024816718 1 19.0
1433024816820 1 19.0
1433024816921 1 19.0
1433024816988 0 14.0
1433024817088 0 14.0
1433024817188 0 14.0
1433024817288 0 14.0
1433024817389 0 14.0
1433024817492 0 14.0
1433024817022 1 19.0
1433024817123 1 68.0
1433024817223 1 131.0
1433024817324 1 131.0
1433024817426 1 131.0
1433024817526 1 131.0
1433024817628 1 131.0
1433024817591 0 14.0
1433024817691 0 14.0
1433024817791 0 14.0
1433024817729 1 131.0
1433024817831 1 131.0
1433024817932 1 131.0
1433024817891 0 14.0
1433024817991 0 14.0
1433024818091 0 14.0
1433024818191 0 14.0
1433024818291 0 14.0
1433024818391 0 14.0
1433024818491 0 14.0
1433024818033 1 131.0
1433024818134 1 131.0
1433024818235 1 131.0
1433024818339 1 131.0
1433024818440 1 131.0
1433024818541 1 131.0
1433024818643 1 131.0
1433024818592 0 14.0
1433024818692 0 14.0
1433024818793 0 14.0
1433024818893 0 14.0
1433024818994 0 14.0
1433024819094 0 14.0
1433024818746 1 131.0
1433024818848 1 131.0
1433024818948 1 131.0
1433024819048 1 131.0
1433024819150 1 131.0
1433024819252 1 131.0
1433024819195 0 14.0
1433024819296 0 14.0
1433024819396 0 14.0
1433024819497 0 14.0
1433024819597 0 14.0
1433024819697 0 14.0
1433024819353 1 131.0
1433024819453 1 131.0
1433024819556 1 131.0
1433024819657 1 131.0
1433024819757 1 131.0
1433024819859 1 131.0
1433024819797 0 14.0
1433024819897 0 14.0
1433024819997 0 14.0
1433024820097 0 14.0
1433024820197 0 14.0
1433024820297 0 14.0
1433024819959 1 101.0
1433024820059 1 101.0
1433024820159 1 101.0
1433024820259 1 101.0
1433024820359 1 101.0
1433024820459 1 101.0
1433024820397 0 14.0
1433024820498 0 14.0
1433024820598 0 14.0
1433024820698 0 14.0
1433024820798 0 14.0
1433024820898 0 14.0
1433024820560 1 101.0
1433024820661 1 101.0
1433024820762 1 101.0
1433024820864 1 101.0
1433024820965 1 101.0
1433024821065 1 101.0
1433024820998 0 14.0
1433024821098 0 14.0
1433024821198 0 14.0
1433024821298 0 14.0
1433024821398 0 14.0
1433024821498 0 14.0
1433024821598 0 14.0
1433024821166 1 101.0
1433024821267 1 101.0
1433024821367 1 101.0
1433024821468 1 101.0
1433024821569 1 101.0
1433024821669 1 101.0
1433024821699 0 14.0
1433024821799 0 14.0
1433024821900 0 14.0
1433024822000 0 14.0
1433024822101 0 14.0
1433024822201 0 14.0
1433024821770 1 101.0
1433024821877 1 101.0
1433024821978 1 101.0
1433024822079 1 101.0
1433024822179 1 101.0
1433024822284 1 101.0
1433024822301 0 14.0
1433024822401 0 14.0
1433024822503 0 14.0
1433024822604 0 14.0
1433024822704 0 14.0
1433024822805 0 14.0
1433024822386 1 101.0
1433024822487 1 101.0
1433024822589 1 101.0
1433024822689 1 101.0
1433024822790 1 101.0
1433024822891 1 101.0
1433024822905 0 14.0
1433024823005 0 14.0
1433024823105 0 14.0
1433024823205 0 14.0
1433024823305 0 14.0
1433024823405 0 14.0
1433024822991 1 101.0
1433024823092 1 101.0
1433024823192 1 126.0
1433024823293 1 126.0
1433024823394 1 158.0
1433024823495 1 160.0
1433024823506 0 14.0
1433024823607 0 14.0
1433024823707 0 14.0
1433024823808 0 14.0
1433024823908 0 14.0
1433024824009 0 14.0
1433024823596 1 111.0
1433024823697 1 88.0
1433024823798 1 88.0
1433024823899 1 88.0
1433024824001 1 88.0
1433024824103 1 88.0
1433024824204 1 88.0
1433024824109 0 14.0
1433024824210 0 14.0
1433024824310 0 14.0
1433024824410 0 14.0
1433024824510 0 14.0
1433024824610 0 14.0
1433024824306 1 69.0
1433024824407 1 69.0
1433024824510 1 328.0
1433024824611 1 575.0
1433024824712 1 828.0
1433024824710 0 14.0
1433024824810 0 14.0
1433024824910 0 14.0
1433024825011 0 14.0
1433024825111 0 14.0
1433024825212 0 14.0
1433024824813 1 983.0
1433024824913 1 1489.0
1433024825013 1 1306.0
1433024825114 1 1306.0
1433024825214 1 1489.0
1433024825316 1 1489.0
1433024825418 1 1616.0
1433024825312 0 14.0
1433024825413 0 14.0
1433024825512 0 14.0
1433024825613 0 14.0
1433024825713 0 14.0
1433024825813 0 14.0
1433024825520 1 1742.0
1433024825622 1 1742.0
1433024825723 1 1602.0
1433024825823 1 1602.0
1433024825924 1 1602.0
1433024826026 1 1602.0
1433024825913 0 14.0
1433024826014 0 14.0
1433024826114 0 14.0
1433024826214 0 14.0
1433024826314 0 14.0
1433024826414 0 14.0
1433024826515 0 14.0
1433024826127 1 1433.0
1433024826227 1 1433.0
1433024826327 1 1433.0
1433024826429 1 1433.0
1433024826531 1 1433.0
1433024826632 1 1433.0
1433024826616 0 14.0
1433024826717 0 14.0
1433024826817 0 14.0
1433024826918 0 14.0
1433024827018 0 14.0
1433024827119 0 14.0
1433024827219 0 14.0
1433024826733 1 1433.0
1433024826835 1 1433.0
1433024826936 1 1433.0
1433024827036 1 1433.0
1433024827138 1 1433.0
1433024827239 1 1433.0
1433024827320 0 14.0
1433024827420 0 14.0
1433024827521 0 14.0
1433024827621 0 14.0
1433024827721 0 14.0
1433024827340 1 1433.0
1433024827442 1 1433.0
1433024827543 1 1433.0
1433024827645 1 1433.0
1433024827746 1 1433.0
1433024827846 1 1433.0
1433024827821 0 14.0
1433024827921 0 14.0
1433024828021 0 14.0
1433024828121 0 14.0
1433024828221 0 14.0
1433024828321 0 14.0
1433024828422 0 14.0
1433024827948 1 1433.0
1433024828049 1 1433.0
1433024828152 1 1433.0
1433024828253 1 1433.0
1433024828354 1 1433.0
1433024828456 1 1433.0
1433024828522 0 14.0
1433024828623 0 14.0
1433024828723 0 14.0
1433024828823 0 14.0
1433024828923 0 14.0
1433024828558 1 1433.0
1433024828659 1 1433.0
1433024828759 1 1433.0
1433024828862 1 1433.0
1433024828963 1 1433.0
1433024829063 1 1433.0
1433024829023 0 14.0
1433024829123 0 14.0
1433024829223 0 14.0
1433024829323 0 14.0
1433024829424 0 14.0
1433024829525 0 14.0
1433024829165 1 1320.0
1433024829267 1 1320.0
1433024829367 1 1320.0
1433024829468 1 1320.0
1433024829570 1 1320.0
1433024829671 1 1320.0
1433024829625 0 14.0
1433024829725 0 14.0
1433024829826 0 14.0
1433024829926 0 14.0
1433024830026 0 14.0
1433024830127 0 14.0
1433024829771 1 1320.0
1433024829872 1 1320.0
1433024829973 1 1320.0
1433024830074 1 1320.0
1433024830176 1 1320.0
1433024830277 1 1320.0
1433024830227 0 14.0
1433024830327 0 14.0
1433024830427 0 14.0
1433024830378 1 1320.0
1433024830478 1 1320.0
1433024830580 1 1320.0
1433024830527 0 14.0
1433024830627 0 14.0
1433024830727 0 14.0
1433024830828 0 14.0
1433024830928 0 14.0
1433024831028 0 14.0
1433024830680 1 1320.0
1433024830781 1 1320.0
1433024830882 1 1320.0
1433024830982 1 1320.0
1433024831082 1 1320.0
1433024831183 1 1320.0
1433024831128 0 14.0
1433024831228 0 14.0
1433024831329 0 14.0
1433024831429 0 14.0
1433024831530 0 14.0
1433024831631 0 14.0
1433024831731 0 14.0
1433024831832 0 14.0
1433024831284 1 1320.0
1433024831385 1 1320.0
1433024831486 1 1320.0
1433024831587 1 1320.0
1433024831687 1 1320.0
1433024831788 1 1320.0
1433024831932 0 14.0
1433024832032 0 14.0
1433024832132 0 14.0
1433024832232 0 14.0
1433024832332 0 14.0
1433024831888 1 1320.0
1433024831989 1 1320.0
1433024832091 1 1320.0
1433024832193 1 1320.0
1433024832294 1 1320.0
1433024832396 1 1320.0
1433024832432 0 14.0
1433024832532 0 14.0
1433024832633 0 14.0
1433024832733 0 14.0
1433024832834 0 14.0
1433024832496 1 1320.0
1433024832598 1 1320.0
1433024832700 1 1320.0
1433024832801 1 1320.0
1433024832902 1 1320.0
1433024833004 1 1320.0
1433024832934 0 14.0
1433024833034 0 14.0
1433024833134 0 14.0
1433024833234 0 14.0
1433024833105 1 1320.0
1433024833207 1 1320.0
1433024833308 1 1320.0
1433024833334 0 14.0
1433024833434 0 14.0
1433024833535 0 14.0
1433024833410 1 1320.0
1433024833509 1 1320.0
1433024833610 1 1320.0
1433024833635 0 14.0
1433024833735 0 14.0
1433024833836 0 14.0
1433024833936 0 14.0
1433024834037 0 14.0
1433024834137 0 14.0
1433024834238 0 14.0
1433024833711 1 1320.0
1433024833812 1 1320.0
1433024833913 1 1320.0
1433024834015 1 1320.0
1433024834117 1 1320.0
1433024834219 1 1320.0
1433024834319 1 1320.0
1433024834339 0 14.0
1433024834439 0 14.0
1433024834540 0 14.0
1433024834641 0 14.0
1433024834741 0 14.0
1433024834841 0 14.0
1433024834421 1 1320.0
1433024834523 1 1320.0
1433024834625 1 1320.0
1433024834725 1 1320.0
1433024834826 1 1320.0
1433024834927 1 1320.0
1433024834941 0 14.0
1433024835041 0 14.0
1433024835142 0 14.0
1433024835242 0 14.0
1433024835343 0 14.0
1433024835028 1 1320.0
1433024835130 1 1320.0
1433024835231 1 1320.0
1433024835332 1 1320.0
1433024835434 1 1320.0
1433024835536 1 1320.0
1433024835443 0 14.0
1433024835543 0 14.0
1433024835643 0 14.0
1433024835743 0 14.0
1433024835843 0 14.0
1433024835943 0 14.0
1433024836043 0 14.0
1433024835637 1 1320.0
1433024835738 1 1320.0
1433024835840 1 1320.0
1433024835942 1 1320.0
1433024836042 1 1320.0
1433024836144 1 1208.0
