1432907570327 0 41.0
1432907570482 0 33.0
1432907570638 0 77.0
1432907571376 0 126.0
1432907570793 0 84.0
1432907571048 0 70.0
1432907571792 0 70.0
1432907571948 0 54.0
1432907572206 0 85.0
1432907571623 0 64.0
1432907572572 0 94.0
1432907572830 0 78.0
1432907572193 0 70.0
1432907572556 0 258.0
1432907573297 0 210.0
1432907572759 1 112.0
1432907572711 0 505.0
1432907573454 0 618.0
1432907572867 0 519.0
1432907572807 1 168.0
1432907572964 1 379.0
1432907573020 1 281.0
1432907573179 1 295.0
1432907573230 1 266.0
1432907573392 1 379.0
1432907573491 1 351.0
1432907573551 1 449.0
1432907573857 1 266.0
1432907573978 1 421.0
1432907574432 1 224.0
1432907574587 1 168.0
1432907574616 1 393.0
1432907574746 1 154.0
1432907574955 1 112.0
1432907575095 1 365.0
1432907575255 1 238.0
1432907575321 1 210.0
1432907575477 1 562.0
1432907575468 1 238.0
1432907575508 0 463.0
1432907575627 1 646.0
1432907575719 0 533.0
1432907576208 1 520.0
1432907576418 1 140.0
1432907576576 1 98.0
1432907576732 1 36.0
1432907576891 1 8.0
1432907577046 1 3.0
1432907577355 1 3.0
1432907578560 1 3.0
1432907582793 1 323.0
1432907582949 1 562.0
1432907583267 1 576.0
1432907590025 0 3136.0
1432907590180 0 6134.0
1432907590388 0 4853.0
1432907590905 0 3460.0
1432907591058 0 2039.0
1432907591321 0 3404.0
1432907591476 0 4614.0
1432907591629 0 3137.0
1432907591840 0 4684.0
1432907591995 0 5275.0
1432907592150 0 1336.0
1432907592306 0 1280.0
1432907592514 0 1350.0
1432907592667 0 857.0
1432907592824 0 295.0
1432907592979 0 28.0
1432907593135 0 142.0
1432907593869 0 7695.0
1432907593394 0 73.0
1432907594077 0 267.0
1432907594231 0 126.0
1432907593705 0 91.0
1432907593964 0 70.0
1432907594327 0 94.0
1432907595063 0 196.0
1432907594483 0 140.0
1432907595216 0 252.0
1432907594638 0 186.0
1432907594718 1 534.0
1432907595371 0 309.0
1432907595532 0 238.0
1432907594875 1 98.0
1432907595687 0 196.0
1432907595033 1 33.0
1432907595107 0 156.0
1432907595187 1 3.0
1432907595894 0 140.0
1432907595259 0 107.0
1432907596046 0 84.0
1432907595413 0 84.0
1432907596202 0 91.0
1432907595572 0 77.0
1432907596357 0 114.0
1432907595779 0 89.0
1432907596518 0 129.0
1432907595986 0 98.0
1432907596674 0 140.0
1432907597087 0 122.0
1432907597246 0 108.0
1432907596505 0 86.0
1432907596712 0 80.0
1432907597556 0 115.0
