1433149309367 1 617.0
1433149311397 0 575.0
1433149309469 1 617.0
1433149311498 0 575.0
1433149309571 1 617.0
1433149311600 0 575.0
1433149309672 1 617.0
1433149311701 0 575.0
1433149309773 1 617.0
1433149311802 0 575.0
1433149309873 1 617.0
1433149311903 0 575.0
1433149309975 1 617.0
1433149312005 0 575.0
1433149310076 1 617.0
1433149312105 0 575.0
1433149310177 1 617.0
1433149312207 0 575.0
1433149310278 1 617.0
1433149312310 0 575.0
1433149310379 1 617.0
1433149312412 0 575.0
1433149310480 1 617.0
1433149312514 0 575.0
1433149310580 1 617.0
1433149312616 0 575.0
1433149310682 1 617.0
1433149312717 0 575.0
1433149310783 1 617.0
1433149312819 0 575.0
1433149310884 1 617.0
1433149312921 0 575.0
1433149310985 1 617.0
1433149313023 0 575.0
1433149311087 1 617.0
1433149313124 0 575.0
1433149311188 1 617.0
1433149313226 0 575.0
1433149311289 1 617.0
1433149313326 0 575.0
1433149311390 1 617.0
1433149313428 0 575.0
1433149311492 1 617.0
1433149311593 1 617.0
1433149313529 0 575.0
1433149313631 0 575.0
1433149311695 1 617.0
1433149313733 0 575.0
1433149311796 1 617.0
1433149311898 1 617.0
1433149313835 0 575.0
1433149313936 0 575.0
1433149311999 1 617.0
1433149314036 0 575.0
1433149312100 1 617.0
1433149314138 0 575.0
1433149312201 1 617.0
1433149314240 0 575.0
1433149312303 1 617.0
1433149314341 0 575.0
1433149312405 1 617.0
1433149314441 0 575.0
1433149312507 1 617.0
1433149314543 0 575.0
1433149312608 1 617.0
1433149314645 0 575.0
1433149312710 1 617.0
1433149314747 0 575.0
1433149312812 1 617.0
1433149314848 0 575.0
1433149312914 1 617.0
1433149314950 0 575.0
1433149313016 1 617.0
1433149315052 0 575.0
1433149313117 1 617.0
1433149315154 0 575.0
1433149313217 1 617.0
1433149315256 0 575.0
1433149313319 1 617.0
1433149315356 0 575.0
1433149313419 1 617.0
1433149315456 0 575.0
1433149313519 1 617.0
1433149315557 0 575.0
1433149313619 1 617.0
1433149315659 0 575.0
1433149313720 1 617.0
1433149315760 0 575.0
1433149313820 1 617.0
1433149315861 0 575.0
1433149313920 1 617.0
1433149315961 0 575.0
1433149314021 1 617.0
1433149316062 0 575.0
1433149314123 1 617.0
1433149316163 0 575.0
1433149316263 0 575.0
1433149314226 1 617.0
1433149316364 0 575.0
1433149314328 1 617.0
1433149316467 0 575.0
1433149314430 1 617.0
1433149314530 1 617.0
1433149316566 0 575.0
1433149314632 1 617.0
1433149316668 0 575.0
1433149314734 1 617.0
1433149316768 0 575.0
1433149314835 1 617.0
1433149316870 0 575.0
1433149314936 1 617.0
1433149316971 0 575.0
1433149315036 1 617.0
1433149317072 0 575.0
1433149315138 1 617.0
1433149317174 0 575.0
1433149315240 1 617.0
1433149317277 0 575.0
1433149315342 1 617.0
1433149317379 0 575.0
1433149315442 1 617.0
1433149317480 0 575.0
1433149315545 1 617.0
1433149317581 0 575.0
1433149315646 1 617.0
1433149317681 0 575.0
1433149315747 1 617.0
1433149317782 0 575.0
1433149315849 1 617.0
1433149317883 0 575.0
1433149315949 1 617.0
1433149316051 1 617.0
1433149317987 0 575.0
1433149316152 1 617.0
1433149318089 0 575.0
1433149316253 1 617.0
1433149318190 0 575.0
1433149316354 1 617.0
1433149318291 0 575.0
1433149316456 1 617.0
1433149318392 0 575.0
1433149316557 1 617.0
1433149318492 0 575.0
1433149316659 1 617.0
1433149318592 0 575.0
1433149316760 1 617.0
1433149318692 0 575.0
1433149318793 0 575.0
1433149316862 1 617.0
1433149318894 0 575.0
1433149316963 1 617.0
1433149318995 0 575.0
1433149317065 1 617.0
1433149319096 0 575.0
1433149317167 1 617.0
1433149319196 0 575.0
1433149317269 1 617.0
1433149319297 0 575.0
1433149317371 1 617.0
1433149319399 0 575.0
1433149317473 1 617.0
1433149319500 0 575.0
1433149317576 1 617.0
1433149319601 0 575.0
1433149317678 1 617.0
1433149319702 0 575.0
1433149317779 1 617.0
1433149319804 0 575.0
1433149317879 1 617.0
1433149319906 0 575.0
1433149317979 1 617.0
1433149320006 0 575.0
1433149318079 1 617.0
1433149320109 0 575.0
1433149318179 1 617.0
1433149320210 0 575.0
1433149318279 1 617.0
1433149320310 0 575.0
1433149318380 1 617.0
1433149320416 0 575.0
1433149318481 1 617.0
1433149320518 0 575.0
1433149318583 1 617.0
1433149320619 0 575.0
1433149318683 1 617.0
1433149320720 0 575.0
1433149318783 1 617.0
1433149320821 0 575.0
1433149318887 1 617.0
1433149320923 0 575.0
1433149318983 1 617.0
1433149319084 1 617.0
1433149321024 0 575.0
1433149321125 0 575.0
1433149319184 1 617.0
1433149321227 0 575.0
1433149319286 1 617.0
1433149319387 1 617.0
1433149321328 0 575.0
1433149319488 1 617.0
1433149321432 0 575.0
1433149319590 1 617.0
1433149321533 0 575.0
1433149319691 1 617.0
1433149321633 0 575.0
1433149319792 1 617.0
1433149321733 0 575.0
1433149321834 0 575.0
1433149319893 1 617.0
1433149321936 0 575.0
1433149319995 1 617.0
1433149322038 0 575.0
1433149320095 1 617.0
1433149322138 0 575.0
1433149320196 1 617.0
1433149322240 0 575.0
1433149320298 1 617.0
1433149322340 0 575.0
1433149320398 1 617.0
1433149322440 0 575.0
1433149320499 1 617.0
1433149322542 0 575.0
1433149320601 1 617.0
1433149322644 0 575.0
1433149320701 1 617.0
1433149322744 0 575.0
1433149320802 1 617.0
1433149322845 0 575.0
1433149320903 1 617.0
1433149322947 0 575.0
1433149321005 1 617.0
1433149323048 0 575.0
1433149321106 1 617.0
1433149323150 0 575.0
1433149321208 1 617.0
1433149323252 0 575.0
1433149321309 1 617.0
1433149323353 0 575.0
1433149321410 1 617.0
1433149323454 0 575.0
1433149321512 1 617.0
1433149323556 0 575.0
1433149321614 1 617.0
1433149323658 0 575.0
1433149321715 1 617.0
1433149323760 0 575.0
1433149321816 1 617.0
1433149323861 0 575.0
1433149321918 1 617.0
1433149323962 0 575.0
1433149322020 1 617.0
1433149324064 0 575.0
1433149322120 1 617.0
1433149324166 0 575.0
1433149322221 1 617.0
1433149322321 1 617.0
1433149324268 0 575.0
1433149322423 1 617.0
1433149324369 0 575.0
1433149324469 0 575.0
1433149322526 1 617.0
1433149324571 0 575.0
1433149322628 1 617.0
1433149324673 0 575.0
1433149322730 1 617.0
1433149322832 1 617.0
1433149324774 0 575.0
1433149324875 0 575.0
1433149322935 1 617.0
1433149323036 1 617.0
1433149324977 0 575.0
1433149323138 1 617.0
1433149325081 0 575.0
1433149323240 1 617.0
1433149325181 0 575.0
1433149323342 1 617.0
1433149325281 0 575.0
1433149325381 0 575.0
1433149323444 1 617.0
1433149325481 0 575.0
1433149323546 1 617.0
1433149325583 0 575.0
1433149323648 1 617.0
1433149325683 0 575.0
1433149323749 1 617.0
1433149325784 0 575.0
1433149323849 1 617.0
1433149325885 0 575.0
1433149323950 1 617.0
1433149325986 0 575.0
1433149324052 1 617.0
1433149326087 0 575.0
1433149324155 1 617.0
1433149326189 0 575.0
1433149324257 1 617.0
1433149326289 0 575.0
1433149324359 1 617.0
1433149326390 0 575.0
1433149324459 1 617.0
1433149326490 0 575.0
1433149324560 1 617.0
1433149326590 0 575.0
1433149324662 1 617.0
1433149326691 0 575.0
1433149324764 1 617.0
1433149326793 0 575.0
1433149324866 1 617.0
1433149324968 1 617.0
1433149326893 0 575.0
1433149326993 0 575.0
1433149325069 1 617.0
1433149327095 0 575.0
1433149325170 1 617.0
1433149327197 0 575.0
1433149325272 1 617.0
1433149327299 0 575.0
1433149325374 1 617.0
1433149327401 0 575.0
1433149325476 1 617.0
1433149327502 0 575.0
1433149325578 1 617.0
1433149327604 0 575.0
1433149325677 1 617.0
1433149327705 0 575.0
1433149325777 1 617.0
1433149327807 0 575.0
1433149325879 1 617.0
1433149327909 0 575.0
1433149325980 1 617.0
1433149326081 1 617.0
1433149328011 0 575.0
1433149328112 0 575.0
1433149326181 1 617.0
1433149328214 0 575.0
1433149326283 1 617.0
1433149328316 0 575.0
1433149326383 1 617.0
1433149328417 0 575.0
1433149326485 1 617.0
1433149328518 0 575.0
1433149326585 1 617.0
1433149328620 0 575.0
1433149326687 1 617.0
1433149328722 0 575.0
1433149326789 1 617.0
1433149328824 0 575.0
1433149326891 1 617.0
1433149328926 0 575.0
1433149326992 1 617.0
1433149329027 0 575.0
1433149327093 1 617.0
1433149329128 0 575.0
1433149327194 1 617.0
1433149329230 0 575.0
1433149327296 1 617.0
1433149329331 0 575.0
1433149327397 1 617.0
1433149329433 0 575.0
1433149327499 1 617.0
1433149329534 0 575.0
1433149327600 1 617.0
1433149329636 0 575.0
1433149327702 1 617.0
1433149329738 0 575.0
1433149327802 1 617.0
1433149329839 0 575.0
1433149327902 1 617.0
1433149329941 0 575.0
1433149328003 1 617.0
1433149330042 0 575.0
1433149328105 1 617.0
1433149328207 1 617.0
1433149330144 0 575.0
1433149330245 0 575.0
1433149328309 1 617.0
1433149330346 0 575.0
1433149328411 1 617.0
1433149330447 0 575.0
1433149328513 1 617.0
1433149330549 0 575.0
1433149328615 1 617.0
1433149328717 1 617.0
1433149330651 0 575.0
1433149328818 1 617.0
1433149330752 0 575.0
1433149328917 1 617.0
1433149330852 0 575.0
1433149330953 0 575.0
1433149329018 1 617.0
1433149331054 0 575.0
1433149329118 1 617.0
1433149331155 0 575.0
1433149329219 1 617.0
1433149331258 0 575.0
1433149329321 1 617.0
1433149331359 0 575.0
1433149329421 1 617.0
1433149331460 0 575.0
1433149329523 1 617.0
1433149331562 0 575.0
1433149329624 1 617.0
1433149331664 0 575.0
1433149329726 1 617.0
1433149331767 0 575.0
1433149329828 1 617.0
1433149331868 0 575.0
1433149329927 1 617.0
1433149331969 0 575.0
1433149330027 1 617.0
1433149332070 0 575.0
1433149330129 1 617.0
1433149332172 0 575.0
1433149330228 1 617.0
1433149332274 0 575.0
1433149330328 1 617.0
1433149332376 0 575.0
1433149330430 1 617.0
1433149332477 0 575.0
1433149330532 1 617.0
1433149332579 0 575.0
1433149330634 1 617.0
1433149330736 1 617.0
1433149332679 0 575.0
1433149332780 0 575.0
1433149330837 1 617.0
1433149332880 0 575.0
1433149330938 1 617.0
1433149332982 0 575.0
1433149331040 1 617.0
1433149333083 0 575.0
1433149331141 1 617.0
1433149333184 0 575.0
1433149331242 1 617.0
1433149333286 0 575.0
1433149331343 1 617.0
1433149331445 1 617.0
1433149333386 0 575.0
1433149333487 0 575.0
1433149331547 1 617.0
1433149333588 0 575.0
1433149331649 1 617.0
1433149333689 0 575.0
1433149331750 1 617.0
1433149333790 0 575.0
1433149331851 1 617.0
1433149333891 0 575.0
1433149331952 1 617.0
1433149333993 0 575.0
1433149332053 1 617.0
1433149334094 0 575.0
1433149332155 1 617.0
1433149334194 0 575.0
1433149332255 1 617.0
1433149334296 0 575.0
1433149332357 1 617.0
1433149334397 0 575.0
1433149332458 1 617.0
1433149334498 0 575.0
1433149332560 1 617.0
1433149334600 0 575.0
1433149332662 1 617.0
1433149334702 0 575.0
1433149332764 1 617.0
1433149334804 0 575.0
1433149332865 1 617.0
1433149334906 0 575.0
1433149332966 1 617.0
1433149335008 0 575.0
1433149333067 1 617.0
1433149335109 0 575.0
1433149333169 1 617.0
1433149335209 0 575.0
1433149333271 1 617.0
1433149335310 0 575.0
1433149333372 1 617.0
1433149335411 0 575.0
1433149333474 1 617.0
1433149335512 0 575.0
1433149333576 1 617.0
1433149335613 0 575.0
1433149333678 1 617.0
1433149335714 0 575.0
1433149333779 1 617.0
1433149335816 0 575.0
1433149333881 1 617.0
1433149335917 0 575.0
1433149333982 1 617.0
1433149334083 1 617.0
1433149336018 0 575.0
1433149336120 0 575.0
1433149334184 1 617.0
1433149336222 0 575.0
1433149334285 1 617.0
1433149336324 0 575.0
1433149336424 0 575.0
1433149334385 1 617.0
1433149336526 0 575.0
1433149334486 1 617.0
1433149334586 1 617.0
1433149336627 0 575.0
1433149334689 1 617.0
1433149336729 0 575.0
1433149334790 1 617.0
1433149336830 0 575.0
1433149334892 1 617.0
1433149336931 0 575.0
1433149334993 1 617.0
1433149337033 0 575.0
1433149335095 1 617.0
1433149337135 0 575.0
1433149335196 1 617.0
1433149337237 0 575.0
1433149335298 1 617.0
1433149337338 0 575.0
1433149335400 1 617.0
1433149335501 1 617.0
1433149337440 0 575.0
1433149335602 1 617.0
1433149337541 0 575.0
1433149335704 1 617.0
1433149337641 0 575.0
1433149337742 0 575.0
1433149335805 1 617.0
1433149337842 0 575.0
1433149335906 1 617.0
1433149337944 0 575.0
1433149336007 1 617.0
1433149338046 0 575.0
1433149336108 1 617.0
1433149338148 0 575.0
1433149336209 1 617.0
1433149338250 0 575.0
1433149336311 1 617.0
1433149338350 0 575.0
1433149336413 1 617.0
1433149338451 0 575.0
1433149336516 1 617.0
1433149338553 0 575.0
1433149336617 1 617.0
1433149338654 0 575.0
1433149336719 1 617.0
1433149338756 0 575.0
1433149336820 1 617.0
1433149338857 0 575.0
1433149336922 1 617.0
1433149338959 0 575.0
1433149337026 1 617.0
1433149339061 0 575.0
1433149337128 1 617.0
1433149339163 0 575.0
1433149337230 1 617.0
1433149339265 0 575.0
1433149337332 1 617.0
1433149339369 0 575.0
1433149337434 1 617.0
1433149339471 0 575.0
1433149337535 1 617.0
1433149339573 0 575.0
1433149337637 1 617.0
1433149339675 0 575.0
1433149337737 1 617.0
1433149339776 0 575.0
1433149337839 1 617.0
1433149339878 0 575.0
1433149337939 1 617.0
1433149339980 0 575.0
1433149338039 1 617.0
1433149340081 0 575.0
1433149338141 1 617.0
1433149340183 0 575.0
1433149338242 1 617.0
1433149338344 1 617.0
1433149340284 0 575.0
1433149338444 1 617.0
1433149340385 0 575.0
1433149338546 1 617.0
1433149340486 0 575.0
1433149340587 0 575.0
1433149338647 1 617.0
1433149340688 0 575.0
1433149338748 1 617.0
1433149340789 0 575.0
1433149340890 0 575.0
1433149338848 1 617.0
1433149338950 1 617.0
1433149340992 0 575.0
1433149339052 1 617.0
1433149341093 0 575.0
1433149339153 1 617.0
1433149341196 0 575.0
1433149339255 1 617.0
1433149341297 0 575.0
1433149339357 1 617.0
1433149341398 0 575.0
1433149339458 1 617.0
1433149339560 1 617.0
1433149341498 0 575.0
1433149341600 0 575.0
1433149339662 1 617.0
1433149341701 0 575.0
1433149339762 1 617.0
1433149341803 0 575.0
1433149339864 1 617.0
1433149341904 0 575.0
1433149339965 1 617.0
1433149342006 0 575.0
1433149340067 1 617.0
1433149342107 0 575.0
1433149340167 1 617.0
1433149342209 0 575.0
1433149340269 1 617.0
1433149342310 0 575.0
1433149340371 1 617.0
1433149342411 0 575.0
1433149340473 1 617.0
1433149342512 0 575.0
1433149340576 1 617.0
1433149342614 0 575.0
1433149340677 1 617.0
1433149342716 0 575.0
1433149340777 1 617.0
1433149342818 0 575.0
1433149340878 1 617.0
1433149342919 0 575.0
1433149340979 1 617.0
1433149343020 0 575.0
1433149341080 1 617.0
1433149343121 0 575.0
1433149341181 1 617.0
1433149343223 0 575.0
1433149341283 1 617.0
1433149343324 0 575.0
1433149341384 1 617.0
1433149343426 0 575.0
1433149341484 1 617.0
1433149343527 0 575.0
1433149343629 0 575.0
1433149341586 1 617.0
1433149343731 0 575.0
1433149341687 1 617.0
1433149343832 0 575.0
1433149341788 1 617.0
1433149341889 1 617.0
1433149343933 0 575.0
1433149341990 1 617.0
1433149344035 0 575.0
1433149342091 1 617.0
1433149344137 0 575.0
1433149342193 1 617.0
1433149344239 0 575.0
1433149342294 1 617.0
1433149344341 0 575.0
1433149342395 1 617.0
1433149344441 0 575.0
1433149342496 1 617.0
1433149344542 0 575.0
1433149342597 1 617.0
1433149344643 0 575.0
1433149342699 1 617.0
1433149344744 0 575.0
