1433022503999 1 -1.216254472732544 0.8810662031173706 9.576807022094727
1433022504098 1 -1.2737152576446533 0.8140285611152649 9.53849983215332
1433022504198 1 -1.2832920551300049 0.9289502501487732 9.53849983215332
1433022504298 1 -1.2449848651885986 0.9193734526634216 9.519346237182617
1433022504398 1 -1.2258312702178955 0.8619126081466675 9.500192642211914
1433022504498 1 -1.1875240802764893 0.9097966551780701 9.481039047241211
1433022504598 1 -1.2258312702178955 0.9672574996948242 9.442731857299805
1433022504698 1 -1.235408067703247 0.9097966551780701 9.710882186889648
1433022504798 1 -1.1971008777618408 0.7948749661445618 9.433155059814453
1433022504898 1 -1.3120225667953491 0.8619126081466675 9.586383819580078
1433022504998 1 -1.2545616626739502 0.8906430602073669 9.519346237182617
1433022505098 1 -1.1875240802764893 0.871489405632019 9.53849983215332
1433022505199 1 -1.2641384601593018 0.9002198576927185 9.557653427124023
1433022505299 1 -1.2737152576446533 0.8906430602073669 9.605537414550781
1433022505400 1 -1.2545616626739502 0.8523358106613159 9.615114212036133
1433022505500 1 -1.2449848651885986 0.871489405632019 9.519346237182617
1433022505600 1 -1.2545616626739502 0.9385270476341248 9.59596061706543
1433022505700 1 -1.2258312702178955 0.9097966551780701 9.557653427124023
1433022505800 1 -1.2641384601593018 0.9097966551780701 9.509769439697266
1433022505901 1 -1.2545616626739502 0.871489405632019 9.567230224609375
1433022506002 1 -1.2449848651885986 0.8906430602073669 9.586383819580078
1433022506103 1 -1.2258312702178955 0.871489405632019 9.509769439697266
1433022506203 1 -1.2258312702178955 0.9289502501487732 9.528923034667969
1433022506304 1 -1.2545616626739502 0.8906430602073669 9.567230224609375
1433022506405 1 -1.2066776752471924 0.8619126081466675 9.548076629638672
1433022506506 1 -1.2641384601593018 0.8044517636299133 9.490615844726562
1433022506606 1 -1.292868971824646 0.7948749661445618 9.557653427124023
1433022506706 1 -1.2737152576446533 0.7661445140838623 9.586383819580078
1433022506806 1 -1.3503297567367554 0.7852981686592102 9.500192642211914
1433022506906 1 -1.599326729774475 0.7565677165985107 9.107542991638184
1433022507006 1 -1.3503297567367554 0.7661445140838623 9.624691009521484
1433022507106 1 -1.3407529592514038 0.8331822156906128 9.653421401977539
1433022507206 1 -1.072602391242981 0.9672574996948242 9.653421401977539
1433022507306 1 -1.4748282432556152 1.0534487962722778 9.519346237182617
1433022507406 1 -1.1492167711257935 1.1204863786697388 9.768342971801758
1433022507506 1 -0.8523358106613159 1.8100165128707886 9.47146224975586
1433022507606 1 -1.2545616626739502 0.8044517636299133 9.768342971801758
1433022507706 1 -1.0247182846069336 1.1013327836990356 9.854534149169922
1433022507806 1 -0.2968810200691223 0.49799394607543945 9.232041358947754
1433022507906 1 -1.436521053314209 0.9672574996948242 9.892841339111328
1433022508007 1 -1.5131354331970215 0.871489405632019 9.816226959228516
1433022508106 1 -1.3407529592514038 1.0438719987869263 9.950302124023438
1433022508206 1 -0.9481038451194763 0.5937620401382446 10.122684478759766
1433022508306 1 -0.12449848651885986 -0.10534487664699554 10.984597206115723
1433022508406 1 3.7445313930511475 0.2106897532939911 11.319786071777344
1433022508506 1 8.485051155090332 0.23942017555236816 8.59997272491455
1433022508606 1 4.6255974769592285 1.4077905416488647 5.449203014373779
1433022508706 1 3.064578056335449 4.07014274597168 4.644751071929932
1433022508806 1 2.537853717803955 5.286397457122803 5.966350555419922
1433022508906 1 2.911349296569824 5.353435039520264 6.876147270202637
1433022509006 1 2.7964274883270264 5.803544998168945 6.952761650085449
1433022509107 1 1.4460978507995605 5.219359874725342 7.910442352294922
1433022509208 1 0.8810662031173706 4.127603530883789 8.78193187713623
1433022509308 1 0.7757213711738586 3.993528366088867 10.15141487121582
1433022509408 1 1.5322890281677246 3.380612850189209 11.693281173706055
1433022509509 1 -4.376600742340088 7.0772600173950195 3.112462282180786
1433022509608 1 3.3710360527038574 2.279279947280884 8.542511940002441
1433022509708 1 3.5434184074401855 5.841852188110352 9.260771751403809
1433022509808 1 -2.6815059185028076 4.711789131164551 1.5322890281677246
1433022509909 1 0.5363011956214905 7.7763671875 7.3454108238220215
1433022510010 1 7.4986395835876465 3.0550012588500977 4.51067590713501
1433022510110 1 -9.730035781860352 6.27280855178833 1.50355863571167
1433022510210 1 13.043610572814941 2.7772738933563232 12.880805015563965
1433022510310 1 -10.563218116760254 8.35097599029541 0.9385270476341248
1433022510411 1 7.422025203704834 5.7556610107421875 12.72757625579834
1433022510510 1 -5.295974254608154 3.160346269607544 0.9864110946655273
1433022510610 1 0.5746083855628967 7.613561630249023 9.404424667358398
1433022510710 1 -1.7142484188079834 2.585737943649292 2.7964274883270264
1433022510811 1 1.4077905416488647 3.821146011352539 13.283031463623047
1433022510911 1 -12.15296745300293 3.734954595565796 -2.719813108444214
1433022511011 1 5.937620162963867 6.512228488922119 14.642937660217285
1433022511111 1 -10.160991668701172 3.361459255218506 -1.2258312702178955
1433022511211 1 7.01979923248291 5.889736175537109 15.868768692016602
1433022511312 1 -16.424222946166992 6.5696892738342285 -5.458779811859131
1433022511412 1 16.10818862915039 3.533841609954834 14.508862495422363
1433022511512 1 -16.424222946166992 4.63517427444458 -3.1028854846954346
1433022511612 1 14.144943237304688 6.234501361846924 16.10818862915039
1433022511712 1 -16.146495819091797 6.694188117980957 -3.2178070545196533
1433022511812 1 13.570335388183594 1.3311761617660522 10.955866813659668
1433022511912 1 -12.114660263061523 4.01268196105957 -0.6320692300796509
1433022512012 1 12.708422660827637 0.38307225704193115 9.289502143859863
1433022512113 1 -9.653421401977539 3.313575267791748 1.4939818382263184
1433022512212 1 11.061211585998535 1.4748282432556152 5.602431774139404
1433022512312 1 -6.9240312576293945 3.064578056335449 2.738966703414917
1433022512412 1 9.35654067993164 1.5897499322891235 3.6296098232269287
1433022512512 1 -7.536946773529053 3.045424461364746 4.050989151000977
1433022512612 1 7.7763671875 1.7046716213226318 0.689530074596405
1433022512712 1 -6.1770405769348145 3.8594532012939453 7.766790390014648
1433022512812 1 12.469002723693848 2.164358377456665 3.1507694721221924
1433022512912 1 -2.911349296569824 5.152322292327881 7.307103633880615
1433022513012 1 7.259219646453857 0.9193734526634216 -0.3447650372982025
1433022513112 1 0.2106897532939911 4.912901878356934 8.686163902282715
1433022513212 1 -11.84650993347168 3.026270866394043 -0.2585737705230713
1433022513312 1 9.768342971801758 7.422025203704834 13.704410552978516
1433022513412 1 -12.650961875915527 3.6104562282562256 0.009576806798577309
1433022513513 1 12.277466773986816 6.952761650085449 12.842497825622559
1433022513613 1 -14.116212844848633 3.8498764038085938 0.9481038451194763
1433022513714 1 13.311761856079102 6.129156112670898 13.110648155212402
1433022513814 1 -14.269442558288574 2.9879636764526367 0.7948749661445618
1433022513915 1 13.283031463623047 6.473921298980713 13.924676895141602
1433022514015 1 -13.608642578125 3.9169139862060547 0.6033388376235962
1433022514116 1 16.59660530090332 2.9496564865112305 10.984597206115723
1433022514216 1 -7.422025203704834 3.485957622528076 1.4748282432556152
1433022514316 1 11.35809326171875 -0.3064578175544739 4.213795185089111
1433022514416 1 -12.650961875915527 3.4955344200134277 -0.40222588181495667
1433022514517 1 13.924676895141602 2.365471363067627 9.47146224975586
1433022514616 1 -11.760318756103516 7.7763671875 3.112462282180786
1433022514716 1 13.168108940124512 4.050989151000977 11.808202743530273
1433022514816 1 -12.239158630371094 5.142745018005371 0.8810662031173706
1433022514917 1 6.234501361846924 8.20732307434082 13.66610336303711
1433022515017 1 3.974374771118164 4.577713489532471 1.4748282432556152
1433022515117 1 4.223371982574463 7.603984832763672 6.971915245056152
1433022515217 1 2.691082715988159 5.726930618286133 7.15387487411499
1433022515317 1 1.2832920551300049 5.190629482269287 7.450755596160889
1433022515417 1 0.4118026793003082 3.3518824577331543 9.366117477416992
1433022515517 1 0.7948749661445618 1.9632453918457031 8.973467826843262
1433022515617 1 3.064578056335449 0.545877993106842 9.787496566772461
1433022515717 1 1.6663644313812256 0.35434186458587646 10.72602367401123
1433022515817 1 1.9536685943603516 1.3024457693099976 9.720458984375
1433022515917 1 2.5953147411346436 1.8770540952682495 9.030928611755371
1433022516018 1 3.7158010005950928 1.2449848651885986 9.557653427124023
1433022516118 1 3.112462282180786 0.9002198576927185 9.433155059814453
1433022516218 1 3.6966474056243896 2.1930887699127197 8.312667846679688
1433022516318 1 5.171475887298584 3.0837318897247314 7.307103633880615
1433022516419 1 7.201758861541748 3.581725835800171 5.3342814445495605
1433022516518 1 7.3454108238220215 5.228936672210693 3.1699230670928955
1433022516618 1 7.326257228851318 5.104437828063965 4.405331134796143
1433022516718 1 7.105990409851074 5.257667064666748 3.7445313930511475
1433022516818 1 7.1251444816589355 5.669469833374023 3.1699230670928955
1433022516918 1 7.747636795043945 5.305551052093506 2.346317768096924
1433022517018 1 7.450755596160889 6.196194171905518 2.5091233253479004
1433022517119 1 7.038952827453613 6.550535678863525 2.1356279850006104
1433022517218 1 6.129156112670898 5.631162166595459 3.734954595565796
1433022517318 1 7.105990409851074 5.765237808227539 2.8826189041137695
1433022517418 1 6.57926607131958 6.01423454284668 1.7046716213226318
1433022517518 1 4.63517427444458 7.038952827453613 3.581725835800171
1433022517618 1 4.252102375030518 6.89530086517334 4.003105163574219
1433022517718 1 3.5913026332855225 4.874594688415527 5.525817394256592
1433022517818 1 3.5721490383148193 2.1164743900299072 8.188169479370117
1433022517918 1 3.00711727142334 -3.160346269607544 10.08437728881836
1433022518018 1 1.5418659448623657 -2.82515811920166 9.720458984375
1433022518118 1 0.6799532771110535 -1.1683704853057861 9.835380554199219
1433022518218 1 0.9576807022094727 -0.2777273952960968 9.653421401977539
1433022518318 1 -0.08619125932455063 -0.6799532771110535 10.400412559509277
1433022518418 1 0.009576806798577309 -0.45010992884635925 9.643844604492188
1433022518518 1 -0.727837324142456 0.545877993106842 9.624691009521484
1433022518618 1 -0.47884035110473633 0.5171475410461426 9.634267807006836
1433022518719 1 -0.3926490843296051 0.4596867263317108 9.730035781860352
1433022518819 1 -0.45010992884635925 0.507570743560791 9.749189376831055
1433022518919 1 -0.43095630407333374 0.47884035110473633 9.701305389404297
1433022519019 1 -0.40222588181495667 0.4596867263317108 9.66299819946289
1433022519120 1 -0.4884171485900879 0.3926490843296051 9.567230224609375
1433022519219 1 -0.5650315880775452 0.28730419278144836 9.586383819580078
1433022519319 1 -0.45010992884635925 0.3734954595565796 9.739612579345703
1433022519419 1 -0.3926490843296051 0.31603461503982544 9.672574996948242
1433022519519 1 -0.545877993106842 0.43095630407333374 9.59596061706543
1433022519620 1 -0.5267243981361389 0.38307225704193115 9.548076629638672
1433022519721 1 -0.47884035110473633 0.40222588181495667 9.653421401977539
1433022519821 1 -0.3734954595565796 0.4118026793003082 9.653421401977539
1433022519922 1 -0.38307225704193115 0.4118026793003082 9.672574996948242
1433022520022 1 -0.45010992884635925 0.49799394607543945 9.624691009521484
1433022520122 1 -0.363918662071228 0.43095630407333374 9.66299819946289
1433022520223 1 -0.4405331015586853 0.4596867263317108 9.749189376831055
1433022520322 1 -0.38307225704193115 0.4692635238170624 9.682151794433594
1433022520422 1 -0.4405331015586853 0.40222588181495667 9.66299819946289
1433022520523 1 -0.47884035110473633 0.43095630407333374 9.787496566772461
1433022520623 1 -0.4213795065879822 0.45010992884635925 9.84495735168457
1433022520724 1 -0.4118026793003082 0.4405331015586853 9.653421401977539
1433022520825 1 -0.45010992884635925 0.47884035110473633 9.710882186889648
1433022520925 1 -0.43095630407333374 0.43095630407333374 9.710882186889648
1433022521025 1 -0.363918662071228 0.4596867263317108 9.682151794433594
1433022521126 1 -0.47884035110473633 0.4692635238170624 9.682151794433594
1433022521227 1 -0.4213795065879822 0.4596867263317108 9.59596061706543
1433022521328 1 -0.45010992884635925 0.4118026793003082 9.682151794433594
1433022521428 1 -0.4213795065879822 0.4213795065879822 9.653421401977539
1433022521528 1 -0.4405331015586853 0.4405331015586853 9.624691009521484
1433022521628 1 -0.4405331015586853 0.45010992884635925 9.53849983215332
1433022521728 1 -0.4118026793003082 0.4118026793003082 9.605537414550781
1433022521828 1 -0.4213795065879822 0.4596867263317108 9.653421401977539
1433022521929 1 -0.40222588181495667 0.43095630407333374 9.586383819580078
1433022522030 1 -0.3926490843296051 0.43095630407333374 9.615114212036133
1433022522131 1 -0.45010992884635925 0.4405331015586853 9.653421401977539
1433022522230 1 -0.38307225704193115 0.507570743560791 9.682151794433594
1433022522331 1 -0.4213795065879822 0.4692635238170624 9.567230224609375
1433022522432 1 -0.4213795065879822 0.4884171485900879 9.66299819946289
1433022522532 1 -0.45010992884635925 0.45010992884635925 9.634267807006836
1433022522632 1 -0.4118026793003082 0.4213795065879822 9.615114212036133
1433022522733 1 -0.38307225704193115 0.4692635238170624 9.710882186889648
1433022522833 1 -0.3926490843296051 0.4596867263317108 9.672574996948242
1433022522934 1 -0.45010992884635925 0.4596867263317108 9.701305389404297
1433022523034 1 -0.35434186458587646 0.40222588181495667 9.672574996948242
1433022523134 1 -0.4692635238170624 0.5171475410461426 9.634267807006836
1433022523235 1 -0.4213795065879822 0.40222588181495667 9.66299819946289
1433022523336 1 -0.38307225704193115 0.4213795065879822 9.634267807006836
1433022523436 1 -0.4118026793003082 0.4405331015586853 9.672574996948242
1433022523536 1 -0.4405331015586853 0.47884035110473633 9.624691009521484
1433022523636 1 -0.3926490843296051 0.43095630407333374 9.557653427124023
1433022523737 1 -0.4405331015586853 0.4405331015586853 9.634267807006836
1433022523838 1 -0.4596867263317108 0.45010992884635925 9.615114212036133
1433022523939 1 -0.45010992884635925 0.47884035110473633 9.605537414550781
1433022524039 1 -0.4405331015586853 0.4405331015586853 9.672574996948242
1433022524139 1 -0.43095630407333374 0.45010992884635925 9.615114212036133
1433022524239 1 -0.40222588181495667 0.4213795065879822 9.682151794433594
1433022524339 1 -0.47884035110473633 0.43095630407333374 9.653421401977539
1433022524439 1 -0.4213795065879822 0.43095630407333374 9.66299819946289
1433022524540 1 -0.38307225704193115 0.4118026793003082 9.643844604492188
1433022524640 1 -0.40222588181495667 0.4596867263317108 9.710882186889648
1433022524740 1 -0.45010992884635925 0.4405331015586853 9.66299819946289
1433022524841 1 -0.38307225704193115 0.4884171485900879 9.672574996948242
1433022524941 1 -0.3734954595565796 0.4596867263317108 9.615114212036133
1433022525041 1 -0.4405331015586853 0.4213795065879822 9.624691009521484
1433022525141 1 -0.45010992884635925 0.47884035110473633 9.624691009521484
1433022525241 1 -0.4692635238170624 0.4884171485900879 9.643844604492188
1433022525341 1 -0.43095630407333374 0.47884035110473633 9.586383819580078
1433022525441 1 -0.4405331015586853 0.3926490843296051 9.634267807006836
1433022525541 1 -0.4405331015586853 0.4884171485900879 9.615114212036133
1433022525642 1 -0.4596867263317108 0.4596867263317108 9.653421401977539
1433022525743 1 -0.4213795065879822 0.40222588181495667 9.672574996948242
1433022525844 1 -0.40222588181495667 0.45010992884635925 9.586383819580078
1433022525945 1 -0.4596867263317108 0.4884171485900879 9.634267807006836
1433022526045 1 -0.3734954595565796 0.47884035110473633 9.615114212036133
1433022526146 1 -0.43095630407333374 0.4596867263317108 9.557653427124023
1433022526247 1 -0.49799394607543945 0.5363011956214905 9.806650161743164
1433022526348 1 -0.4596867263317108 0.49799394607543945 9.854534149169922
1433022526449 1 -0.4596867263317108 0.4884171485900879 9.84495735168457
1433022526549 1 -0.47884035110473633 0.4884171485900879 9.835380554199219
1433022526649 1 -0.4596867263317108 0.4405331015586853 9.758766174316406
1433022526749 1 -0.49799394607543945 0.47884035110473633 9.66299819946289
1433022526849 1 -0.47884035110473633 0.45010992884635925 9.672574996948242
1433022526950 1 -0.45010992884635925 0.45010992884635925 9.672574996948242
1433022527050 1 -0.4884171485900879 0.45010992884635925 9.605537414550781
1433022527150 1 -0.4692635238170624 0.47884035110473633 9.548076629638672
1433022527250 1 -0.3734954595565796 0.4213795065879822 9.624691009521484
1433022527350 1 -0.4213795065879822 0.4213795065879822 9.605537414550781
1433022527450 1 -0.4692635238170624 0.4692635238170624 9.605537414550781
1433022527550 1 -0.4118026793003082 0.4118026793003082 9.586383819580078
1433022527651 1 -0.3734954595565796 0.4692635238170624 9.643844604492188
1433022527752 1 -0.4213795065879822 0.4596867263317108 9.624691009521484
1433022527852 1 -0.43095630407333374 0.47884035110473633 9.615114212036133
1433022527952 1 -0.40222588181495667 0.4692635238170624 9.672574996948242
1433022528052 1 -0.35434186458587646 0.45010992884635925 9.567230224609375
1433022528152 1 -0.40222588181495667 0.4405331015586853 9.653421401977539
1433022528252 1 -0.45010992884635925 0.507570743560791 9.586383819580078
1433022528352 1 -0.5841852426528931 0.3734954595565796 9.490615844726562
1433022528453 1 -0.4213795065879822 0.4884171485900879 9.672574996948242
1433022528554 1 -0.4213795065879822 0.4596867263317108 9.653421401977539
1433022528655 1 -0.5650315880775452 0.26815059781074524 8.47547435760498
1433022528755 1 -0.45010992884635925 0.8427590131759644 9.653421401977539
1433022528855 1 -0.23942017555236816 1.2737152576446533 9.126696586608887
1433022528955 1 -0.35434186458587646 1.5418659448623657 9.682151794433594
1433022529055 1 -0.14365209639072418 1.7908629179000854 9.53849983215332
1433022529156 1 -0.2585737705230713 1.8291701078414917 9.557653427124023
1433022529257 1 -0.2106897532939911 1.9249382019042969 9.576807022094727
1433022529356 1 -0.2777273952960968 1.8770540952682495 9.519346237182617
1433022529456 1 -0.23942017555236816 1.867477297782898 9.500192642211914
1433022529556 1 -0.2777273952960968 1.9345149993896484 9.519346237182617
1433022529657 1 -0.20111294090747833 1.9249382019042969 9.47146224975586
1433022529758 1 -0.20111294090747833 1.867477297782898 9.509769439697266
