1433160596871 0 674.0
1433160598694 0 533.0
1433160596670 1 533.0
1433160596938 1 561.0
1433160596972 0 674.0
1433160596770 1 533.0
1433160597038 1 561.0
1433160597073 0 674.0
1433160598794 0 533.0
1433160596870 1 533.0
1433160597138 1 561.0
1433160597241 1 561.0
1433160597174 0 674.0
1433160598895 0 533.0
1433160596970 1 533.0
1433160597343 1 561.0
1433160597278 0 674.0
1433160598996 0 533.0
1433160597070 1 533.0
1433160597445 1 561.0
1433160597379 0 674.0
1433160599096 0 533.0
1433160599196 0 533.0
1433160597171 1 533.0
1433160597546 1 561.0
1433160597480 0 674.0
1433160599296 0 533.0
1433160597271 1 533.0
1433160597646 1 561.0
1433160597582 0 674.0
1433160599397 0 533.0
1433160597371 1 533.0
1433160597747 1 561.0
1433160597683 0 674.0
1433160599498 0 533.0
1433160597471 1 533.0
1433160597784 0 674.0
1433160599597 0 533.0
1433160597571 1 533.0
1433160597849 1 561.0
1433160597886 0 674.0
1433160599697 0 533.0
1433160597671 1 533.0
1433160597953 1 561.0
1433160597988 0 674.0
1433160599798 0 533.0
1433160597772 1 533.0
1433160598054 1 561.0
1433160598088 0 674.0
1433160599898 0 533.0
1433160597873 1 533.0
1433160598155 1 561.0
1433160598190 0 674.0
1433160597973 1 533.0
1433160598256 1 561.0
1433160598293 0 674.0
1433160599999 0 533.0
1433160600099 0 533.0
1433160598074 1 533.0
1433160598356 1 561.0
1433160598395 0 674.0
1433160600199 0 533.0
1433160598174 1 533.0
1433160598459 1 561.0
1433160598495 0 674.0
1433160600302 0 533.0
1433160598275 1 533.0
1433160598561 1 561.0
1433160598597 0 674.0
1433160600400 0 533.0
1433160598376 1 533.0
1433160598663 1 561.0
1433160598698 0 674.0
1433160600500 0 533.0
1433160598476 1 533.0
1433160598763 1 561.0
1433160598800 0 674.0
1433160600600 0 533.0
1433160598576 1 533.0
1433160598864 1 561.0
1433160598964 1 561.0
1433160598900 0 674.0
1433160600700 0 533.0
1433160598676 1 533.0
1433160599003 0 674.0
1433160600800 0 533.0
1433160598776 1 533.0
1433160599066 1 561.0
1433160599104 0 674.0
1433160600900 0 533.0
1433160598877 1 533.0
1433160599170 1 561.0
1433160599206 0 674.0
1433160601001 0 533.0
1433160598977 1 533.0
1433160599271 1 561.0
1433160599308 0 674.0
1433160601101 0 533.0
1433160599079 1 533.0
1433160599371 1 561.0
1433160599472 1 561.0
1433160601201 0 533.0
1433160599408 0 674.0
1433160599179 1 533.0
1433160599574 1 561.0
1433160601301 0 533.0
1433160599511 0 674.0
1433160599279 1 533.0
1433160599677 1 561.0
1433160601401 0 533.0
1433160599612 0 674.0
1433160599379 1 533.0
1433160599778 1 561.0
1433160601501 0 533.0
1433160599714 0 674.0
1433160599479 1 533.0
1433160599878 1 561.0
1433160601602 0 533.0
1433160599815 0 674.0
1433160599580 1 533.0
1433160599979 1 561.0
1433160599916 0 674.0
1433160601702 0 533.0
1433160599681 1 533.0
1433160600080 1 561.0
1433160601803 0 533.0
1433160600019 0 674.0
1433160599781 1 533.0
1433160600181 1 561.0
1433160601904 0 533.0
1433160600121 0 674.0
1433160599881 1 533.0
1433160602004 0 533.0
1433160600223 0 674.0
1433160599981 1 533.0
1433160600288 1 561.0
1433160602105 0 533.0
1433160600324 0 674.0
1433160600082 1 533.0
1433160600390 1 561.0
1433160602205 0 533.0
1433160600424 0 674.0
1433160600183 1 533.0
1433160600492 1 561.0
1433160602305 0 533.0
1433160600524 0 674.0
1433160600283 1 533.0
1433160600593 1 561.0
1433160602405 0 533.0
1433160600624 0 674.0
1433160600383 1 533.0
1433160600694 1 561.0
1433160602505 0 533.0
1433160600724 0 674.0
1433160600824 0 674.0
1433160600483 1 533.0
1433160600795 1 561.0
1433160602606 0 533.0
1433160600926 0 674.0
1433160600584 1 533.0
1433160600896 1 561.0
1433160600685 1 533.0
1433160600997 1 561.0
1433160602710 0 533.0
1433160602811 0 533.0
1433160600786 1 533.0
1433160601033 0 674.0
1433160601098 1 561.0
1433160602911 0 533.0
1433160601133 0 674.0
1433160600887 1 533.0
1433160601198 1 561.0
1433160601298 1 561.0
1433160603011 0 533.0
1433160601234 0 674.0
1433160600987 1 533.0
1433160601398 1 561.0
1433160603111 0 533.0
1433160601333 0 674.0
1433160601087 1 533.0
1433160601498 1 561.0
1433160603211 0 533.0
1433160601434 0 674.0
1433160601187 1 533.0
1433160601600 1 561.0
1433160603311 0 533.0
1433160601535 0 674.0
1433160601287 1 533.0
1433160601701 1 561.0
1433160603412 0 533.0
1433160601636 0 674.0
1433160601387 1 533.0
1433160601802 1 561.0
1433160603512 0 533.0
1433160601736 0 674.0
1433160601487 1 533.0
1433160601904 1 561.0
1433160603612 0 533.0
1433160601836 0 674.0
1433160601587 1 533.0
1433160603716 0 533.0
1433160601936 0 674.0
1433160601687 1 533.0
1433160603817 0 533.0
1433160602005 1 561.0
1433160602036 0 674.0
1433160601787 1 533.0
1433160602106 1 561.0
1433160603917 0 533.0
1433160602137 0 674.0
1433160601887 1 533.0
1433160602207 1 561.0
1433160602307 1 561.0
1433160604017 0 533.0
1433160602238 0 674.0
1433160601988 1 533.0
1433160604118 0 533.0
1433160602338 0 674.0
1433160602088 1 533.0
1433160604218 0 533.0
1433160602409 1 561.0
1433160602439 0 674.0
1433160602539 0 674.0
1433160602188 1 533.0
1433160602511 1 561.0
1433160604318 0 533.0
1433160602289 1 533.0
1433160602614 1 561.0
1433160604418 0 533.0
1433160602390 1 533.0
1433160602641 0 674.0
1433160602717 1 561.0
1433160604518 0 533.0
1433160602490 1 533.0
1433160602744 0 674.0
1433160602818 1 561.0
1433160604618 0 533.0
1433160602590 1 533.0
1433160602846 0 674.0
1433160602919 1 561.0
1433160604720 0 533.0
1433160602690 1 533.0
1433160602947 0 674.0
1433160603021 1 561.0
1433160604820 0 533.0
1433160602790 1 533.0
1433160603050 0 674.0
1433160603121 1 561.0
1433160604920 0 533.0
1433160602891 1 533.0
1433160603152 0 674.0
1433160603221 1 561.0
1433160605020 0 533.0
1433160602991 1 533.0
1433160603253 0 674.0
1433160605121 0 533.0
1433160603322 1 561.0
1433160603091 1 533.0
1433160603355 0 674.0
1433160605221 0 533.0
1433160603423 1 561.0
1433160603191 1 533.0
1433160603455 0 674.0
1433160603557 0 674.0
1433160605321 0 533.0
1433160603524 1 561.0
1433160603291 1 533.0
1433160603658 0 674.0
1433160605422 0 533.0
1433160603625 1 561.0
1433160603391 1 533.0
1433160603760 0 674.0
1433160603727 1 561.0
1433160603491 1 533.0
1433160603861 0 674.0
1433160603828 1 561.0
1433160603591 1 533.0
1433160605523 0 533.0
1433160605622 0 533.0
1433160603961 0 674.0
1433160605723 0 533.0
1433160603929 1 561.0
1433160603692 1 533.0
1433160604063 0 674.0
1433160604030 1 561.0
1433160603793 1 533.0
1433160604165 0 674.0
1433160603893 1 533.0
1433160604130 1 561.0
1433160604232 1 561.0
1433160605824 0 533.0
1433160605924 0 533.0
1433160603993 1 533.0
1433160604334 1 561.0
1433160604266 0 674.0
1433160606025 0 533.0
1433160606125 0 533.0
1433160604093 1 533.0
1433160604436 1 561.0
1433160604367 0 674.0
1433160606226 0 533.0
1433160604193 1 533.0
1433160604538 1 561.0
1433160604467 0 674.0
1433160606326 0 533.0
1433160604294 1 533.0
1433160604640 1 561.0
1433160604570 0 674.0
1433160606426 0 533.0
1433160604395 1 533.0
1433160604742 1 561.0
1433160604672 0 674.0
1433160606526 0 533.0
1433160604496 1 533.0
1433160604843 1 561.0
1433160604774 0 674.0
1433160606626 0 533.0
1433160604597 1 533.0
1433160604945 1 561.0
1433160604876 0 674.0
1433160606726 0 533.0
1433160604698 1 533.0
1433160605045 1 561.0
1433160604976 0 674.0
1433160606826 0 533.0
1433160604799 1 533.0
1433160605078 0 674.0
1433160606927 0 533.0
1433160604900 1 533.0
1433160605147 1 561.0
1433160605179 0 674.0
1433160607027 0 533.0
1433160605001 1 533.0
1433160605248 1 561.0
1433160605281 0 674.0
1433160607127 0 533.0
1433160605102 1 533.0
1433160605351 1 561.0
1433160605381 0 674.0
1433160607227 0 533.0
1433160605203 1 533.0
1433160605452 1 561.0
1433160605484 0 674.0
1433160607327 0 533.0
1433160605303 1 533.0
1433160605553 1 561.0
1433160605585 0 674.0
1433160607427 0 533.0
1433160605403 1 533.0
1433160605657 1 561.0
1433160605686 0 674.0
1433160607528 0 533.0
1433160605503 1 533.0
1433160605758 1 561.0
1433160605789 0 674.0
1433160607628 0 533.0
1433160605603 1 533.0
1433160605859 1 561.0
1433160605960 1 561.0
1433160605890 0 674.0
1433160607730 0 533.0
1433160605704 1 533.0
1433160606062 1 561.0
1433160605990 0 674.0
1433160605804 1 533.0
1433160606164 1 561.0
1433160606090 0 674.0
1433160606190 0 674.0
1433160605904 1 533.0
1433160607831 0 533.0
1433160607931 0 533.0
1433160606265 1 561.0
1433160606291 0 674.0
1433160608032 0 533.0
1433160606005 1 533.0
1433160606393 0 674.0
1433160608132 0 533.0
1433160606104 1 533.0
1433160606369 1 561.0
1433160606495 0 674.0
1433160608232 0 533.0
1433160606204 1 533.0
1433160606472 1 561.0
1433160606597 0 674.0
1433160608333 0 533.0
1433160606304 1 533.0
1433160606575 1 561.0
1433160608433 0 533.0
1433160606404 1 533.0
1433160606677 1 561.0
1433160606699 0 674.0
1433160606504 1 533.0
1433160606777 1 561.0
1433160606879 1 561.0
1433160606802 0 674.0
1433160606604 1 533.0
1433160608534 0 533.0
1433160608634 0 533.0
1433160606980 1 561.0
1433160606904 0 674.0
1433160606704 1 533.0
1433160607080 1 561.0
1433160607004 0 674.0
1433160606804 1 533.0
1433160608735 0 533.0
1433160607182 1 561.0
1433160607106 0 674.0
1433160608837 0 533.0
1433160606904 1 533.0
1433160607281 1 561.0
1433160607209 0 674.0
1433160608937 0 533.0
1433160607004 1 533.0
1433160607382 1 561.0
1433160607310 0 674.0
1433160609037 0 533.0
1433160607104 1 533.0
1433160607483 1 561.0
1433160607412 0 674.0
1433160609138 0 533.0
1433160607204 1 533.0
1433160607516 0 674.0
1433160609239 0 533.0
1433160607304 1 533.0
1433160607585 1 561.0
1433160607618 0 674.0
1433160609339 0 533.0
1433160607404 1 533.0
1433160607685 1 561.0
1433160607719 0 674.0
1433160607820 0 674.0
1433160609440 0 533.0
1433160607504 1 533.0
1433160607787 1 561.0
1433160607921 0 674.0
1433160609539 0 533.0
1433160607605 1 533.0
1433160607888 1 561.0
1433160608022 0 674.0
1433160609639 0 533.0
1433160607705 1 533.0
1433160607989 1 561.0
1433160609739 0 533.0
1433160607806 1 533.0
1433160608090 1 561.0
1433160608124 0 674.0
1433160609840 0 533.0
1433160607906 1 533.0
1433160608190 1 561.0
1433160608225 0 674.0
1433160609940 0 533.0
1433160608006 1 533.0
1433160608292 1 561.0
1433160608329 0 674.0
1433160610041 0 533.0
1433160608106 1 533.0
1433160608392 1 561.0
1433160608431 0 674.0
1433160610141 0 533.0
1433160608207 1 533.0
1433160608493 1 561.0
1433160608532 0 674.0
1433160610241 0 533.0
1433160608308 1 533.0
1433160608594 1 561.0
1433160608633 0 674.0
1433160608733 0 674.0
1433160610342 0 533.0
1433160608408 1 533.0
1433160608697 1 561.0
1433160608834 0 674.0
1433160610442 0 533.0
1433160608508 1 533.0
1433160608798 1 561.0
1433160608936 0 674.0
1433160610542 0 533.0
1433160608608 1 533.0
1433160608898 1 561.0
1433160609036 0 674.0
1433160610642 0 533.0
1433160608708 1 533.0
1433160608999 1 561.0
1433160610743 0 533.0
1433160608808 1 533.0
1433160609100 1 561.0
1433160610843 0 533.0
1433160609139 0 674.0
1433160608909 1 533.0
1433160609203 1 561.0
1433160609242 0 674.0
1433160610943 0 533.0
1433160609009 1 533.0
1433160609304 1 561.0
1433160611044 0 533.0
1433160609343 0 674.0
1433160609109 1 533.0
1433160609405 1 561.0
1433160609445 0 674.0
1433160611144 0 533.0
1433160609209 1 533.0
1433160609506 1 561.0
1433160611244 0 533.0
1433160609545 0 674.0
1433160609309 1 533.0
1433160609608 1 561.0
1433160611344 0 533.0
1433160609646 0 674.0
1433160609409 1 533.0
1433160609711 1 561.0
1433160611444 0 533.0
1433160609749 0 674.0
1433160609510 1 533.0
1433160609812 1 561.0
1433160611544 0 533.0
1433160609850 0 674.0
1433160609611 1 533.0
1433160609913 1 561.0
1433160610013 1 561.0
1433160611644 0 533.0
1433160609952 0 674.0
1433160609711 1 533.0
1433160610115 1 561.0
1433160611744 0 533.0
1433160609811 1 533.0
1433160610051 0 674.0
1433160610216 1 561.0
1433160611844 0 533.0
1433160610153 0 674.0
1433160609911 1 533.0
1433160610317 1 561.0
1433160611944 0 533.0
1433160610253 0 674.0
1433160610011 1 533.0
1433160612045 0 533.0
1433160610354 0 674.0
1433160610453 0 674.0
1433160610111 1 533.0
1433160610417 1 561.0
1433160612145 0 533.0
1433160610211 1 533.0
1433160610521 1 561.0
1433160612246 0 533.0
1433160610311 1 533.0
1433160610553 0 674.0
1433160610621 1 561.0
1433160612346 0 533.0
1433160610654 0 674.0
1433160610411 1 533.0
1433160610722 1 561.0
1433160612447 0 533.0
1433160610756 0 674.0
1433160610511 1 533.0
1433160610823 1 561.0
1433160612546 0 533.0
1433160610858 0 674.0
1433160610612 1 533.0
1433160610925 1 561.0
1433160612646 0 533.0
1433160610959 0 674.0
1433160610712 1 533.0
1433160611027 1 561.0
1433160612746 0 533.0
1433160610812 1 533.0
1433160611059 0 674.0
1433160611160 0 674.0
1433160611129 1 561.0
1433160612846 0 533.0
1433160610912 1 533.0
1433160611261 0 674.0
1433160611230 1 561.0
1433160612947 0 533.0
1433160611012 1 533.0
1433160611331 1 561.0
1433160613048 0 533.0
1433160611112 1 533.0
1433160611363 0 674.0
1433160611432 1 561.0
1433160613148 0 533.0
1433160611212 1 533.0
1433160611464 0 674.0
1433160611534 1 561.0
1433160613250 0 533.0
1433160611312 1 533.0
1433160611568 0 674.0
1433160611637 1 561.0
1433160613349 0 533.0
1433160611412 1 533.0
1433160611669 0 674.0
1433160611738 1 561.0
1433160613449 0 533.0
1433160611512 1 533.0
1433160611769 0 674.0
1433160613549 0 533.0
1433160611840 1 561.0
1433160611612 1 533.0
1433160611869 0 674.0
1433160611971 0 674.0
1433160613649 0 533.0
1433160611941 1 561.0
1433160611712 1 533.0
1433160612072 0 674.0
1433160613750 0 533.0
1433160612042 1 561.0
1433160611812 1 533.0
1433160613850 0 533.0
1433160612145 1 561.0
1433160611913 1 533.0
1433160612174 0 674.0
1433160613950 0 519.0
1433160612247 1 561.0
1433160612013 1 533.0
1433160612276 0 674.0
1433160614051 0 379.0
1433160612348 1 561.0
1433160612448 1 561.0
1433160612114 1 533.0
1433160612379 0 674.0
1433160614151 0 519.0
1433160612550 1 561.0
1433160612215 1 533.0
1433160612480 0 674.0
1433160614252 0 519.0
1433160612316 1 533.0
1433160612581 0 674.0
1433160614352 0 519.0
1433160612652 1 561.0
1433160612417 1 533.0
1433160612682 0 674.0
1433160614453 0 547.0
1433160612752 1 561.0
1433160612517 1 533.0
1433160612782 0 674.0
1433160614553 0 547.0
1433160612855 1 561.0
1433160612617 1 533.0
1433160612883 0 674.0
1433160614653 0 547.0
1433160612957 1 561.0
1433160612717 1 533.0
1433160612986 0 674.0
1433160614753 0 547.0
1433160613058 1 561.0
1433160612817 1 533.0
1433160613088 0 674.0
1433160614853 0 547.0
1433160613160 1 561.0
1433160612917 1 533.0
1433160613190 0 674.0
1433160614953 0 547.0
1433160613261 1 561.0
1433160613017 1 533.0
1433160613291 0 674.0
1433160615054 0 547.0
1433160613363 1 561.0
1433160613117 1 533.0
1433160613393 0 674.0
1433160615154 0 547.0
1433160613217 1 533.0
1433160613469 1 561.0
1433160613493 0 674.0
1433160613595 0 674.0
1433160615255 0 547.0
1433160613317 1 533.0
1433160613569 1 561.0
1433160613696 0 674.0
1433160615355 0 575.0
1433160613418 1 533.0
1433160613670 1 561.0
1433160613798 0 674.0
1433160615455 0 575.0
1433160613519 1 533.0
1433160613770 1 561.0
1433160615555 0 632.0
1433160613620 1 533.0
1433160613872 1 561.0
1433160613900 0 674.0
1433160615656 0 632.0
1433160613720 1 533.0
1433160613974 1 561.0
1433160614001 0 674.0
1433160615756 0 688.0
1433160613820 1 533.0
1433160614077 1 561.0
1433160614103 0 674.0
1433160615856 0 688.0
1433160613920 1 533.0
1433160614178 1 561.0
1433160614204 0 674.0
1433160615956 0 688.0
1433160614020 1 533.0
1433160614283 1 561.0
1433160614307 0 674.0
1433160616057 0 688.0
1433160614120 1 533.0
1433160614380 1 561.0
1433160614409 0 674.0
1433160616157 0 646.0
1433160614220 1 533.0
1433160614480 1 561.0
1433160614510 0 674.0
1433160616258 0 646.0
1433160614321 1 533.0
1433160614580 1 561.0
1433160614680 1 561.0
1433160614611 0 674.0
1433160616358 0 646.0
1433160614421 1 533.0
1433160614782 1 561.0
1433160614712 0 674.0
1433160616458 0 604.0
1433160614521 1 533.0
1433160614882 1 561.0
1433160614814 0 674.0
1433160616558 0 604.0
1433160614621 1 533.0
1433160614984 1 561.0
1433160614915 0 674.0
1433160616659 0 604.0
1433160614721 1 533.0
1433160615085 1 561.0
1433160615016 0 674.0
1433160616758 0 604.0
1433160614821 1 533.0
1433160615187 1 561.0
1433160615118 0 674.0
1433160616859 0 604.0
1433160614922 1 533.0
1433160615287 1 561.0
1433160615219 0 674.0
1433160616959 0 604.0
1433160615022 1 533.0
1433160615388 1 561.0
1433160615322 0 674.0
1433160617059 0 604.0
1433160615122 1 533.0
1433160615489 1 561.0
1433160615424 0 674.0
1433160617159 0 604.0
1433160615223 1 533.0
1433160615590 1 561.0
1433160615526 0 674.0
1433160617259 0 604.0
1433160615323 1 533.0
1433160615627 0 674.0
1433160615728 0 674.0
1433160617359 0 604.0
1433160615424 1 533.0
1433160615691 1 561.0
1433160615829 0 674.0
1433160617460 0 604.0
1433160615525 1 533.0
1433160615791 1 561.0
1433160615930 0 674.0
1433160617559 0 604.0
1433160615626 1 533.0
1433160615892 1 561.0
1433160616032 0 674.0
1433160617660 0 604.0
1433160615726 1 533.0
1433160615993 1 561.0
1433160617760 0 604.0
1433160615826 1 533.0
1433160616095 1 561.0
1433160616134 0 674.0
1433160617861 0 604.0
1433160615926 1 533.0
1433160616196 1 561.0
1433160616235 0 674.0
1433160617961 0 604.0
1433160616026 1 533.0
1433160616298 1 561.0
1433160616339 0 674.0
1433160618061 0 604.0
1433160616126 1 533.0
1433160616399 1 561.0
1433160616440 0 674.0
1433160618161 0 604.0
1433160616226 1 533.0
1433160616500 1 561.0
1433160616541 0 674.0
1433160618261 0 604.0
1433160616326 1 533.0
1433160616603 1 561.0
1433160616643 0 674.0
1433160618361 0 604.0
1433160616426 1 533.0
1433160616705 1 561.0
1433160616745 0 674.0
1433160616845 0 674.0
1433160618461 0 604.0
1433160616527 1 533.0
1433160616805 1 561.0
1433160616947 0 674.0
1433160618561 0 604.0
1433160616628 1 533.0
1433160616906 1 561.0
1433160618661 0 604.0
1433160616729 1 533.0
1433160617008 1 561.0
1433160618761 0 604.0
1433160617049 0 674.0
1433160616830 1 533.0
1433160617110 1 561.0
1433160617151 0 674.0
1433160618861 0 604.0
1433160616930 1 533.0
1433160617211 1 561.0
1433160617255 0 674.0
1433160618962 0 604.0
1433160617030 1 533.0
1433160617314 1 561.0
1433160617356 0 674.0
1433160619062 0 604.0
1433160617130 1 533.0
1433160617415 1 561.0
1433160617456 0 674.0
1433160619162 0 604.0
1433160617230 1 533.0
1433160617517 1 561.0
1433160617558 0 674.0
1433160619262 0 604.0
1433160617330 1 533.0
1433160617618 1 561.0
1433160617659 0 674.0
1433160617760 0 674.0
1433160619362 0 604.0
1433160617430 1 533.0
1433160617719 1 449.0
1433160619463 0 604.0
1433160617530 1 533.0
1433160617819 1 449.0
1433160619563 0 604.0
1433160617861 0 674.0
1433160617631 1 533.0
1433160617921 1 154.0
1433160619663 0 604.0
1433160617964 0 674.0
1433160617732 1 533.0
1433160618022 1 94.0
1433160619763 0 604.0
1433160618065 0 674.0
1433160617833 1 533.0
1433160618124 1 22.0
1433160619863 0 604.0
1433160618166 0 674.0
1433160617933 1 519.0
1433160618229 1 3.0
1433160619963 0 604.0
1433160618268 0 674.0
1433160618034 1 491.0
1433160618329 1 3.0
1433160620064 0 604.0
1433160618370 0 674.0
1433160618133 1 266.0
1433160618429 1 3.0
1433160620164 0 604.0
1433160618473 0 674.0
1433160618233 1 280.0
1433160618529 1 3.0
1433160620264 0 604.0
1433160618575 0 674.0
1433160618334 1 28.0
1433160618629 1 3.0
1433160620365 0 604.0
1433160618676 0 660.0
1433160618435 1 6.0
1433160618729 1 3.0
1433160620465 0 604.0
1433160618778 0 660.0
1433160618536 1 5.0
1433160618831 1 3.0
1433160620566 0 604.0
1433160618879 0 660.0
1433160618636 1 5.0
1433160618932 1 3.0
1433160620667 0 604.0
1433160618980 0 660.0
1433160618736 1 5.0
1433160619033 1 3.0
1433160620767 0 604.0
1433160619080 0 660.0
1433160619181 0 660.0
1433160618836 1 5.0
1433160619136 1 3.0
1433160620868 0 604.0
1433160618936 1 5.0
1433160619282 0 660.0
1433160619237 1 3.0
1433160620969 0 604.0
1433160619036 1 5.0
1433160619383 0 660.0
1433160619338 1 3.0
1433160621068 0 604.0
1433160619136 1 5.0
1433160619484 0 660.0
1433160619441 1 3.0
1433160621168 0 604.0
1433160619236 1 5.0
1433160619586 0 660.0
1433160619541 1 3.0
1433160621268 0 604.0
1433160619336 1 5.0
1433160619688 0 660.0
1433160619642 1 3.0
1433160621369 0 604.0
1433160619436 1 5.0
1433160619790 0 660.0
1433160619743 1 3.0
1433160621469 0 604.0
1433160619537 1 5.0
1433160619890 0 660.0
1433160619846 1 3.0
1433160621569 0 604.0
1433160619637 1 5.0
1433160619990 0 660.0
1433160619948 1 3.0
1433160621669 0 604.0
1433160619737 1 5.0
1433160620091 0 660.0
1433160620050 1 3.0
1433160621769 0 604.0
1433160619837 1 5.0
1433160620191 0 660.0
1433160620151 1 3.0
1433160621870 0 604.0
1433160619938 1 5.0
1433160620291 0 660.0
1433160620252 1 3.0
1433160620353 1 3.0
1433160621970 0 604.0
1433160620038 1 5.0
1433160620392 0 660.0
1433160622070 0 604.0
1433160620139 1 5.0
1433160620493 0 660.0
1433160622170 0 604.0
1433160620453 1 3.0
1433160620553 1 3.0
1433160620239 1 5.0
1433160620593 0 660.0
1433160622270 0 604.0
1433160620339 1 5.0
1433160620694 0 660.0
1433160622371 0 604.0
1433160620654 1 3.0
1433160620754 1 3.0
1433160620439 1 5.0
1433160620796 0 660.0
1433160622471 0 604.0
1433160620539 1 5.0
1433160622571 0 604.0
1433160620857 1 3.0
1433160620639 1 5.0
1433160620899 0 660.0
1433160622672 0 604.0
1433160620958 1 3.0
1433160620739 1 5.0
1433160620998 0 660.0
1433160622772 0 604.0
1433160621061 1 3.0
1433160620839 1 5.0
1433160621101 0 660.0
1433160622873 0 604.0
1433160621162 1 3.0
1433160620939 1 5.0
1433160621203 0 660.0
1433160622973 0 604.0
1433160621264 1 3.0
1433160621039 1 5.0
1433160621304 0 660.0
1433160623073 0 604.0
1433160621367 1 3.0
1433160621139 1 5.0
1433160621406 0 660.0
1433160623173 0 604.0
1433160621468 1 3.0
1433160621239 1 5.0
1433160621507 0 660.0
1433160623273 0 604.0
1433160621570 1 3.0
1433160621339 1 5.0
1433160621609 0 660.0
1433160623373 0 604.0
1433160621671 1 3.0
1433160621439 1 5.0
1433160621711 0 660.0
1433160623474 0 604.0
1433160621773 1 3.0
1433160621539 1 5.0
1433160621812 0 660.0
1433160621913 0 660.0
1433160623575 0 604.0
1433160621874 1 3.0
1433160621639 1 50.0
1433160622014 0 660.0
1433160623676 0 604.0
1433160621975 1 19.0
1433160621739 1 175.0
1433160622116 0 660.0
1433160623775 0 604.0
1433160622076 1 112.0
1433160621839 1 407.0
1433160622217 0 660.0
1433160623875 0 604.0
1433160622176 1 196.0
1433160621940 1 505.0
1433160623975 0 604.0
1433160622276 1 294.0
1433160622041 1 519.0
1433160622318 0 660.0
1433160624076 0 604.0
1433160622377 1 97.0
1433160622141 1 519.0
1433160622419 0 660.0
1433160624176 0 519.0
1433160622484 1 315.0
1433160622241 1 519.0
1433160622520 0 646.0
1433160624276 0 322.0
1433160622585 1 561.0
1433160622341 1 519.0
1433160622623 0 337.0
1433160624376 0 196.0
1433160622686 1 561.0
1433160622441 1 519.0
1433160622724 0 126.0
1433160624476 0 83.0
1433160622787 1 561.0
1433160622541 1 519.0
1433160622826 0 112.0
1433160622925 0 26.0
1433160624576 0 47.0
1433160622888 1 561.0
1433160622641 1 519.0
1433160623025 0 2.0
1433160624677 0 20.0
1433160622989 1 561.0
1433160622741 1 519.0
1433160623127 0 2.0
1433160624776 0 11.0
1433160623090 1 561.0
1433160622841 1 519.0
1433160623227 0 2.0
1433160624876 0 6.0
1433160622941 1 519.0
1433160623191 1 561.0
1433160623328 0 2.0
1433160624976 0 6.0
1433160623041 1 519.0
1433160623292 1 561.0
1433160623429 0 2.0
1433160625076 0 4.0
1433160623141 1 519.0
1433160623393 1 561.0
1433160623530 0 3.0
1433160625176 0 4.0
1433160623247 1 519.0
1433160623494 1 561.0
1433160625279 0 4.0
1433160623347 1 519.0
1433160623594 1 561.0
1433160623632 0 3.0
1433160625380 0 6.0
1433160623447 1 519.0
1433160623694 1 561.0
1433160623733 0 2.0
1433160623834 0 2.0
1433160625480 0 6.0
1433160623547 1 519.0
1433160623794 1 561.0
1433160623934 0 2.0
1433160625580 0 6.0
1433160623647 1 519.0
1433160623895 1 561.0
1433160625680 0 6.0
1433160623747 1 519.0
1433160623994 1 561.0
1433160624094 1 561.0
1433160624035 0 2.0
1433160625780 0 6.0
1433160623847 1 519.0
1433160624197 1 561.0
1433160624135 0 2.0
1433160624235 0 2.0
1433160625880 0 6.0
1433160623948 1 519.0
1433160624299 1 561.0
1433160624336 0 2.0
1433160625980 0 6.0
1433160624048 1 519.0
1433160624399 1 561.0
1433160624439 0 2.0
1433160626086 0 6.0
1433160624148 1 519.0
1433160624499 1 561.0
1433160624541 0 2.0
1433160626186 0 6.0
1433160624249 1 519.0
1433160624601 1 561.0
1433160626287 0 6.0
1433160624350 1 519.0
1433160624702 1 561.0
1433160624643 0 2.0
1433160626388 0 6.0
1433160624451 1 519.0
1433160624803 1 561.0
1433160624745 0 2.0
1433160626489 0 6.0
1433160624551 1 519.0
1433160624904 1 561.0
1433160624848 0 2.0
1433160626589 0 6.0
1433160624651 1 519.0
1433160625006 1 561.0
1433160624949 0 2.0
1433160626689 0 6.0
1433160624751 1 519.0
1433160625107 1 561.0
1433160625049 0 2.0
1433160626789 0 6.0
1433160624851 1 519.0
1433160625208 1 561.0
1433160625149 0 2.0
1433160626889 0 6.0
1433160624951 1 519.0
1433160625308 1 561.0
1433160625252 0 2.0
1433160626989 0 6.0
1433160625052 1 519.0
1433160625410 1 561.0
1433160625352 0 2.0
1433160627089 0 6.0
1433160625152 1 519.0
1433160625511 1 561.0
1433160625453 0 2.0
1433160627190 0 6.0
1433160625252 1 519.0
1433160625554 0 2.0
1433160627290 0 6.0
1433160625352 1 519.0
1433160625613 1 561.0
1433160625656 0 2.0
1433160627390 0 6.0
1433160625452 1 519.0
1433160625714 1 561.0
1433160625757 0 2.0
1433160627490 0 6.0
1433160625552 1 519.0
1433160625815 1 561.0
1433160625858 0 2.0
1433160627590 0 6.0
1433160625653 1 519.0
1433160625917 1 561.0
1433160625960 0 2.0
1433160627690 0 6.0
1433160625753 1 519.0
1433160626020 1 561.0
1433160626061 0 2.0
1433160627790 0 6.0
1433160625853 1 519.0
1433160626122 1 561.0
1433160626162 0 2.0
1433160627890 0 6.0
1433160625954 1 519.0
1433160626223 1 561.0
1433160626263 0 2.0
1433160627990 0 6.0
1433160626054 1 519.0
1433160626323 1 561.0
1433160626363 0 2.0
1433160626463 0 2.0
1433160628090 0 6.0
1433160626155 1 519.0
1433160626426 1 561.0
1433160626564 0 2.0
1433160628190 0 6.0
1433160626255 1 519.0
1433160626527 1 561.0
1433160626665 0 2.0
1433160628290 0 6.0
1433160626355 1 519.0
1433160626629 1 561.0
1433160628390 0 6.0
1433160626455 1 519.0
1433160626730 1 561.0
1433160626767 0 2.0
1433160626867 0 2.0
1433160628490 0 6.0
1433160626555 1 519.0
1433160626830 1 561.0
1433160626968 0 2.0
1433160628590 0 6.0
1433160626655 1 519.0
1433160626931 1 561.0
1433160627069 0 2.0
1433160628690 0 6.0
1433160626755 1 519.0
1433160627032 1 561.0
1433160628791 0 6.0
1433160626855 1 519.0
1433160627135 1 561.0
1433160627171 0 2.0
1433160627271 0 2.0
1433160628892 0 6.0
1433160626955 1 519.0
1433160627236 1 561.0
1433160628992 0 4.0
1433160627056 1 519.0
1433160627337 1 561.0
1433160627372 0 2.0
1433160629092 0 4.0
1433160627156 1 519.0
1433160627440 1 561.0
1433160627473 0 2.0
1433160629193 0 4.0
1433160627256 1 519.0
1433160627542 1 561.0
1433160627574 0 2.0
1433160629293 0 4.0
1433160627356 1 519.0
1433160627642 1 561.0
1433160627743 1 561.0
1433160627674 0 2.0
1433160629393 0 4.0
1433160627456 1 519.0
1433160627844 1 561.0
1433160627781 0 2.0
1433160629494 0 4.0
1433160627556 1 519.0
1433160627946 1 561.0
1433160627881 0 2.0
1433160629594 0 4.0
1433160627657 1 519.0
1433160628047 1 561.0
1433160627982 0 2.0
1433160629694 0 4.0
1433160627758 1 519.0
1433160628083 0 2.0
1433160629794 0 4.0
1433160627858 1 519.0
1433160628149 1 561.0
1433160628185 0 2.0
1433160629894 0 4.0
1433160627958 1 519.0
1433160628252 1 561.0
1433160628287 0 2.0
1433160629994 0 4.0
1433160628058 1 519.0
1433160628354 1 561.0
1433160630095 0 4.0
1433160628387 0 2.0
1433160628159 1 519.0
1433160628455 1 561.0
1433160628488 0 2.0
1433160630195 0 4.0
1433160628259 1 519.0
1433160628557 1 561.0
1433160628588 0 2.0
1433160630296 0 4.0
1433160628359 1 519.0
1433160628659 1 561.0
1433160630396 0 4.0
1433160628690 0 2.0
1433160628459 1 519.0
1433160628763 1 561.0
1433160630496 0 4.0
1433160628793 0 2.0
1433160628559 1 519.0
