1433160504453 0 505.0
1433160502746 0 646.0
1433160502848 0 646.0
1433160502578 1 533.0
1433160504553 0 505.0
1433160502950 0 646.0
1433160502678 1 533.0
1433160502881 1 575.0
1433160504653 0 505.0
1433160503051 0 646.0
1433160502779 1 533.0
1433160502983 1 575.0
1433160504754 0 505.0
1433160503153 0 646.0
1433160502879 1 533.0
1433160503084 1 575.0
1433160504853 0 505.0
1433160503253 0 646.0
1433160502979 1 533.0
1433160503187 1 575.0
1433160504953 0 505.0
1433160503079 1 533.0
1433160503288 1 575.0
1433160505054 0 505.0
1433160503355 0 646.0
1433160503180 1 533.0
1433160503389 1 575.0
1433160505154 0 505.0
1433160503456 0 646.0
1433160503281 1 533.0
1433160503490 1 575.0
1433160503590 1 575.0
1433160505254 0 505.0
1433160503560 0 646.0
1433160503381 1 533.0
1433160503691 1 575.0
1433160505354 0 505.0
1433160503661 0 646.0
1433160503481 1 533.0
1433160503792 1 575.0
1433160505454 0 505.0
1433160503762 0 646.0
1433160503581 1 533.0
1433160503893 1 575.0
1433160505554 0 505.0
1433160503863 0 646.0
1433160503681 1 533.0
1433160503993 1 575.0
1433160505655 0 505.0
1433160503964 0 646.0
1433160503781 1 533.0
1433160504093 1 575.0
1433160505756 0 505.0
1433160504064 0 646.0
1433160504165 0 646.0
1433160503887 1 533.0
1433160504194 1 575.0
1433160505856 0 505.0
1433160504267 0 646.0
1433160503988 1 533.0
1433160505957 0 505.0
1433160504369 0 646.0
1433160504088 1 533.0
1433160504295 1 575.0
1433160506056 0 505.0
1433160504470 0 646.0
1433160504188 1 533.0
1433160504397 1 575.0
1433160506156 0 505.0
1433160504288 1 533.0
1433160504500 1 575.0
1433160506256 0 505.0
1433160504571 0 646.0
1433160504388 1 533.0
1433160504601 1 575.0
1433160506356 0 505.0
1433160504672 0 646.0
1433160504488 1 533.0
1433160504703 1 575.0
1433160506456 0 505.0
1433160504775 0 646.0
1433160504589 1 533.0
1433160504804 1 575.0
1433160506556 0 505.0
1433160504876 0 646.0
1433160504689 1 533.0
1433160504907 1 575.0
1433160506657 0 505.0
1433160504977 0 646.0
1433160505077 0 646.0
1433160504790 1 533.0
1433160505008 1 575.0
1433160506757 0 505.0
1433160505178 0 646.0
1433160504891 1 533.0
1433160505108 1 575.0
1433160505210 1 575.0
1433160506857 0 505.0
1433160505279 0 646.0
1433160504992 1 533.0
1433160505312 1 575.0
1433160506958 0 505.0
1433160505092 1 533.0
1433160505414 1 575.0
1433160507058 0 505.0
1433160505381 0 646.0
1433160505482 0 646.0
1433160505192 1 533.0
1433160507158 0 505.0
1433160505293 1 533.0
1433160505517 1 575.0
1433160507259 0 505.0
1433160505583 0 646.0
1433160505393 1 533.0
1433160507359 0 505.0
1433160505683 0 646.0
1433160505493 1 533.0
1433160507459 0 505.0
1433160505620 1 575.0
1433160505720 1 575.0
1433160505787 0 646.0
1433160505594 1 533.0
1433160505822 1 575.0
1433160507559 0 505.0
1433160505887 0 646.0
1433160505695 1 533.0
1433160505924 1 575.0
1433160507660 0 505.0
1433160505989 0 646.0
1433160505796 1 533.0
1433160506026 1 575.0
1433160507760 0 505.0
1433160506091 0 646.0
1433160505897 1 533.0
1433160506127 1 575.0
1433160506227 1 575.0
1433160507860 0 505.0
1433160506191 0 646.0
1433160505997 1 533.0
1433160506328 1 575.0
1433160507960 0 505.0
1433160506292 0 646.0
1433160506097 1 533.0
1433160506429 1 575.0
1433160508060 0 505.0
1433160506394 0 646.0
1433160506197 1 533.0
1433160506530 1 575.0
1433160508160 0 505.0
1433160506495 0 646.0
1433160506297 1 533.0
1433160508260 0 505.0
1433160506597 0 646.0
1433160506398 1 533.0
1433160506632 1 575.0
1433160508360 0 505.0
1433160506700 0 646.0
1433160506499 1 533.0
1433160508460 0 505.0
1433160506734 1 575.0
1433160506599 1 533.0
1433160506801 0 646.0
1433160508560 0 505.0
1433160506837 1 575.0
1433160506699 1 533.0
1433160506904 0 646.0
1433160508660 0 505.0
1433160506938 1 575.0
1433160506799 1 533.0
1433160507005 0 646.0
1433160508760 0 505.0
1433160507044 1 575.0
1433160506899 1 533.0
1433160507107 0 646.0
1433160508860 0 505.0
1433160507144 1 575.0
1433160507000 1 533.0
1433160507208 0 646.0
1433160508961 0 505.0
1433160507245 1 575.0
1433160507345 1 575.0
1433160507100 1 533.0
1433160507310 0 646.0
1433160509061 0 505.0
1433160507447 1 575.0
1433160507200 1 533.0
1433160507414 0 646.0
1433160509161 0 505.0
1433160507549 1 575.0
1433160507300 1 533.0
1433160507515 0 646.0
1433160509261 0 505.0
1433160507650 1 575.0
1433160507400 1 533.0
1433160507618 0 646.0
1433160509361 0 505.0
1433160507752 1 575.0
1433160507500 1 533.0
1433160507718 0 646.0
1433160509461 0 505.0
1433160507853 1 575.0
1433160507601 1 533.0
1433160507818 0 646.0
1433160507920 0 646.0
1433160509562 0 505.0
1433160507702 1 533.0
1433160508021 0 646.0
1433160509662 0 505.0
1433160507955 1 575.0
1433160507802 1 533.0
1433160508123 0 646.0
1433160509762 0 505.0
1433160508058 1 575.0
1433160507902 1 533.0
1433160509862 0 505.0
1433160508225 0 646.0
1433160508159 1 575.0
1433160508002 1 533.0
1433160508327 0 646.0
1433160509963 0 505.0
1433160508259 1 575.0
1433160508102 1 533.0
1433160508428 0 646.0
1433160510063 0 505.0
1433160508360 1 575.0
1433160508461 1 575.0
1433160508202 1 533.0
1433160510163 0 505.0
1433160508563 1 575.0
1433160508303 1 533.0
1433160508531 0 646.0
1433160510263 0 505.0
1433160508665 1 575.0
1433160508404 1 533.0
1433160508633 0 646.0
1433160510363 0 505.0
1433160508767 1 575.0
1433160508503 1 533.0
1433160508735 0 646.0
1433160510463 0 505.0
1433160508603 1 533.0
1433160508838 0 646.0
1433160510564 0 505.0
1433160508869 1 575.0
1433160508703 1 533.0
1433160508939 0 646.0
1433160510664 0 505.0
1433160508970 1 575.0
1433160508803 1 533.0
1433160509040 0 646.0
1433160510765 0 505.0
1433160509071 1 575.0
1433160508903 1 533.0
1433160509143 0 646.0
1433160510865 0 505.0
1433160509173 1 575.0
1433160509003 1 533.0
1433160509243 0 646.0
1433160510965 0 505.0
1433160509274 1 575.0
1433160509103 1 533.0
1433160509343 0 646.0
1433160509444 0 646.0
1433160511065 0 505.0
1433160509375 1 575.0
1433160509203 1 533.0
1433160511165 0 505.0
1433160509548 0 646.0
1433160509478 1 575.0
1433160509303 1 533.0
1433160511265 0 505.0
1433160509649 0 646.0
1433160509578 1 575.0
1433160509404 1 533.0
1433160511365 0 505.0
1433160509751 0 646.0
1433160509678 1 575.0
1433160509504 1 533.0
1433160511465 0 505.0
1433160509851 0 646.0
1433160509782 1 575.0
1433160509604 1 533.0
1433160511565 0 505.0
1433160509953 0 646.0
1433160509882 1 575.0
1433160509704 1 533.0
1433160511665 0 505.0
1433160510053 0 646.0
1433160509984 1 575.0
1433160509804 1 533.0
1433160511765 0 505.0
1433160510155 0 646.0
1433160510084 1 575.0
1433160510185 1 575.0
1433160509905 1 533.0
1433160511865 0 505.0
1433160510254 0 646.0
1433160510285 1 575.0
1433160510006 1 533.0
1433160511966 0 505.0
1433160510356 0 646.0
1433160510387 1 575.0
1433160510106 1 533.0
1433160512065 0 505.0
1433160510458 0 646.0
1433160510206 1 533.0
1433160512165 0 505.0
1433160510560 0 646.0
1433160510488 1 575.0
1433160510306 1 533.0
1433160512265 0 505.0
1433160510661 0 646.0
1433160510588 1 575.0
1433160510406 1 533.0
1433160512365 0 505.0
1433160510762 0 646.0
1433160510689 1 575.0
1433160510507 1 533.0
1433160512466 0 505.0
1433160510862 0 646.0
1433160510792 1 575.0
1433160510608 1 533.0
1433160512566 0 505.0
1433160510963 0 646.0
1433160510894 1 575.0
1433160510709 1 533.0
1433160512667 0 505.0
1433160510995 1 575.0
1433160510809 1 533.0
1433160512767 0 505.0
1433160511064 0 646.0
1433160511095 1 575.0
1433160510909 1 533.0
1433160512868 0 505.0
1433160511165 0 646.0
1433160511197 1 575.0
1433160511009 1 533.0
1433160512967 0 505.0
1433160511266 0 646.0
1433160511298 1 575.0
1433160511110 1 533.0
1433160513067 0 505.0
1433160511367 0 646.0
1433160511401 1 575.0
1433160511210 1 533.0
1433160513168 0 505.0
1433160511471 0 646.0
1433160511502 1 575.0
1433160511310 1 533.0
1433160513268 0 505.0
1433160511572 0 646.0
1433160511607 1 575.0
1433160511410 1 533.0
1433160513368 0 505.0
1433160511674 0 646.0
1433160511708 1 575.0
1433160511510 1 533.0
1433160513468 0 505.0
1433160511775 0 646.0
1433160511809 1 575.0
1433160511610 1 533.0
1433160513568 0 505.0
1433160511877 0 646.0
1433160511909 1 575.0
1433160511710 1 533.0
1433160513668 0 505.0
1433160511979 0 646.0
1433160511810 1 533.0
1433160512011 1 575.0
1433160512113 1 575.0
1433160513769 0 505.0
1433160512080 0 646.0
1433160511911 1 533.0
1433160512216 1 575.0
1433160513869 0 505.0
1433160512182 0 646.0
1433160512011 1 533.0
1433160512317 1 575.0
1433160513969 0 505.0
1433160512282 0 646.0
1433160512383 0 646.0
1433160512111 1 533.0
1433160512417 1 575.0
1433160514069 0 505.0
1433160512484 0 646.0
1433160512211 1 533.0
1433160512519 1 575.0
1433160514170 0 505.0
1433160512586 0 646.0
1433160512311 1 533.0
1433160512620 1 575.0
1433160514270 0 505.0
1433160512688 0 646.0
1433160512412 1 533.0
1433160514370 0 505.0
1433160512790 0 646.0
1433160512512 1 533.0
1433160512721 1 575.0
1433160514470 0 505.0
1433160512891 0 646.0
1433160512612 1 533.0
1433160512822 1 575.0
1433160514570 0 505.0
1433160512992 0 646.0
1433160512712 1 533.0
1433160512923 1 575.0
1433160514671 0 505.0
1433160512812 1 533.0
1433160513027 1 575.0
1433160514771 0 505.0
1433160513093 0 646.0
1433160512912 1 533.0
1433160513128 1 575.0
1433160514871 0 505.0
1433160513194 0 646.0
1433160513012 1 533.0
1433160513229 1 575.0
1433160514972 0 505.0
1433160513295 0 646.0
1433160513112 1 533.0
1433160513331 1 575.0
1433160515071 0 505.0
1433160513399 0 646.0
1433160513213 1 533.0
1433160513431 1 575.0
1433160515171 0 505.0
1433160513500 0 646.0
1433160513313 1 533.0
1433160513532 1 575.0
1433160515272 0 505.0
1433160513601 0 646.0
1433160513413 1 533.0
1433160513634 1 575.0
1433160515372 0 505.0
1433160513703 0 646.0
1433160513513 1 533.0
1433160513737 1 575.0
1433160515472 0 505.0
1433160513805 0 646.0
1433160513614 1 533.0
1433160513838 1 575.0
1433160515573 0 505.0
1433160513907 0 646.0
1433160513714 1 533.0
1433160513941 1 575.0
1433160515673 0 505.0
1433160514008 0 646.0
1433160513814 1 533.0
1433160514041 1 575.0
1433160515773 0 505.0
1433160514110 0 646.0
1433160513915 1 533.0
1433160514143 1 575.0
1433160515873 0 505.0
1433160514213 0 646.0
1433160514015 1 533.0
1433160514245 1 575.0
1433160515974 0 505.0
1433160514315 0 646.0
1433160514415 0 646.0
1433160514115 1 533.0
1433160514346 1 575.0
1433160516074 0 505.0
1433160514215 1 533.0
1433160514449 1 575.0
1433160516174 0 505.0
1433160514518 0 646.0
1433160514315 1 533.0
1433160516274 0 505.0
1433160514550 1 575.0
1433160514619 0 562.0
1433160514416 1 533.0
1433160516374 0 505.0
1433160514651 1 575.0
1433160514722 0 280.0
1433160514516 1 533.0
1433160516475 0 505.0
1433160514753 1 575.0
1433160514824 0 224.0
1433160514616 1 533.0
1433160516575 0 505.0
1433160514855 1 561.0
1433160514925 0 421.0
1433160514716 1 533.0
1433160516675 0 505.0
1433160514957 1 561.0
1433160515025 0 337.0
1433160514816 1 533.0
1433160516775 0 505.0
1433160515058 1 561.0
1433160515126 0 168.0
1433160514916 1 533.0
1433160516875 0 505.0
1433160515159 1 561.0
1433160515227 0 49.0
1433160515016 1 533.0
1433160516976 0 505.0
1433160515259 1 561.0
1433160515360 1 561.0
1433160515328 0 17.0
1433160515116 1 533.0
1433160517076 0 505.0
1433160515462 1 561.0
1433160515216 1 533.0
1433160515431 0 3.0
1433160517176 0 519.0
1433160515563 1 561.0
1433160515316 1 533.0
1433160515533 0 3.0
1433160517277 0 126.0
1433160515664 1 561.0
1433160515417 1 533.0
1433160515635 0 3.0
1433160515736 0 3.0
1433160517377 0 13.0
1433160515765 1 561.0
1433160515518 1 533.0
1433160515837 0 3.0
1433160517477 0 4.0
1433160515867 1 561.0
1433160515619 1 533.0
1433160515937 0 3.0
1433160517577 0 4.0
1433160515969 1 561.0
1433160515719 1 533.0
1433160516037 0 3.0
1433160517677 0 4.0
1433160516069 1 561.0
1433160515819 1 533.0
1433160516137 0 3.0
1433160517778 0 4.0
1433160516169 1 561.0
1433160515919 1 533.0
1433160517878 0 4.0
1433160516019 1 533.0
1433160516237 0 3.0
1433160517979 0 6.0
1433160516271 1 561.0
1433160516371 1 561.0
1433160516120 1 533.0
1433160516339 0 3.0
1433160518079 0 6.0
1433160516220 1 533.0
1433160516442 0 3.0
1433160518179 0 6.0
1433160516472 1 561.0
1433160516320 1 533.0
1433160516544 0 3.0
1433160518280 0 6.0
1433160516573 1 561.0
1433160516420 1 533.0
1433160516645 0 3.0
1433160518380 0 6.0
1433160516678 1 561.0
1433160516520 1 533.0
1433160516745 0 3.0
1433160518480 0 6.0
1433160516778 1 561.0
1433160516620 1 533.0
1433160516846 0 3.0
1433160518580 0 6.0
1433160516881 1 561.0
1433160516720 1 533.0
1433160516947 0 3.0
1433160518681 0 6.0
1433160516982 1 561.0
1433160516821 1 533.0
1433160517052 0 3.0
1433160518781 0 6.0
1433160517083 1 561.0
1433160516922 1 533.0
1433160517152 0 3.0
1433160517252 0 3.0
1433160518881 0 6.0
1433160517183 1 561.0
1433160517022 1 533.0
1433160517352 0 3.0
1433160518981 0 6.0
1433160517283 1 561.0
1433160517122 1 533.0
1433160517453 0 3.0
1433160519082 0 6.0
1433160517383 1 561.0
1433160517222 1 533.0
1433160517553 0 3.0
1433160519182 0 6.0
1433160517484 1 561.0
1433160517322 1 533.0
1433160519282 0 6.0
1433160517585 1 561.0
1433160517423 1 533.0
1433160519383 0 6.0
1433160517654 0 3.0
1433160517754 0 3.0
1433160517685 1 561.0
1433160517523 1 533.0
1433160519483 0 6.0
1433160517787 1 561.0
1433160517623 1 533.0
1433160517855 0 3.0
1433160519583 0 6.0
1433160517888 1 561.0
1433160517724 1 533.0
1433160517959 0 3.0
1433160519683 0 6.0
1433160517991 1 561.0
1433160517824 1 533.0
1433160518059 0 3.0
1433160519783 0 6.0
1433160518091 1 561.0
1433160517924 1 533.0
1433160518159 0 3.0
1433160518259 0 3.0
1433160519883 0 6.0
1433160518193 1 561.0
1433160518024 1 533.0
1433160519983 0 6.0
1433160518294 1 561.0
1433160518125 1 533.0
1433160520083 0 6.0
1433160518359 0 3.0
1433160518459 0 3.0
1433160518397 1 561.0
1433160518225 1 533.0
1433160518559 0 3.0
1433160520183 0 6.0
1433160518498 1 561.0
1433160518325 1 533.0
1433160518659 0 3.0
1433160520283 0 6.0
1433160518600 1 561.0
1433160518425 1 533.0
1433160518759 0 3.0
1433160520383 0 6.0
1433160518700 1 561.0
1433160518802 1 561.0
1433160518525 1 533.0
1433160518860 0 3.0
1433160520483 0 6.0
1433160518902 1 561.0
1433160518626 1 533.0
1433160520583 0 6.0
1433160519004 1 561.0
1433160518727 1 533.0
1433160520684 0 6.0
1433160518960 0 3.0
1433160519060 0 3.0
1433160519105 1 561.0
1433160518827 1 533.0
1433160520784 0 6.0
1433160519206 1 561.0
1433160518927 1 533.0
1433160519162 0 3.0
1433160520884 0 6.0
1433160519306 1 561.0
1433160519028 1 533.0
1433160519263 0 3.0
1433160520984 0 6.0
1433160519128 1 533.0
1433160519364 0 3.0
1433160521084 0 6.0
1433160519408 1 561.0
1433160519228 1 533.0
1433160519465 0 3.0
1433160521184 0 6.0
1433160519510 1 561.0
1433160519328 1 533.0
1433160519567 0 3.0
1433160521285 0 6.0
1433160519611 1 561.0
1433160519428 1 533.0
1433160519669 0 3.0
1433160521385 0 6.0
1433160519712 1 561.0
1433160519529 1 533.0
1433160521485 0 6.0
1433160519770 0 3.0
1433160519816 1 561.0
1433160519630 1 533.0
1433160521585 0 6.0
1433160519872 0 3.0
1433160519917 1 561.0
1433160519730 1 533.0
1433160521685 0 6.0
1433160519972 0 3.0
1433160520018 1 561.0
1433160519830 1 533.0
1433160521785 0 6.0
1433160520072 0 3.0
1433160520118 1 561.0
1433160519930 1 533.0
1433160521886 0 6.0
1433160520174 0 3.0
1433160520220 1 561.0
1433160520030 1 533.0
1433160521986 0 6.0
1433160520277 0 3.0
1433160520322 1 561.0
1433160520130 1 533.0
1433160522086 0 6.0
1433160520378 0 3.0
1433160520426 1 561.0
1433160520231 1 533.0
1433160522187 0 6.0
1433160520478 0 3.0
1433160520527 1 561.0
1433160520331 1 533.0
1433160522287 0 6.0
1433160520581 0 3.0
1433160520629 1 561.0
1433160520431 1 533.0
1433160522388 0 6.0
1433160520681 0 3.0
1433160520531 1 533.0
1433160520730 1 561.0
1433160520831 1 561.0
1433160522488 0 6.0
1433160520782 0 5.0
1433160520631 1 533.0
1433160520933 1 561.0
1433160522588 0 6.0
1433160520884 0 13.0
1433160520732 1 533.0
1433160521034 1 561.0
1433160522689 0 33.0
1433160520984 0 140.0
1433160520836 1 533.0
1433160521136 1 561.0
1433160522789 0 323.0
1433160521086 0 168.0
1433160520936 1 533.0
1433160522890 0 365.0
1433160521186 0 505.0
1433160521037 1 533.0
1433160521237 1 561.0
1433160522991 0 519.0
1433160521288 0 449.0
1433160521138 1 533.0
1433160521339 1 561.0
1433160523091 0 519.0
1433160521389 0 632.0
1433160521238 1 533.0
1433160521442 1 561.0
1433160523191 0 561.0
1433160521489 0 632.0
1433160521339 1 533.0
1433160521543 1 561.0
1433160523291 0 561.0
1433160521590 0 632.0
1433160521440 1 533.0
1433160521646 1 561.0
1433160523392 0 561.0
1433160521690 0 632.0
1433160521541 1 533.0
1433160521747 1 561.0
1433160523492 0 561.0
1433160521790 0 632.0
1433160521642 1 533.0
1433160521847 1 561.0
1433160521948 1 561.0
1433160523592 0 561.0
1433160521890 0 632.0
1433160521991 0 632.0
1433160521743 1 533.0
1433160522050 1 561.0
1433160523693 0 561.0
1433160522092 0 632.0
1433160521843 1 533.0
1433160522152 1 561.0
1433160523793 0 561.0
1433160522193 0 632.0
1433160521943 1 533.0
1433160522254 1 561.0
1433160523893 0 561.0
1433160522293 0 632.0
1433160522043 1 533.0
1433160522395 0 632.0
1433160523994 0 561.0
1433160522143 1 533.0
1433160522356 1 561.0
1433160524094 0 561.0
1433160522495 0 632.0
1433160522244 1 533.0
1433160522459 1 561.0
1433160524195 0 561.0
1433160522597 0 632.0
1433160522343 1 533.0
1433160522560 1 561.0
1433160524296 0 561.0
1433160522698 0 632.0
1433160522444 1 533.0
1433160524396 0 561.0
1433160522661 1 561.0
1433160522764 1 561.0
1433160522800 0 632.0
1433160522545 1 533.0
1433160524496 0 561.0
1433160522865 1 561.0
1433160522901 0 632.0
1433160522645 1 533.0
1433160524596 0 561.0
1433160522745 1 533.0
1433160524696 0 561.0
1433160522967 1 561.0
1433160523002 0 632.0
1433160522846 1 533.0
1433160524796 0 561.0
1433160523068 1 561.0
1433160523103 0 632.0
1433160522946 1 533.0
1433160524896 0 561.0
1433160523168 1 561.0
1433160523204 0 632.0
1433160523046 1 533.0
1433160524996 0 561.0
1433160523272 1 561.0
1433160523307 0 632.0
1433160523146 1 533.0
1433160525097 0 561.0
1433160523372 1 561.0
1433160523409 0 632.0
1433160523246 1 533.0
1433160525198 0 561.0
1433160523473 1 561.0
1433160523346 1 533.0
1433160525302 0 561.0
1433160523575 1 561.0
1433160523446 1 533.0
1433160525403 0 561.0
1433160523678 1 561.0
1433160523547 1 533.0
1433160525503 0 561.0
1433160523779 1 561.0
1433160523647 1 533.0
1433160525603 0 561.0
1433160523881 1 561.0
1433160523511 0 632.0
1433160523613 0 632.0
1433160523713 0 632.0
1433160523814 0 632.0
1433160523916 0 632.0
1433160524015 0 632.0
1433160523747 1 533.0
1433160525703 0 561.0
1433160523982 1 561.0
1433160524116 0 632.0
1433160523847 1 533.0
1433160525803 0 561.0
1433160524083 1 561.0
1433160524218 0 632.0
1433160523947 1 533.0
1433160525903 0 561.0
1433160524186 1 561.0
1433160524047 1 533.0
1433160526003 0 561.0
1433160524288 1 561.0
1433160524320 0 632.0
1433160524147 1 533.0
1433160526103 0 561.0
1433160524389 1 561.0
1433160524420 0 632.0
1433160524247 1 533.0
1433160526203 0 561.0
1433160524489 1 561.0
1433160524590 1 561.0
1433160524522 0 632.0
1433160524347 1 533.0
1433160526303 0 561.0
1433160524692 1 561.0
1433160524623 0 632.0
1433160524447 1 533.0
1433160526404 0 561.0
1433160524794 1 561.0
1433160524725 0 632.0
1433160524547 1 533.0
1433160526504 0 561.0
1433160524894 1 561.0
1433160524829 0 632.0
1433160524648 1 533.0
1433160526605 0 561.0
1433160524995 1 561.0
1433160524931 0 632.0
1433160524748 1 533.0
1433160526706 0 561.0
1433160525096 1 561.0
1433160525033 0 632.0
1433160524848 1 533.0
1433160526806 0 561.0
1433160525134 0 632.0
1433160524948 1 533.0
1433160526906 0 561.0
1433160525198 1 561.0
1433160525237 0 632.0
1433160525048 1 533.0
1433160527007 0 561.0
1433160525299 1 561.0
1433160525338 0 632.0
1433160525149 1 533.0
1433160527107 0 561.0
1433160525400 1 561.0
1433160525438 0 632.0
1433160525249 1 533.0
1433160527208 0 561.0
1433160525502 1 561.0
1433160525539 0 632.0
1433160525349 1 533.0
1433160527308 0 561.0
1433160525605 1 561.0
1433160525639 0 632.0
1433160525450 1 533.0
1433160527408 0 561.0
1433160525708 1 561.0
1433160525741 0 632.0
1433160525550 1 533.0
1433160527508 0 561.0
1433160525809 1 561.0
1433160525842 0 632.0
1433160525650 1 533.0
1433160527609 0 561.0
1433160525909 1 561.0
1433160525945 0 632.0
1433160525750 1 533.0
1433160527708 0 561.0
1433160526010 1 561.0
1433160526046 0 632.0
1433160525850 1 533.0
1433160527808 0 561.0
1433160526111 1 561.0
1433160526211 1 561.0
1433160526147 0 632.0
1433160526249 0 632.0
1433160525950 1 533.0
1433160527909 0 561.0
1433160526312 1 561.0
1433160526351 0 632.0
1433160526050 1 533.0
1433160528009 0 561.0
1433160526414 1 561.0
1433160526451 0 632.0
1433160526150 1 533.0
1433160528109 0 561.0
1433160526515 1 561.0
1433160526552 0 632.0
1433160526251 1 533.0
1433160528209 0 561.0
1433160526652 0 632.0
1433160526350 1 533.0
1433160526617 1 561.0
1433160526450 1 533.0
1433160526721 1 561.0
1433160526754 0 632.0
1433160526550 1 533.0
1433160526822 1 561.0
1433160526856 0 632.0
1433160526651 1 533.0
1433160526924 1 561.0
1433160526751 1 533.0
1433160526959 0 632.0
1433160528309 0 561.0
1433160528409 0 561.0
1433160528509 0 561.0
1433160528609 0 561.0
1433160528710 0 561.0
1433160527026 1 561.0
1433160526851 1 533.0
1433160527060 0 632.0
1433160528811 0 561.0
1433160527127 1 561.0
1433160527228 1 561.0
1433160526951 1 533.0
1433160527162 0 632.0
1433160528911 0 561.0
1433160527330 1 561.0
1433160527051 1 533.0
1433160527263 0 632.0
1433160529011 0 561.0
1433160527431 1 561.0
1433160527151 1 533.0
1433160527365 0 632.0
1433160529111 0 561.0
1433160527533 1 561.0
1433160527252 1 533.0
1433160527465 0 632.0
1433160527565 0 632.0
1433160529211 0 561.0
1433160527635 1 561.0
1433160527352 1 533.0
1433160527667 0 632.0
1433160529311 0 561.0
1433160527737 1 561.0
1433160527452 1 533.0
1433160527767 0 632.0
1433160529411 0 561.0
1433160527552 1 533.0
1433160527868 0 632.0
1433160529511 0 561.0
1433160527839 1 561.0
1433160527652 1 533.0
1433160527970 0 632.0
1433160529611 0 561.0
1433160527943 1 561.0
1433160527752 1 533.0
1433160528071 0 632.0
1433160529712 0 561.0
1433160528044 1 561.0
1433160527852 1 533.0
1433160529811 0 561.0
1433160528145 1 561.0
1433160527953 1 533.0
1433160528173 0 632.0
1433160529911 0 561.0
1433160528246 1 561.0
1433160528054 1 533.0
1433160528274 0 632.0
1433160530012 0 561.0
1433160528348 1 561.0
1433160528155 1 533.0
1433160528375 0 632.0
1433160530112 0 561.0
1433160528450 1 561.0
1433160528255 1 533.0
1433160528477 0 632.0
1433160530212 0 561.0
1433160528355 1 533.0
1433160528552 1 561.0
1433160528578 0 632.0
1433160530313 0 561.0
1433160528456 1 533.0
1433160528653 1 561.0
1433160528679 0 632.0
1433160530413 0 561.0
1433160528556 1 533.0
1433160528757 1 561.0
1433160528779 0 632.0
1433160530513 0 561.0
1433160528656 1 533.0
1433160528858 1 561.0
1433160528959 1 561.0
1433160528880 0 632.0
1433160530613 0 561.0
1433160528756 1 533.0
1433160529059 1 561.0
1433160528983 0 632.0
1433160530713 0 561.0
1433160528857 1 533.0
1433160529161 1 561.0
1433160529084 0 632.0
1433160530813 0 561.0
1433160528957 1 533.0
1433160530913 0 561.0
1433160529185 0 632.0
1433160529057 1 533.0
1433160529262 1 561.0
1433160531013 0 561.0
1433160529285 0 632.0
1433160529158 1 533.0
1433160529364 1 561.0
1433160531113 0 561.0
1433160529389 0 632.0
1433160529258 1 533.0
1433160529465 1 561.0
1433160531213 0 561.0
1433160529492 0 632.0
1433160529359 1 533.0
1433160529566 1 561.0
1433160531313 0 561.0
1433160529593 0 632.0
1433160529459 1 533.0
1433160529667 1 561.0
1433160531413 0 561.0
1433160529694 0 632.0
1433160529559 1 533.0
1433160529769 1 561.0
1433160531513 0 561.0
1433160529794 0 632.0
1433160529659 1 533.0
1433160529873 1 561.0
1433160531614 0 561.0
1433160529895 0 632.0
1433160529760 1 533.0
1433160529975 1 561.0
1433160531714 0 561.0
1433160529996 0 632.0
1433160529860 1 533.0
1433160530076 1 561.0
1433160531814 0 561.0
1433160530097 0 632.0
1433160529960 1 533.0
1433160530177 1 561.0
1433160531914 0 561.0
1433160530198 0 632.0
1433160530061 1 533.0
1433160530278 1 561.0
1433160532015 0 561.0
1433160530299 0 632.0
1433160530400 0 632.0
1433160530161 1 533.0
1433160530379 1 561.0
1433160532115 0 561.0
1433160530499 0 632.0
1433160530262 1 533.0
1433160530480 1 561.0
1433160532215 0 561.0
1433160530602 0 632.0
1433160530362 1 533.0
1433160532315 0 561.0
1433160530582 1 561.0
1433160530705 0 632.0
1433160530462 1 533.0
1433160532415 0 561.0
1433160530682 1 561.0
1433160530807 0 632.0
1433160530562 1 533.0
1433160532516 0 561.0
1433160530787 1 561.0
1433160530909 0 632.0
1433160530662 1 533.0
1433160532616 0 561.0
1433160530887 1 561.0
1433160531009 0 632.0
1433160530762 1 533.0
1433160532717 0 561.0
1433160531111 0 632.0
1433160530988 1 561.0
1433160531091 1 561.0
1433160530862 1 533.0
1433160532818 0 561.0
1433160531192 1 561.0
1433160531213 0 632.0
1433160530962 1 533.0
1433160532918 0 561.0
1433160531293 1 561.0
1433160531315 0 632.0
1433160531062 1 533.0
1433160533018 0 561.0
1433160531418 0 632.0
1433160531162 1 533.0
1433160533118 0 561.0
1433160531395 1 561.0
1433160531518 0 632.0
1433160531263 1 533.0
1433160533218 0 561.0
1433160531497 1 561.0
1433160531619 0 632.0
1433160531363 1 533.0
1433160533319 0 561.0
1433160531599 1 561.0
1433160531721 0 632.0
1433160531464 1 533.0
1433160533418 0 561.0
1433160531699 1 561.0
1433160531565 1 533.0
1433160533518 0 561.0
1433160531800 1 561.0
1433160531823 0 632.0
1433160531664 1 533.0
1433160533619 0 561.0
1433160531901 1 561.0
1433160531927 0 632.0
1433160531765 1 533.0
1433160533720 0 561.0
1433160532004 1 561.0
1433160532028 0 632.0
1433160531866 1 533.0
1433160533821 0 561.0
1433160532105 1 561.0
1433160532129 0 632.0
1433160531966 1 533.0
1433160533921 0 561.0
1433160532208 1 561.0
1433160532229 0 632.0
1433160532067 1 533.0
1433160534021 0 561.0
1433160532311 1 561.0
1433160532331 0 632.0
1433160532168 1 533.0
1433160534122 0 561.0
1433160532412 1 561.0
1433160532431 0 632.0
1433160532269 1 533.0
1433160534222 0 561.0
1433160532513 1 561.0
1433160532531 0 632.0
1433160532369 1 533.0
1433160534322 0 561.0
1433160532615 1 561.0
1433160532632 0 632.0
1433160532470 1 533.0
1433160534423 0 561.0
1433160532715 1 561.0
1433160532817 1 561.0
1433160532733 0 632.0
1433160532569 1 533.0
1433160534523 0 561.0
1433160532918 1 561.0
1433160532834 0 632.0
1433160532669 1 533.0
1433160534625 0 561.0
1433160533020 1 561.0
1433160532938 0 632.0
1433160532769 1 533.0
1433160534726 0 561.0
1433160533122 1 561.0
1433160533038 0 632.0
1433160532870 1 533.0
1433160534827 0 561.0
1433160533140 0 632.0
1433160532970 1 533.0
1433160534927 0 561.0
1433160533223 1 561.0
1433160533244 0 632.0
1433160533070 1 533.0
1433160535028 0 561.0
1433160533324 1 561.0
1433160533345 0 632.0
1433160533171 1 533.0
1433160535128 0 561.0
1433160533427 1 561.0
1433160533446 0 632.0
1433160533271 1 533.0
1433160535228 0 561.0
1433160533528 1 561.0
1433160533548 0 632.0
1433160533371 1 533.0
1433160535328 0 561.0
1433160533631 1 561.0
1433160533649 0 632.0
1433160533471 1 533.0
1433160535428 0 561.0
1433160533732 1 561.0
1433160533749 0 632.0
1433160533572 1 533.0
1433160535528 0 561.0
1433160533835 1 561.0
1433160533851 0 632.0
1433160533673 1 533.0
1433160535629 0 561.0
1433160533938 1 561.0
1433160533952 0 632.0
1433160533774 1 533.0
1433160535729 0 561.0
1433160534037 1 561.0
1433160534054 0 632.0
1433160533874 1 533.0
1433160535830 0 561.0
1433160534141 1 561.0
1433160534155 0 632.0
1433160533973 1 533.0
1433160535929 0 561.0
1433160534241 1 561.0
1433160534256 0 632.0
1433160534073 1 533.0
1433160536029 0 561.0
1433160534342 1 561.0
1433160534356 0 632.0
1433160534174 1 533.0
1433160536129 0 561.0
1433160534444 1 561.0
1433160534456 0 632.0
1433160534558 0 632.0
1433160534274 1 533.0
1433160536230 0 561.0
1433160534548 1 561.0
1433160534659 0 632.0
1433160534375 1 533.0
1433160536330 0 561.0
1433160534649 1 561.0
1433160534761 0 632.0
1433160534474 1 533.0
1433160536430 0 561.0
1433160534751 1 561.0
1433160534862 0 632.0
1433160534575 1 533.0
1433160536530 0 561.0
1433160534855 1 561.0
1433160534963 0 632.0
1433160534676 1 533.0
1433160536631 0 561.0
1433160534957 1 561.0
1433160534776 1 533.0
1433160536732 0 561.0
1433160535058 1 561.0
1433160535158 1 561.0
1433160535064 0 632.0
1433160534876 1 533.0
1433160536833 0 561.0
1433160535165 0 632.0
1433160535266 0 632.0
1433160535259 1 561.0
1433160534977 1 533.0
1433160536934 0 561.0
1433160535360 1 561.0
1433160535076 1 533.0
1433160537035 0 561.0
1433160535462 1 561.0
1433160535368 0 632.0
1433160535176 1 533.0
1433160537136 0 561.0
1433160535468 0 632.0
1433160535568 0 632.0
1433160535276 1 533.0
1433160537236 0 561.0
1433160535564 1 561.0
1433160535376 1 533.0
1433160537336 0 561.0
1433160535669 0 632.0
1433160535476 1 533.0
1433160537436 0 561.0
1433160535774 0 632.0
1433160535576 1 533.0
1433160537536 0 561.0
1433160535664 1 561.0
1433160535766 1 561.0
1433160535875 0 632.0
1433160535866 1 561.0
1433160535677 1 533.0
1433160537638 0 561.0
1433160535976 0 632.0
1433160535971 1 561.0
1433160535777 1 533.0
1433160537738 0 561.0
1433160536079 0 632.0
1433160536073 1 561.0
1433160535877 1 533.0
1433160537838 0 561.0
1433160536181 0 632.0
1433160536174 1 561.0
1433160535977 1 533.0
1433160537939 0 561.0
1433160536283 0 632.0
1433160536275 1 561.0
1433160536077 1 533.0
1433160538039 0 561.0
1433160536385 0 632.0
