1432904134604 1 84.0
1432904134761 1 8.0
1432904134918 1 6.0
1432904135075 1 15.0
1432904135232 1 21.0
1432904135389 1 6.0
1432904135651 1 12.0
1432904135808 1 122.0
1432904135965 1 560.0
1432904136122 1 548.0
1432904136541 1 576.0
1432904141565 1 477.0
1432904142364 0 168.0
1432904141773 1 534.0
1432904142036 1 379.0
1432904142676 0 112.0
1432904142832 0 98.0
1432904142193 1 351.0
1432904142988 0 6.0
1432904142402 1 505.0
1432904143143 0 2.0
1432904142768 1 463.0
1432904143030 1 379.0
1432904143763 1 337.0
1432904144234 1 323.0
1432904145949 0 620.0
1432904145280 1 55.0
1432904145437 1 228.0
1432904146108 0 632.0
1432904145594 1 126.0
1432904145751 1 42.0
1432904145908 1 6.0
1432904148996 1 71.0
1432904149153 1 52.0
1432904149311 1 126.0
1432904150002 0 154.0
1432904150157 0 14.0
1432904150365 0 2.0
1432904149729 1 163.0
1432904149938 1 173.0
1432904150252 1 194.0
1432904150514 1 170.0
1432904152183 0 131.0
1432904151508 1 565.0
1432904151665 1 562.0
1432904152339 0 433.0
1432904152495 0 646.0
1432904160756 0 604.0
1432904160301 1 534.0
1432904161068 0 520.0
1432904161224 0 280.0
1432904161379 0 238.0
1432904160876 1 477.0
1432904161639 0 309.0
1432904161137 1 421.0
1432904161847 0 365.0
1432904162055 0 449.0
1432904162522 0 477.0
1432904161871 1 505.0
1432904162080 1 548.0
1432904162938 0 604.0
1432904165328 0 548.0
1432904164749 1 182.0
1432904165536 0 421.0
1432904164906 1 154.0
1432904165220 1 154.0
1432904165377 1 365.0
1432904166055 0 365.0
1432904166211 0 309.0
1432904165534 1 491.0
1432904166419 0 280.0
1432904165747 1 379.0
1432904165900 1 294.0
1432904166109 1 238.0
1432904166887 0 210.0
1432904166266 1 154.0
1432904166423 1 112.0
1432904167147 0 140.0
1432904167309 0 98.0
1432904166738 1 70.0
1432904167458 0 433.0
1432904166894 1 80.0
1432904167614 0 534.0
1432904167051 1 286.0
1432904167208 1 379.0
1432904167418 1 449.0
1432904168237 0 562.0
1432904167732 1 463.0
