1432848488294 1 1.0
1432848488494 1 1.0
1432848488694 1 1.0
1432848489990 0 5.0
1432848490562 0 2.0
1432848488894 1 1.0
1432848489094 1 1.0
1432848489293 1 1.0
1432848490716 0 2.0
1432848490873 0 4.0
1432848491029 0 6.0
1432848489493 1 1.0
1432848489693 1 1.0
1432848489894 1 1.0
1432848490094 1 1.0
1432848490294 1 1.0
1432848490494 1 1.0
1432848490693 1 1.0
1432848490894 1 1.0
1432848491093 1 1.0
1432848491293 1 1.0
1432848491493 1 1.0
1432848491693 1 1.0
1432848493831 0 2.0
1432848491894 1 1.0
1432848492094 1 1.0
1432848493987 0 2.0
1432848494142 0 2.0
1432848492294 1 1.0
1432848492494 1 1.0
1432848492693 1 1.0
1432848494296 0 2.0
1432848494559 0 2.0
1432848492893 1 1.0
1432848493093 1 1.0
1432848493294 1 1.0
1432848494869 0 2.0
1432848493494 1 1.0
1432848493694 1 1.0
1432848493894 1 1.0
1432848494094 1 1.0
1432848494294 1 1.0
1432848494494 1 1.0
1432848494693 1 1.0
1432848494893 1 1.0
1432848495094 1 1.0
1432848495294 1 1.0
1432848495493 1 1.0
1432848495693 1 1.0
1432848495894 1 1.0
1432848496094 1 1.0
1432848496293 1 1.0
1432848496493 1 1.0
1432848496693 1 1.0
1432848496893 1 1.0
1432848497094 1 1.0
1432848497294 1 1.0
1432848497494 1 1.0
1432848497693 1 1.0
1432848497894 1 1.0
1432848498093 1 1.0
1432848498293 1 1.0
1432848498494 1 1.0
1432848498694 1 1.0
1432848498894 1 1.0
1432848499094 1 1.0
1432848499294 1 1.0
1432848499494 1 1.0
1432848501513 0 2.0
1432848499694 1 1.0
1432848499894 1 1.0
1432848500093 1 1.0
1432848502394 0 2.0
1432848500293 1 1.0
1432848500493 1 1.0
1432848500694 1 1.0
1432848502550 0 4.0
1432848500894 1 0.0
1432848501094 1 0.0
1432848501294 1 0.0
1432848501494 1 0.0
1432848502705 0 6.0
1432848503019 0 4.0
1432848503225 0 6.0
1432848501694 1 1.0
1432848501894 1 1.0
1432848502094 1 1.0
1432848502293 1 1.0
1432848503691 0 2.0
1432848503849 0 2.0
1432848504004 0 5.0
1432848502494 1 1.0
1432848502694 1 0.0
1432848502894 1 1.0
1432848504420 0 4.0
1432848504730 0 5.0
1432848503094 1 1.0
1432848503294 1 1.0
1432848503494 1 1.0
1432848504882 0 5.0
1432848505510 0 5.0
1432848505717 0 2.0
1432848505925 0 2.0
1432848503694 1 1.0
1432848503894 1 1.0
1432848504093 1 1.0
1432848504293 1 1.0
1432848504493 1 1.0
1432848504694 1 1.0
1432848506080 0 2.0
1432848506236 0 2.0
1432848504894 1 0.0
1432848505094 1 0.0
1432848507119 0 2.0
1432848505294 1 1.0
1432848505494 1 0.0
1432848505694 1 1.0
1432848505894 1 1.0
1432848507430 0 2.0
1432848506093 1 0.0
1432848506293 1 1.0
1432848506494 1 1.0
1432848506694 1 2.0
1432848506894 1 1.0
1432848507093 1 1.0
1432848507294 1 7.0
1432848507494 1 9.0
1432848507694 1 10.0
1432848507893 1 10.0
1432848508094 1 10.0
1432848508294 1 9.0
1432848508494 1 9.0
1432848508694 1 9.0
1432848508894 1 9.0
1432848509094 1 10.0
1432848509294 1 10.0
1432848509493 1 10.0
1432848509693 1 10.0
1432848509893 1 10.0
1432848510094 1 10.0
1432848510294 1 10.0
1432848510493 1 10.0
1432848510694 1 10.0
1432848510894 1 10.0
1432848511094 1 10.0
1432848511294 1 10.0
1432848511494 1 10.0
1432848511693 1 10.0
1432848511893 1 10.0
1432848512093 1 9.0
1432848512294 1 9.0
1432848512494 1 10.0
1432848512694 1 10.0
1432848512894 1 11.0
1432848513094 1 12.0
1432848513294 1 10.0
1432848513494 1 12.0
1432848513693 1 13.0
1432848513893 1 10.0
1432848514094 1 10.0
1432848514293 1 71.0
1432848514493 1 19.0
1432848514694 1 18.0
1432848514894 1 9.0
1432848515094 1 10.0
1432848515294 1 10.0
1432848515493 1 9.0
1432848515694 1 9.0
1432848515894 1 9.0
1432848516094 1 9.0
1432848516294 1 9.0
1432848516494 1 10.0
1432848516694 1 9.0
1432848516894 1 5.0
1432848517252 1 1.0
1432848517293 1 1.0
1432848517493 1 1.0
1432848517693 1 1.0
1432848517893 1 1.0
1432848518093 1 1.0
1432848518293 1 1.0
