1432841279977 0 0.35434186458587646 2.5761611461639404 9.375694274902344
1432841280176 0 0.363918662071228 2.5282769203186035 9.308655738830566
1432841280376 0 0.3447650372982025 2.518700122833252 9.097966194152832
1432841281089 1 -0.7453053593635559 6.472388744354248 8.394492149353027
1432841281290 1 -0.7060787677764893 6.51161527633667 8.23758602142334
1432841281489 1 -0.4314925968647003 6.668521881103516 8.080678939819336
1432841280577 0 0.33518823981285095 2.5091233253479004 9.222464561462402
1432841280777 0 0.363918662071228 2.5282769203186035 9.279925346374512
1432841280977 0 0.38307225704193115 2.671929121017456 9.279925346374512
1432841281689 1 -0.509945809841156 6.629295349121094 8.159132957458496
1432841281890 1 0.9414383769035339 6.3154826164245605 7.9629998207092285
1432841282086 1 1.5690639019012451 5.256364345550537 8.355265617370605
1432841281178 0 0.3734954595565796 2.5474305152893066 9.27034854888916
1432841281378 0 0.40222588181495667 2.652775526046753 9.366117477416992
1432841281578 0 0.40222588181495667 2.738966703414917 10.007762908935547
1432841282295 1 1.5690639019012451 4.589511871337891 9.806650161743164
1432841282489 1 0.23535959422588348 6.001669883728027 7.609960079193115
1432841282687 1 -0.11767979711294174 6.197802543640137 7.923772811889648
1432841281779 0 -2.4899697303771973 2.7772738933563232 8.96389102935791
1432841282889 1 0.9022117853164673 5.609403610229492 8.23758602142334
1432841281978 0 -6.550535678863525 3.2369606494903564 6.282385349273682
1432841282179 0 -8.226476669311523 2.7006595134735107 1.8579005002975464
1432841283088 1 0.7060787677764893 5.0602312088012695 9.64974308013916
1432841283288 1 -0.7845319509506226 5.256364345550537 9.532063484191895
1432841283489 1 0.0784531980752945 5.766310214996338 7.727640151977539
1432841282379 0 -9.21288776397705 2.279279947280884 0.3064578175544739
1432841282579 0 -9.346963882446289 2.470816135406494 0.40222588181495667
1432841282779 0 -6.856993675231934 2.6431987285614014 4.156333923339844
1432841283689 1 -0.03922659903764725 5.491724014282227 9.13979721069336
1432841283888 1 0.11767979711294174 5.374043941497803 9.375157356262207
1432841284089 1 -0.19613298773765564 5.727083683013916 8.512171745300293
1432841282979 0 -5.458779811859131 2.691082715988159 6.282385349273682
1432841284289 1 0.7453053593635559 5.530950546264648 9.061344146728516
1432841283181 0 -3.2082302570343018 3.4763808250427246 8.437167167663574
1432841283381 0 -1.6855180263519287 2.6240451335906982 8.935160636901855
1432841283581 0 -2.499546527862549 2.604891538619995 9.921571731567383
1432841283783 0 -0.7948749661445618 2.6623523235321045 10.122684478759766
1432841284489 1 0.156906396150589 6.158576011657715 8.551398277282715
1432841284688 1 -0.27458620071411133 6.590068817138672 8.551398277282715
1432841284888 1 -0.11767979711294174 6.590068817138672 7.806093215942383
1432841283981 0 0.6991068720817566 3.179499864578247 9.797073364257812
1432841285088 1 -0.7845319509506226 7.060787677764893 7.178467750549316
1432841285288 1 -0.823758602142334 7.1000142097473145 7.453053951263428
1432841285490 1 -1.1375713348388672 7.217694282531738 7.296147346496582
1432841284181 0 0.7182605266571045 4.252102375030518 8.848969459533691
1432841284381 0 -0.08619125932455063 3.5913026332855225 8.101978302001953
1432841284581 0 4.683058738708496 -0.3447650372982025 11.195286750793457
1432841285691 1 -1.255251169204712 6.7077484130859375 8.276812553405762
1432841285890 1 -0.27458620071411133 6.825428009033203 6.7077484130859375
1432841284782 0 -1.9632453918457031 0.9002198576927185 7.038952827453613
1432841286089 1 -2.392822504043579 7.727640151977539 6.629295349121094
1432841284980 0 6.550535678863525 2.1547815799713135 12.354081153869629
1432841285182 0 -1.4939818382263184 0.9385270476341248 5.420472621917725
1432841286290 1 -0.7845319509506226 7.374600410461426 7.5315070152282715
1432841286490 1 -4.314925670623779 8.316039085388184 7.570733547210693
1432841285387 0 0.0 0.7374141216278076 5.123591423034668
1432841286690 1 0.9806649684906006 7.570733547210693 1.1375713348388672
1432841286889 1 1.4121575355529785 8.629851341247559 3.8834333419799805
1432841285581 0 7.163451671600342 2.2888567447662354 10.141838073730469
1432841285781 0 6.742072105407715 -2.0398597717285156 6.531382083892822
1432841287090 1 -1.45138418674469 9.179023742675781 2.392822504043579
1432841285982 0 -8.322244644165039 2.7676970958709717 3.974374771118164
1432841287290 1 -4.589511871337891 9.022117614746094 4.785645008087158
1432841287491 1 -5.295590877532959 8.472945213317871 4.82487154006958
1432841286183 0 -6.962338447570801 3.2561142444610596 4.807557106018066
1432841286383 0 -1.742978811264038 -5.286397457122803 5.07570743560791
1432841287691 1 -3.961886405944824 8.825984954833984 8.080678939819336
1432841286583 0 -0.2106897532939911 -3.2369606494903564 5.688623428344727
1432841287888 1 -2.471275806427002 8.551398277282715 7.217694282531738
1432841288090 1 -2.039783239364624 8.002225875854492 5.80553674697876
1432841286783 0 3.8594532012939453 4.003105163574219 11.693281173706055
1432841286983 0 5.851428985595703 2.126051187515259 12.258312225341797
1432841288291 1 -1.3729310035705566 8.080678939819336 3.961886405944824
1432841287184 0 6.349422931671143 -6.27280855178833 6.560112476348877
1432841288490 1 -1.1375713348388672 8.786758422851562 2.1574628353118896
1432841288690 1 -4.903325080871582 8.355265617370605 3.726526975631714
1432841287384 0 -0.45010992884635925 -7.747636795043945 1.3982137441635132
1432841287584 0 -7.374141216278076 1.1683704853057861 3.112462282180786
1432841288890 1 16.082904815673828 2.039783239364624 -10.081235885620117
1432841287785 0 0.6991068720817566 3.533841609954834 7.287950038909912
1432841289091 1 -20.005565643310547 10.63040828704834 16.945890426635742
1432841289291 1 -20.005565643310547 15.102240562438965 18.044235229492188
1432841287984 0 4.223371982574463 5.305551052093506 6.655880928039551
1432841288185 0 8.379706382751465 5.659893035888672 7.948749542236328
1432841289491 1 -0.3922659754753113 -0.19613298773765564 1.0591181516647339
1432841288386 0 -3.734954595565796 -0.1628057211637497 4.185064792633057
1432841288586 0 2.7676970958709717 2.1356279850006104 6.971915245056152
1432841289689 1 20.005565643310547 -2.2751426696777344 -17.024343490600586
1432841289889 1 -19.456392288208008 1.9221034049987793 9.45361042022705
1432841290089 1 -20.005565643310547 3.608847141265869 9.885103225708008
1432841288785 0 5.698200225830078 4.213795185089111 11.03248119354248
1432841288987 0 6.646304130554199 2.652775526046753 13.579912185668945
1432841289186 0 -8.092401504516602 0.40222588181495667 4.932055473327637
1432841290289 1 -20.005565643310547 11.689526557922363 4.197246074676514
1432841289387 0 -6.904877662658691 4.912901878356934 5.736507415771484
1432841289586 0 -6.607996463775635 -3.1028854846954346 2.183511972427368
1432841290488 1 7.217694282531738 4.314925670623779 -6.590068817138672
1432841290689 1 -0.19613298773765564 8.276812553405762 -1.2944778203964233
1432841290889 1 -2.1182363033294678 9.64974308013916 -1.8828767538070679
1432841289786 0 -6.531382083892822 -7.086836814880371 -2.0590133666992188
1432841289986 0 -6.512228488922119 -4.491522312164307 -3.2082302570343018
1432841291091 1 -0.823758602142334 9.728196144104004 -1.3337043523788452
1432841290186 0 -6.512228488922119 -0.47884035110473633 -0.5267243981361389
1432841290386 0 -7.134721279144287 -0.38307225704193115 3.8115692138671875
1432841291289 1 -6.903881549835205 8.002225875854492 5.177911281585693
1432841291487 1 -6.237029075622559 9.571290016174316 4.550285339355469
1432841290586 0 -2.9305028915405273 -8.992621421813965 2.63362193107605
1432841290786 0 5.027823448181152 -15.389928817749023 5.889736175537109
1432841291689 1 -6.001669883728027 9.845876693725586 2.6674087047576904
1432841291890 1 -4.785645008087158 8.590624809265137 -0.35303938388824463
1432841290987 0 6.14831018447876 -9.126696586608887 11.128249168395996
1432841291186 0 4.654327869415283 0.10534487664699554 8.89685344696045
1432841292090 1 -2.7066352367401123 9.257477760314941 -1.7651969194412231
1432841292290 1 -4.314925670623779 9.13979721069336 0.7453053593635559
1432841292489 1 -4.628738880157471 8.865211486816406 2.432049036026001
1432841292691 1 -5.0602312088012695 8.865211486816406 2.1182363033294678
1432841291388 0 2.279279947280884 4.07014274597168 8.341399192810059
1432841291589 0 1.9057846069335938 4.922478675842285 8.226476669311523
1432841292891 1 -4.589511871337891 8.316039085388184 3.255807638168335
1432841291789 0 3.3518824577331543 5.1810526847839355 7.182605266571045
1432841293089 1 -20.005565643310547 9.610516548156738 19.338712692260742
1432841293290 1 10.238142013549805 3.255807638168335 -4.864098072052002
1432841291988 0 4.060565948486328 4.63517427444458 7.469909191131592
1432841292189 0 5.39174222946167 4.290409564971924 7.173028469085693
1432841292389 0 5.123591423034668 4.4532151222229 6.694188117980957
1432841293489 1 14.00389575958252 2.2359161376953125 -3.3734874725341797
1432841293689 1 9.257477760314941 1.7651969194412231 1.8436501026153564
1432841292589 0 4.577713489532471 4.367023944854736 6.655880928039551
1432841292790 0 5.305551052093506 4.098873138427734 6.5696892738342285
1432841293889 1 -2.1182363033294678 7.845319747924805 11.807206153869629
1432841294090 1 -3.1381278038024902 8.551398277282715 6.629295349121094
1432841294290 1 -1.6082905530929565 7.5315070152282715 6.982334613800049
1432841294490 1 -1.1375713348388672 7.1392412185668945 7.609960079193115
1432841292990 0 7.738059997558594 1.8770540952682495 3.907337188720703
1432841293190 0 9.979032516479492 -0.8331822156906128 2.8826189041137695
1432841293390 0 -0.2777273952960968 -0.047884032130241394 0.07661445438861847
1432841293591 0 0.06703764945268631 0.40222588181495667 -5.066130638122559
1432841293790 0 -0.33518823981285095 0.14365209639072418 -9.2033109664917
1432841293991 0 -0.43095630407333374 0.019153613597154617 -10.295066833496094
1432841294689 1 -2.824315071105957 7.923772811889648 4.864098072052002
1432841294889 1 -2.1182363033294678 6.903881549835205 8.865211486816406
1432841295089 1 2.90276837348938 5.687856674194336 9.571290016174316
1432841294191 0 -0.49799394607543945 -0.009576806798577309 -10.611102104187012
1432841294391 0 -0.47884035110473633 0.05746084079146385 -10.678139686584473
1432841294591 0 -0.4884171485900879 -0.019153613597154617 -10.65898609161377
1432841295290 1 1.1767979860305786 5.766310214996338 9.100570678710938
1432841295491 1 0.11767979711294174 6.119349479675293 8.786758422851562
1432841295689 1 -1.1375713348388672 6.472388744354248 7.766866683959961
1432841294791 0 -0.4884171485900879 0.019153613597154617 -10.678139686584473
1432841294992 0 -0.507570743560791 0.028730420395731926 -10.697293281555176
1432841295192 0 -0.47884035110473633 0.028730420395731926 -10.706870079040527
1432841295890 1 0.19613298773765564 6.51161527633667 8.43371868133545
1432841296091 1 -0.03922659903764725 4.589511871337891 11.33648681640625
1432841296289 1 8.355265617370605 4.628738880157471 20.005565643310547
1432841296486 1 20.005565643310547 -15.141467094421387 20.005565643310547
1432841295393 0 -0.8236053586006165 0.4118026793003082 -10.946290016174316
1432841296689 1 20.005565643310547 5.217137813568115 20.005565643310547
1432841295593 0 -0.871489405632019 0.363918662071228 -10.362105369567871
1432841296887 1 18.27959442138672 3.334260940551758 20.005565643310547
1432841295793 0 -0.43095630407333374 -0.24899697303771973 -10.524910926818848
1432841295993 0 -0.2777273952960968 -0.26815059781074524 -11.080365180969238
1432841296193 0 -0.5267243981361389 -0.2106897532939911 -10.065223693847656
1432841296394 0 -0.8810662031173706 0.9864110946655273 -11.549629211425781
1432841297087 1 -20.005565643310547 -20.005565643310547 13.180137634277344
1432841297289 1 -20.005565643310547 -20.005565643310547 -20.005565643310547
1432841297491 1 20.005565643310547 16.945890426635742 20.005565643310547
1432841296594 0 -0.5841852426528931 0.13407529890537262 -10.60152530670166
1432841296794 0 -0.3734954595565796 -0.4884171485900879 -10.649409294128418
1432841296994 0 -0.9385270476341248 0.31603461503982544 -11.492168426513672
1432841297686 1 20.005565643310547 -0.823758602142334 20.005565643310547
1432841297887 1 -20.005565643310547 -15.729866027832031 9.64974308013916
1432841298087 1 -20.005565643310547 -18.47572898864746 -19.770206451416016
1432841297195 0 -0.2968810200691223 -0.26815059781074524 -9.998186111450195
1432841297395 0 -0.5363011956214905 0.6033388376235962 -11.099518775939941
1432841298288 1 20.005565643310547 -10.198915481567383 7.413827419281006
1432841298490 1 20.005565643310547 13.925442695617676 18.828767776489258
1432841297595 0 -0.6224924325942993 0.12449848651885986 -10.802638053894043
1432841298688 1 6.2762556076049805 4.667965412139893 19.417165756225586
1432841297795 0 -0.3734954595565796 -0.13407529890537262 -10.639832496643066
1432841297995 0 -0.8044517636299133 0.35434186458587646 -12.085929870605469
1432841298890 1 5.334817409515381 3.4127140045166016 7.727640151977539
1432841299088 1 14.00389575958252 -0.0784531980752945 20.005565643310547
1432841299286 1 -20.005565643310547 -10.748087882995605 -20.005565643310547
1432841298195 0 -0.33518823981285095 -0.5746083855628967 -10.716446876525879
1432841298396 0 -0.2298433631658554 -0.07661445438861847 -11.042057991027832
1432841299487 1 -4.001112937927246 -20.005565643310547 -0.823758602142334
1432841299688 1 20.005565643310547 20.005565643310547 2.5889556407928467
1432841298596 0 -0.009576806798577309 -0.3256114423274994 -9.816226959228516
1432841299888 1 -20.005565643310547 -20.005565643310547 -10.669634819030762
1432841300089 1 20.005565643310547 -19.417165756225586 9.767423629760742
1432841298796 0 -0.5554547905921936 1.0821791887283325 -13.177685737609863
1432841298996 0 -0.49799394607543945 0.3447650372982025 -10.917559623718262
1432841300288 1 20.005565643310547 16.5143985748291 20.005565643310547
1432841299195 0 -0.05746084079146385 -0.6512228846549988 -9.96945571899414
1432841300489 1 20.005565643310547 -1.6867437362670898 18.27959442138672
1432841300689 1 2.510502338409424 -8.786758422851562 15.023787498474121
1432841299396 0 0.047884032130241394 -0.507570743560791 -10.20887565612793
1432841299596 0 -0.3447650372982025 -0.019153613597154617 -11.08994197845459
1432841300890 1 -20.005565643310547 -2.471275806427002 -3.4911673069000244
1432841299797 0 -0.5937620401382446 0.4213795065879822 -10.78348445892334
1432841301090 1 -4.079566478729248 5.413270473480225 0.35303938388824463
1432841301289 1 2.7066352367401123 6.040896415710449 11.650300025939941
1432841299997 0 -0.3256114423274994 0.10534487664699554 -10.639832496643066
1432841300197 0 -0.38307225704193115 0.1149216815829277 -10.668562889099121
1432841301491 1 20.005565643310547 2.3143694400787354 7.649186611175537
1432841300397 0 -0.6991068720817566 0.507570743560791 -11.568782806396484
1432841301689 1 20.005565643310547 17.181249618530273 11.454167366027832
1432841301892 1 20.005565643310547 3.726526975631714 20.005565643310547
1432841300597 0 -1.1300631761550903 0.6033388376235962 -11.932701110839844
1432841300797 0 -0.7852981686592102 0.3064578175544739 -10.735600471496582
1432841302090 1 -3.7657535076141357 0.23535959422588348 11.022674560546875
1432841300998 0 -0.2968810200691223 -0.2585737705230713 -10.524910926818848
1432841302289 1 0.03922659903764725 4.040339469909668 11.218807220458984
1432841302490 1 2.3143694400787354 3.4519407749176025 15.023787498474121
1432841301198 0 -0.3734954595565796 0.1149216815829277 -10.668562889099121
1432841301398 0 -0.4692635238170624 0.019153613597154617 -10.668562889099121
1432841302691 1 3.961886405944824 4.079566478729248 10.355822563171387
1432841301598 0 -0.507570743560791 -0.038307227194309235 -10.687716484069824
1432841302888 1 4.903325080871582 3.4127140045166016 9.492836952209473
1432841303090 1 0.509945809841156 4.864098072052002 8.43371868133545
1432841301798 0 -0.5171475410461426 0.019153613597154617 -10.668562889099121
1432841301999 0 -0.5363011956214905 0.047884032130241394 -10.745177268981934
1432841303289 1 2.039783239364624 4.040339469909668 8.276812553405762
1432841302199 0 -0.49799394607543945 0.0 -10.668562889099121
1432841303490 1 0.9414383769035339 2.863541841506958 11.454167366027832
1432841303692 1 -3.0596747398376465 3.8049800395965576 9.21825122833252
1432841302399 0 -0.5650315880775452 -0.009576806798577309 -10.429142951965332
1432841302599 0 -0.45010992884635925 0.06703764945268631 -10.812214851379395
1432841303888 1 -1.019891619682312 2.471275806427002 10.198915481567383
1432841302799 0 0.38307225704193115 -0.13407529890537262 -10.591948509216309
1432841304088 1 -2.3143694400787354 3.648073673248291 9.492836952209473
1432841304288 1 -1.2160245180130005 3.4519407749176025 9.64974308013916
1432841302999 0 2.0877439975738525 -0.17238251864910126 -10.955866813659668
1432841303200 0 3.974374771118164 -1.0438719987869263 -10.448296546936035
1432841304488 1 -1.0591181516647339 2.785088539123535 10.238142013549805
1432841303400 0 7.939172744750977 -3.0550012588500977 -7.987056732177734
1432841304689 1 -1.3337043523788452 2.5497288703918457 10.002782821655273
1432841304888 1 -3.0596747398376465 3.4519407749176025 7.453053951263428
1432841303600 0 4.434061527252197 3.141192674636841 0.727837324142456
1432841303800 0 3.246537446975708 4.022258758544922 7.1251444816589355
1432841305088 1 -0.3922659754753113 0.7845319509506226 6.786201477050781
1432841304000 0 3.1028854846954346 5.295974254608154 7.316680431365967
1432841304201 0 7.661445617675781 4.587290287017822 8.83939266204834
1432841305288 1 0.11767979711294174 0.7845319509506226 10.787314414978027
1432841305488 1 0.11767979711294174 0.7845319509506226 10.63040828704834
1432841304400 0 -9.289502143859863 5.200206279754639 3.428496837615967
1432841305687 1 0.5491724014282227 0.0784531980752945 10.512728691101074
1432841304600 0 -7.201758861541748 5.39174222946167 1.2545616626739502
1432841304800 0 -6.6846113204956055 5.525817394256592 -1.8770540952682495
1432841305889 1 0.47071918845176697 -0.0784531980752945 10.473502159118652
1432841306087 1 0.11767979711294174 0.47071918845176697 10.669634819030762
1432841305000 0 1.9153614044189453 -2.0685901641845703 1.158793568611145
1432841306288 1 0.11767979711294174 0.7453053593635559 10.591181755065918
1432841306488 1 0.35303938388824463 0.47071918845176697 10.63040828704834
1432841305200 0 7.287950038909912 -6.847416877746582 6.196194171905518
1432841305400 0 6.71334171295166 -1.9536685943603516 10.515334129333496
1432841306689 1 0.5883989930152893 0.627625584602356 11.022674560546875
1432841305600 0 6.5696892738342285 3.485957622528076 10.170568466186523
1432841306890 1 0.35303938388824463 0.823758602142334 10.708861351013184
1432841307090 1 0.5491724014282227 0.0784531980752945 10.355822563171387
1432841305802 0 -1.015141487121582 4.922478675842285 7.4986395835876465
1432841306002 0 -2.7964274883270264 -0.38307225704193115 3.821146011352539
1432841307288 1 -0.156906396150589 0.6668521761894226 10.042009353637695
1432841306202 0 1.867477297782898 4.970362663269043 5.851428985595703
1432841307489 1 0.156906396150589 0.7453053593635559 10.591181755065918
1432841307690 1 0.156906396150589 0.7453053593635559 10.708861351013184
1432841306402 0 2.31758713722229 5.95677375793457 7.240066051483154
1432841306603 0 2.0590133666992188 5.640739440917969 7.757213592529297
1432841307890 1 0.11767979711294174 0.5883989930152893 10.669634819030762
1432841306802 0 3.332728862762451 6.780379295349121 5.4875102043151855
1432841308088 1 0.0784531980752945 0.627625584602356 10.669634819030762
1432841308289 1 0.627625584602356 0.7453053593635559 10.669634819030762
1432841307001 0 3.141192674636841 4.845864295959473 10.994174003601074
1432841307202 0 -7.412448406219482 6.665457725524902 -6.349422931671143
1432841308488 1 0.156906396150589 0.9022117853164673 10.63040828704834
1432841307402 0 5.171475887298584 -10.78348445892334 9.059659004211426
1432841308690 1 0.4314925968647003 0.7845319509506226 10.708861351013184
1432841308890 1 0.27458620071411133 0.823758602142334 10.748087882995605
1432841307602 0 -7.556100368499756 -15.437812805175781 5.123591423034668
1432841307802 0 -6.7708024978637695 -10.5344877243042 3.2082302570343018
1432841309089 1 0.627625584602356 0.9414383769035339 10.787314414978027
1432841308002 0 -6.5696892738342285 -14.815320014953613 -4.079719543457031
1432841309290 1 0.19613298773765564 0.9022117853164673 10.748087882995605
1432841309488 1 0.11767979711294174 0.823758602142334 10.473502159118652
1432841308202 0 -4.32871675491333 -15.399505615234375 -10.96544361114502
1432841308402 0 7.259219646453857 -12.919112205505371 -12.411541938781738
1432841309689 1 -0.03922659903764725 0.7845319509506226 10.277368545532227
1432841308603 0 5.679046630859375 -12.124237060546875 -7.920019149780273
1432841308802 0 6.311115741729736 -10.285490036010742 -7.067683219909668
1432841309890 1 -0.03922659903764725 0.7060787677764893 10.43427562713623
1432841310089 1 -0.0 0.7453053593635559 10.316595077514648
1432841310290 1 -0.0784531980752945 0.7453053593635559 10.277368545532227
1432841309002 0 6.464344501495361 -10.553641319274902 -5.7556610107421875
1432841309202 0 6.502651691436768 -6.100425720214844 -2.078166961669922
1432841310488 1 -0.11767979711294174 1.0591181516647339 10.316595077514648
1432841309403 0 6.512228488922119 -2.451662540435791 -3.8498764038085938
1432841310688 1 -0.11767979711294174 0.9414383769035339 10.591181755065918
1432841309603 0 -9.528923034667969 -12.36365795135498 -9.385271072387695
1432841310888 1 0.11767979711294174 1.019891619682312 10.591181755065918
1432841311088 1 0.156906396150589 0.823758602142334 10.512728691101074
1432841309803 0 3.361459255218506 -4.462791919708252 -2.183511972427368
1432841310003 0 -4.041412353515625 -11.166556358337402 -2.806004285812378
1432841311288 1 0.23535959422588348 0.8629851937294006 10.63040828704834
1432841310203 0 -5.889736175537109 -16.644489288330078 -14.97812557220459
1432841310213 0 -12.708422660827637 -18.090587615966797 -17.25740623474121
1432841310223 0 -16.117765426635742 -18.808849334716797 -16.82645034790039
1432841310233 0 -17.822437286376953 -19.172767639160156 -14.16409683227539
1432841310243 0 -18.674774169921875 -19.354726791381836 -10.362105369567871
1432841310253 0 -19.105730056762695 -19.421764373779297 -2.0877439975738525
1432841310263 0 -19.31641960144043 -19.479225158691406 3.9456443786621094
1432841310273 0 -19.421764373779297 -19.50795555114746 2.31758713722229
1432841310284 0 -19.479225158691406 -19.517532348632812 -3.313575267791748
1432841310294 0 -16.864757537841797 -19.527109146118164 -9.174580574035645
1432841310305 0 -4.596867084503174 -19.527109146118164 -14.355633735656738
1432841310314 0 7.469909191131592 -19.527109146118164 -16.94137191772461
1432841310324 0 13.503297805786133 -19.527109146118164 -13.579912185668945
1432841310334 0 16.519990921020508 -19.527109146118164 2.978386878967285
1432841310344 0 18.033126831054688 -19.527109146118164 11.262324333190918
1432841310354 0 18.789695739746094 -19.527109146118164 15.399505615234375
1432841310365 0 19.163190841674805 -19.297266006469727 17.468095779418945
1432841311490 1 -0.0784531980752945 1.2944778203964233 10.277368545532227
1432841311688 1 -0.03922659903764725 1.2944778203964233 10.708861351013184
1432841310375 0 19.354726791381836 -13.742717742919922 18.502389907836914
1432841310385 0 19.45049476623535 -7.163451671600342 16.05072784423828
1432841310395 0 19.49837875366211 -4.941632270812988 12.650961875915527
1432841310405 0 19.517532348632812 -5.947196960449219 8.389283180236816
1432841310416 0 16.87433433532715 -9.490615844726562 2.5282769203186035
1432841310425 0 9.059659004211426 -13.168108940124512 -4.175487995147705
1432841310435 0 -1.216254472732544 -16.34760856628418 -9.864110946655273
1432841310448 0 -10.371682167053223 -17.937358856201172 -13.503297805786133
1432841310456 0 -14.949395179748535 -18.732234954833984 -14.346056938171387
1432841310465 0 -17.238252639770508 -19.13446044921875 -12.382811546325684
1432841310476 0 -18.387468338012695 -19.335573196411133 -8.868123054504395
1432841310486 0 -18.962078094482422 -19.43134117126465 -4.01268196105957
1432841310496 0 -19.24938201904297 -19.479225158691406 1.5610195398330688
1432841310506 0 -19.393033981323242 -19.50795555114746 4.242525577545166
1432841310516 0 -19.460071563720703 -19.517532348632812 2.940079689025879
1432841310526 0 -19.49837875366211 -19.527109146118164 -1.4269442558288574
1432841310536 0 -19.517532348632812 -19.527109146118164 -7.182605266571045
1432841310546 0 -11.875240325927734 -19.527109146118164 -13.35964584350586
1432841310556 0 0.2968810200691223 -19.527109146118164 -16.443376541137695
1432841310566 0 9.921571731567383 -19.527109146118164 -17.98524284362793
1432841310576 0 14.72912883758545 -19.527109146118164 -9.232041358947754
1432841310586 0 17.13290786743164 -19.527109146118164 5.152322292327881
1432841310597 0 18.339584350585938 -19.527109146118164 12.344504356384277
1432841310607 0 18.94292449951172 -19.527109146118164 15.945383071899414
1432841310617 0 19.239805221557617 -16.060304641723633 17.74582290649414
1432841310627 0 19.393033981323242 -11.08994197845459 18.64604377746582
1432841310637 0 19.469648361206055 -6.722918510437012 11.827356338500977
1432841310647 0 19.50795555114746 -6.89530086517334 5.3342814445495605
1432841310657 0 14.7387056350708 -10.141838073730469 -0.22026655077934265
1432841310668 0 6.167463779449463 -13.962984085083008 -4.663905143737793
1432841310681 0 -10.869675636291504 -18.138471603393555 -11.022904396057129
1432841310691 0 -15.198391914367676 -18.83757972717285 -12.526463508605957
1432841310701 0 -17.362751007080078 -19.182344436645508 -10.764330863952637
1432841310711 0 -18.444929122924805 -19.354726791381836 -6.71334171295166
1432841310722 0 -18.990808486938477 -17.92778205871582 -2.6431987285614014
1432841310732 0 -19.25895881652832 -15.667655944824219 0.10534487664699554
1432841310742 0 -19.393033981323242 -15.284584045410156 0.31603461503982544
1432841310752 0 -19.460071563720703 -16.34760856628418 -2.1356279850006104
1432841310762 0 -19.49837875366211 -17.295713424682617 -6.732495307922363
1432841310772 0 -14.824896812438965 -16.95094871520996 -12.449849128723145
1432841310782 0 -7.374141216278076 -14.757859230041504 -15.993267059326172
1432841310792 0 2.078166961669922 -11.396400451660156 -17.73624610900879
1432841310803 0 10.812214851379395 -10.668562889099121 -15.294160842895508
1432841310813 0 15.179238319396973 -13.378799438476562 -2.2888567447662354
1432841310823 0 17.362751007080078 -16.184803009033203 8.628703117370605
1432841310833 0 18.454505920410156 -17.86074447631836 14.087482452392578
1432841310843 0 19.000385284423828 -14.173673629760742 16.81687355041504
1432841310853 0 19.268535614013672 -7.0772600173950195 18.17677879333496
1432841310863 0 19.402610778808594 -1.8770540952682495 18.856733322143555
1432841311888 1 0.6668521761894226 0.7453053593635559 11.022674560546875
1432841310874 0 19.469648361206055 1.091755986213684 15.37077522277832
1432841310884 0 19.50795555114746 0.8044517636299133 8.628703117370605
1432841310894 0 18.665197372436523 -2.1930887699127197 2.6623523235321045
1432841310904 0 13.599065780639648 -6.215347766876221 -2.0015525817871094
1432841310914 0 6.234501361846924 -10.381258964538574 -5.947196960449219
1432841310925 0 -1.8962076902389526 -14.958971977233887 -8.33182144165039
1432841310935 0 -10.409989356994629 -17.24782943725586 -9.710882186889648
1432841310945 0 -14.968548774719238 -18.387468338012695 -9.47146224975586
1432841310955 0 -17.24782943725586 -18.962078094482422 -7.029376029968262
1432841310965 0 -18.387468338012695 -19.24938201904297 -4.702212333679199
1432841310975 0 -18.962078094482422 -19.393033981323242 -1.723825216293335
1432841310991 0 -19.24938201904297 -18.981231689453125 -0.09576806426048279
1432841310996 0 -19.393033981323242 -17.697938919067383 0.6129156351089478
1432841311006 0 -19.460071563720703 -16.606182098388672 -0.545877993106842
1432841311016 0 -19.49837875366211 -15.85919189453125 -2.75812029838562
1432841311026 0 -19.517532348632812 -15.67723274230957 -6.617573261260986
1432841311036 0 -10.314221382141113 -15.600618362426758 -12.105083465576172
1432841311046 0 3.993528366088867 -17.56386375427246 -15.820884704589844
1432841311056 0 11.769895553588867 -18.550273895263672 -17.67878532409668
1432841311066 0 15.658079147338867 -19.038692474365234 -2.097320795059204
1432841311076 0 17.602170944213867 -19.287689208984375 8.724471092224121
1432841311086 0 18.569427490234375 -19.412187576293945 14.135366439819336
1432841311097 0 19.057846069335938 -19.469648361206055 16.836027145385742
1432841311107 0 19.297266006469727 -11.683704376220703 18.186355590820312
1432841311117 0 19.421764373779297 -6.6846113204956055 11.348516464233398
1432841311127 0 19.479225158691406 -4.146757125854492 2.31758713722229
1432841311137 0 17.266983032226562 -6.598419666290283 -3.00711727142334
1432841311147 0 9.299078941345215 -11.683704376220703 -8.149862289428711
1432841311157 0 -1.1013327836990356 -15.61019515991211 -11.951854705810547
1432841311167 0 -10.314221382141113 -17.573440551757812 -15.514427185058594
1432841311181 0 -17.228675842285156 -19.038692474365234 -15.552734375
1432841311191 0 -18.377891540527344 -19.287689208984375 -12.919112205505371
1432841311201 0 -18.95250129699707 -19.412187576293945 -7.728483200073242
1432841311211 0 -19.239805221557617 -17.48724937438965 -1.9823989868164062
1432841311221 0 -19.38345718383789 -18.11931800842285 1.1875240802764893
1432841311232 0 -19.460071563720703 -18.8280029296875 0.5841852426528931
1432841311242 0 -19.49837875366211 -19.182344436645508 -2.6815059185028076
1432841311252 0 -17.448942184448242 -19.354726791381836 -7.412448406219482
1432841311262 0 -9.02135181427002 -19.44091796875 -12.746729850769043
1432841311272 0 3.514688014984131 -19.488801956176758 -15.150507926940918
1432841311282 0 11.530475616455078 -19.50795555114746 -10.429142951965332
1432841311292 0 15.533580780029297 -19.517532348632812 4.434061527252197
1432841311302 0 17.535133361816406 -19.527109146118164 11.990161895751953
1432841311312 0 18.54069709777832 -19.50795555114746 15.763423919677734
1432841311325 0 19.038692474365234 -14.154520034790039 17.650054931640625
1432841311338 0 19.287689208984375 -5.276820659637451 18.59815788269043
1432841311343 0 19.412187576293945 -0.6033388376235962 17.74582290649414
1432841312088 1 0.4314925968647003 0.313812792301178 10.473502159118652
1432841311353 0 19.479225158691406 0.7852981686592102 10.812214851379395
1432841312288 1 0.5883989930152893 0.509945809841156 10.238142013549805
1432841311363 0 19.50795555114746 -2.145204782485962 2.9879636764526367
1432841312487 1 0.35303938388824463 0.0784531980752945 11.101127624511719
1432841312688 1 0.7453053593635559 0.7453053593635559 11.258033752441406
1432841311374 0 14.259865760803223 -8.101978302001953 -4.1180267333984375
1432841311384 0 5.20978307723999 -13.819332122802734 -9.548076629638672
1432841311394 0 -4.960785865783691 -16.673221588134766 -12.765883445739746
1432841311404 0 -12.248735427856445 -18.10016441345215 -14.48970890045166
1432841311414 0 -15.887922286987305 -18.81842613220215 -14.595053672790527
1432841311424 0 -17.707515716552734 -19.172767639160156 -10.60152530670166
1432841311434 0 -18.617311477661133 -19.354726791381836 -5.1331682205200195
1432841311444 0 -19.07699966430664 -19.44091796875 0.689530074596405
1432841311454 0 -19.306842803955078 -19.488801956176758 3.1220390796661377
1432841311464 0 -19.421764373779297 -19.50795555114746 2.4420857429504395
1432841311475 0 -19.479225158691406 -19.517532348632812 -1.1492167711257935
1432841311486 0 -18.215085983276367 -19.527109146118164 -6.655880928039551
1432841311496 0 -8.647856712341309 -19.527109146118164 -12.995726585388184
1432841311506 0 5.449203014373779 -19.527109146118164 -16.261417388916016
1432841311516 0 12.497733116149902 -19.527109146118164 -12.411541938781738
1432841311528 0 16.021997451782227 -19.527109146118164 3.4763808250427246
1432841311537 0 17.784130096435547 -16.960525512695312 11.511322021484375
1432841311547 0 18.665197372436523 -13.713987350463867 15.524003982543945
1432841311557 0 19.105730056762695 -5.353435039520264 17.535133361816406
1432841311567 0 19.32599639892578 1.7334020137786865 18.54069709777832
1432841311576 0 19.43134117126465 3.667917013168335 12.526463508605957
1432841311586 0 19.488801956176758 2.1164743900299072 5.1810526847839355
1432841311597 0 18.262969970703125 -2.911349296569824 -1.0630255937576294
1432841311607 0 10.90798282623291 -9.682151794433594 -6.224924564361572
1432841311617 0 0.7852981686592102 -14.604630470275879 -9.47146224975586
1432841311627 0 -8.78193187713623 -17.06587028503418 -11.204863548278809
1432841311637 0 -14.154520034790039 -18.30127716064453 -13.263877868652344
1432841311647 0 -16.845603942871094 -18.914194107055664 -12.239158630371094
1432841311657 0 -18.186355590820312 -19.220651626586914 -9.682151794433594
1432841311667 0 -18.856733322143555 -19.37388038635254 -2.1068975925445557
1432841311682 0 -19.364303588867188 -19.488801956176758 -0.19153612852096558
1432841311700 0 -19.45049476623535 -19.50795555114746 -0.9959878921508789
1432841311702 0 -19.488801956176758 -19.517532348632812 -3.8115692138671875
1432841311712 0 -16.40506935119629 -19.527109146118164 -8.983044624328613
1432841311723 0 -4.721365928649902 -19.527109146118164 -14.231135368347168
1432841311732 0 7.412448406219482 -19.527109146118164 -16.424222946166992
1432841311742 0 13.474567413330078 -19.527109146118164 -7.010222434997559
1432841311752 0 16.510414123535156 -19.527109146118164 6.2632317543029785
1432841311763 0 18.023550033569336 -17.37232780456543 12.899958610534668
1432841311773 0 18.780118942260742 -13.139378547668457 16.22311019897461
1432841311783 0 19.163190841674805 -2.8347349166870117 17.879898071289062
1432841311793 0 19.354726791381836 3.514688014984131 15.533580780029297
1432841311803 0 19.45049476623535 4.5394062995910645 8.02536392211914
1432841311813 0 19.49837875366211 2.1068975925445557 1.5897499322891235
1432841311823 0 14.968548774719238 -3.112462282180786 -4.156333923339844
1432841311833 0 6.301538944244385 -8.580819129943848 -8.245630264282227
1432841311844 0 -2.82515811920166 -13.66610336303711 -11.118672370910645
1432841311853 0 -11.176133155822754 -16.59660530090332 -14.231135368347168
1432841311863 0 -15.351621627807617 -18.061857223510742 -15.332468032836914
