1433024616180 0 14196.0
1433024616280 0 8919.0
1433024616380 0 4051.0
1433024616480 0 1110.0
1433024616580 0 561.0
1433024616680 0 2348.0
1433024616780 0 111.0
1433024616311 1 17.0
1433024616412 1 17.0
1433024616512 1 17.0
1433024616613 1 17.0
1433024616713 1 17.0
1433024616814 1 17.0
1433024616881 0 2474.0
1433024616980 0 4768.0
1433024617081 0 4768.0
1433024617181 0 5457.0
1433024617282 0 7075.0
1433024617382 0 5880.0
1433024616916 1 17.0
1433024617018 1 17.0
1433024617119 1 17.0
1433024617219 1 17.0
1433024617319 1 17.0
1433024617421 1 17.0
1433024617482 0 3952.0
1433024617582 0 3642.0
1433024617682 0 3910.0
1433024617783 0 4177.0
1433024617883 0 4472.0
1433024617984 0 4472.0
1433024617523 1 17.0
1433024617625 1 17.0
1433024617726 1 17.0
1433024617828 1 17.0
1433024617928 1 17.0
1433024618030 1 17.0
1433024618084 0 4472.0
1433024618185 0 4472.0
1433024618130 1 17.0
1433024618231 1 17.0
1433024618331 1 17.0
1433024618433 1 17.0
1433024618285 0 4472.0
1433024618385 0 4472.0
1433024618485 0 4472.0
1433024618534 1 17.0
1433024618585 0 4472.0
1433024618686 0 4472.0
1433024618786 0 4472.0
1433024618887 0 4472.0
1433024618987 0 4472.0
1433024619087 0 4585.0
1433024619187 0 33.0
1433024618635 1 17.0
1433024618736 1 17.0
1433024618836 1 17.0
1433024618938 1 17.0
1433024619038 1 17.0
1433024619138 1 17.0
1433024619240 1 17.0
1433024619341 1 22.0
1433024619287 0 18.0
1433024619387 0 18.0
1433024619487 0 18.0
1433024619588 0 18.0
1433024619442 1 22.0
1433024619544 1 22.0
1433024619646 1 22.0
1433024619688 0 18.0
1433024619788 0 18.0
1433024619888 0 18.0
1433024619748 1 22.0
1433024619850 1 22.0
1433024619952 1 22.0
1433024620053 1 22.0
1433024620154 1 22.0
1433024620255 1 22.0
1433024619988 0 18.0
1433024620088 0 18.0
1433024620188 0 18.0
1433024620288 0 18.0
1433024620388 0 18.0
1433024620489 0 18.0
1433024620589 0 18.0
1433024620356 1 22.0
1433024620458 1 22.0
1433024620559 1 34.0
1433024620658 1 34.0
1433024620690 0 18.0
1433024620790 0 18.0
1433024620890 0 18.0
1433024620759 1 179.0
1433024620860 1 1446.0
1433024620961 1 1954.0
1433024620990 0 18.0
1433024621090 0 18.0
1433024621190 0 14.0
1433024621063 1 2545.0
1433024621164 1 3121.0
1433024621265 1 3318.0
1433024621366 1 3895.0
1433024621467 1 5063.0
1433024621568 1 6006.0
1433024621290 0 14.0
1433024621391 0 14.0
1433024621492 0 14.0
1433024621592 0 14.0
1433024621669 1 6006.0
1433024621693 0 14.0
1433024621794 0 14.0
1433024621770 1 6006.0
1433024621870 1 6442.0
1433024621970 1 6906.0
1433024621894 0 14.0
1433024621994 0 14.0
1433024622094 0 14.0
1433024622194 0 14.0
1433024622071 1 6906.0
1433024622173 1 6906.0
1433024622274 1 6906.0
1433024622294 0 14.0
1433024622395 0 14.0
1433024622494 0 14.0
1433024622595 0 14.0
1433024622696 0 14.0
1433024622796 0 14.0
1433024622896 0 14.0
1433024622374 1 6259.0
1433024622475 1 6259.0
1433024622574 1 6259.0
1433024622674 1 6259.0
1433024622775 1 6259.0
1433024622876 1 6822.0
1433024622977 1 6822.0
1433024622996 0 14.0
1433024623098 0 14.0
1433024623199 0 14.0
1433024623298 0 14.0
1433024623398 0 14.0
1433024623498 0 14.0
1433024623079 1 7315.0
1433024623179 1 7822.0
1433024623279 1 7822.0
1433024623380 1 7822.0
1433024623482 1 7822.0
1433024623583 1 7822.0
1433024623599 0 14.0
1433024623699 0 14.0
1433024623800 0 14.0
1433024623900 0 14.0
1433024624000 0 14.0
1433024623684 1 7822.0
1433024623786 1 7822.0
1433024623887 1 7822.0
1433024623989 1 7822.0
1433024624090 1 7822.0
1433024624192 1 7822.0
1433024624100 0 14.0
1433024624200 0 14.0
1433024624301 0 14.0
1433024624401 0 14.0
1433024624501 0 14.0
1433024624601 0 14.0
1433024624294 1 7822.0
1433024624396 1 8314.0
1433024624496 1 8314.0
1433024624598 1 8314.0
1433024624699 1 8779.0
1433024624799 1 8779.0
1433024624701 0 14.0
1433024624802 0 14.0
1433024624902 0 14.0
1433024625002 0 14.0
1433024625102 0 14.0
1433024624900 1 8779.0
1433024625002 1 8779.0
1433024625104 1 8779.0
1433024625206 1 8779.0
1433024625307 1 8779.0
1433024625407 1 8779.0
1433024625203 0 14.0
1433024625303 0 14.0
1433024625403 0 14.0
1433024625503 0 14.0
1433024625604 0 14.0
1433024625704 0 14.0
1433024625805 0 14.0
1433024625905 0 14.0
1433024625507 1 8779.0
1433024625609 1 8779.0
1433024625710 1 8779.0
1433024625811 1 8779.0
1433024625912 1 8779.0
1433024626012 1 8272.0
1433024626005 0 14.0
1433024626106 0 14.0
1433024626206 0 14.0
1433024626306 0 14.0
1433024626406 0 14.0
1433024626506 0 14.0
1433024626113 1 8272.0
1433024626215 1 8272.0
1433024626317 1 8272.0
1433024626418 1 8272.0
1433024626519 1 8708.0
1433024626619 1 8708.0
1433024626607 0 14.0
1433024626707 0 14.0
1433024626807 0 14.0
1433024626908 0 14.0
1433024627008 0 14.0
1433024627108 0 14.0
1433024626720 1 8708.0
1433024626822 1 8708.0
1433024626924 1 8708.0
1433024627025 1 6710.0
1433024627126 1 5838.0
1433024627227 1 8258.0
1433024627208 0 14.0
1433024627308 0 14.0
1433024627408 0 14.0
1433024627508 0 14.0
1433024627608 0 14.0
1433024627708 0 14.0
1433024627328 1 6935.0
1433024627429 1 9158.0
1433024627529 1 11016.0
1433024627629 1 11016.0
1433024627730 1 7301.0
1433024627831 1 10974.0
1433024627932 1 12198.0
1433024627809 0 14.0
1433024627910 0 14.0
1433024628010 0 14.0
1433024628110 0 14.0
1433024628211 0 14.0
1433024628311 0 14.0
1433024628033 1 9524.0
1433024628134 1 10200.0
1433024628236 1 10200.0
1433024628337 1 12268.0
1433024628437 1 10059.0
1433024628538 1 9862.0
1433024628411 0 14.0
1433024628511 0 14.0
1433024628611 0 14.0
1433024628712 0 14.0
1433024628813 0 14.0
1433024628913 0 14.0
1433024628640 1 10593.0
1433024628742 1 14393.0
1433024628843 1 10945.0
1433024628945 1 10945.0
1433024629047 1 14098.0
1433024629148 1 9018.0
1433024629013 0 14.0
1433024629113 0 14.0
1433024629213 0 14.0
1433024629313 0 14.0
1433024629413 0 14.0
1433024629513 0 14.0
1433024629250 1 9412.0
1433024629351 1 12043.0
1433024629452 1 9130.0
1433024629552 1 9820.0
1433024629652 1 9144.0
1433024629753 1 12156.0
1433024629613 0 14.0
1433024629713 0 14.0
1433024629814 0 14.0
1433024629914 0 14.0
1433024630014 0 14.0
1433024630114 0 14.0
1433024630214 0 14.0
1433024629855 1 9285.0
1433024629956 1 9285.0
1433024630057 1 10608.0
1433024630159 1 8427.0
1433024630261 1 7456.0
1433024630363 1 8975.0
1433024630314 0 14.0
1433024630414 0 14.0
1433024630514 0 14.0
1433024630615 0 14.0
1433024630715 0 14.0
1433024630815 0 14.0
1433024630464 1 9777.0
1433024630564 1 9834.0
1433024630665 1 9834.0
1433024630766 1 11691.0
1433024630867 1 10059.0
1433024630968 1 9482.0
1433024630916 0 14.0
1433024631016 0 14.0
1433024631116 0 14.0
1433024631216 0 14.0
1433024631317 0 14.0
1433024631418 0 14.0
1433024631069 1 10875.0
1433024631170 1 8230.0
1433024631270 1 8230.0
1433024631370 1 10411.0
1433024631470 1 9327.0
1433024631572 1 9327.0
1433024631518 0 14.0
1433024631618 0 14.0
1433024631718 0 14.0
1433024631819 0 14.0
1433024631919 0 14.0
1433024632019 0 14.0
1433024631672 1 11115.0
1433024631773 1 9848.0
1433024631874 1 9173.0
1433024631975 1 10847.0
1433024632076 1 9890.0
1433024632178 1 9355.0
1433024632119 0 14.0
1433024632219 0 14.0
1433024632320 0 14.0
1433024632279 1 9862.0
1433024632380 1 9862.0
1433024632481 1 5880.0
1433024632582 1 3685.0
1433024632682 1 800.0
1433024632420 0 14.0
1433024632520 0 14.0
1433024632620 0 14.0
1433024632721 0 14.0
1433024632821 0 739.0
1433024632784 1 18.0
1433024632886 1 18.0
1433024632986 1 18.0
1433024632921 0 2743.0
1433024633022 0 4093.0
1433024633122 0 5008.0
1433024633087 1 18.0
1433024633189 1 18.0
1433024633291 1 18.0
1433024633223 0 2616.0
1433024633323 0 1293.0
1433024633423 0 1068.0
1433024633523 0 759.0
1433024633624 0 407.0
1433024633724 0 351.0
1433024633392 1 18.0
1433024633493 1 18.0
1433024633595 1 18.0
1433024633697 1 18.0
1433024633798 1 18.0
1433024633899 1 18.0
1433024633825 0 351.0
1433024633926 0 182.0
1433024634026 0 50.0
1433024634000 1 18.0
1433024634102 1 18.0
1433024634204 1 18.0
1433024634127 0 31.0
1433024634227 0 29.0
1433024634327 0 66.0
1433024634306 1 18.0
1433024634408 1 18.0
1433024634508 1 18.0
1433024634427 0 2657.0
1433024634527 0 5077.0
1433024634627 0 3629.0
1433024634727 0 2827.0
1433024634609 1 18.0
1433024634710 1 18.0
1433024634812 1 18.0
1433024634827 0 2194.0
1433024634927 0 1575.0
1433024635027 0 1392.0
1433024635127 0 900.0
1433024635227 0 689.0
1433024635327 0 506.0
1433024634913 1 18.0
1433024635015 1 18.0
1433024635116 1 18.0
1433024635217 1 18.0
1433024635319 1 18.0
1433024635421 1 18.0
1433024635521 1 18.0
1433024635427 0 238.0
1433024635527 0 506.0
1433024635628 0 717.0
1433024635729 0 632.0
1433024635829 0 295.0
1433024635930 0 674.0
1433024636030 0 900.0
1433024635622 1 18.0
1433024635724 1 18.0
1433024635825 1 18.0
1433024635927 1 18.0
1433024636026 1 18.0
1433024636128 1 18.0
1433024636131 0 1659.0
1433024636231 0 716.0
1433024636332 0 1195.0
1433024636432 0 646.0
1433024636532 0 829.0
1433024636632 0 3249.0
1433024636230 1 18.0
1433024636332 1 18.0
1433024636434 1 18.0
1433024636534 1 18.0
1433024636635 1 18.0
1433024636736 1 18.0
1433024636732 0 745.0
1433024636833 0 2601.0
1433024636933 0 3755.0
1433024636836 1 18.0
1433024636938 1 18.0
1433024637040 1 18.0
1433024637033 0 759.0
1433024637134 0 674.0
1433024637234 0 2081.0
1433024637334 0 1406.0
1433024637434 0 351.0
1433024637534 0 393.0
1433024637141 1 18.0
1433024637243 1 18.0
1433024637343 1 18.0
1433024637445 1 18.0
1433024637547 1 18.0
1433024637648 1 18.0
1433024637634 0 520.0
1433024637735 0 323.0
1433024637835 0 238.0
1433024637935 0 238.0
1433024638036 0 196.0
1433024638136 0 168.0
1433024637749 1 18.0
1433024637850 1 18.0
1433024637952 1 18.0
1433024638054 1 18.0
1433024638156 1 18.0
1433024638257 1 18.0
1433024638358 1 18.0
1433024638459 1 18.0
1433024638560 1 18.0
1433024638661 1 18.0
1433024638236 0 98.0
1433024638336 0 110.0
1433024638437 0 223.0
1433024638537 0 745.0
1433024638762 1 18.0
1433024638637 0 1392.0
1433024638863 1 18.0
1433024638737 0 1603.0
1433024638837 0 1237.0
1433024638938 0 942.0
1433024639038 0 618.0
1433024638964 1 18.0
1433024639067 1 18.0
1433024639168 1 18.0
1433024639269 1 18.0
1433024639138 0 674.0
1433024639239 0 632.0
1433024639339 0 632.0
1433024639440 0 604.0
1433024639370 1 18.0
1433024639471 1 18.0
1433024639572 1 18.0
1433024639673 1 18.0
1433024639540 0 534.0
1433024639640 0 534.0
1433024639741 0 576.0
1433024639774 1 18.0
1433024639875 1 18.0
1433024639841 0 576.0
1433024639942 0 492.0
1433024640042 0 267.0
1433024640142 0 98.0
1433024640242 0 40.0
1433024640342 0 26.0
1433024640442 0 26.0
1433024639976 1 18.0
1433024640077 1 18.0
1433024640177 1 18.0
1433024640277 1 18.0
1433024640378 1 18.0
1433024640479 1 18.0
1433024640579 1 18.0
1433024640680 1 18.0
1433024640542 0 26.0
1433024640642 0 28.0
1433024640743 0 657.0
1433024640843 0 182.0
1433024640944 0 3122.0
1433024641044 0 31.0
1433024641144 0 15.0
1433024641244 0 15.0
1433024641345 0 15.0
1433024641445 0 15.0
1433024641546 0 15.0
1433024640780 1 18.0
1433024640881 1 18.0
1433024640982 1 18.0
1433024641083 1 18.0
1433024641184 1 18.0
1433024641285 1 538.0
1433024641387 1 1588.0
1433024641488 1 2474.0
1433024641589 1 3516.0
1433024641689 1 4388.0
1433024641646 0 15.0
1433024641746 0 15.0
1433024641846 0 15.0
1433024641946 0 15.0
1433024642046 0 15.0
1433024642148 0 15.0
1433024641790 1 5303.0
1433024641892 1 5739.0
1433024641993 1 6555.0
1433024642093 1 7301.0
1433024642194 1 8469.0
1433024642295 1 9665.0
1433024642248 0 15.0
1433024642348 0 15.0
1433024642448 0 15.0
1433024642549 0 15.0
1433024642648 0 15.0
1433024642748 0 15.0
1433024642396 1 9665.0
1433024642498 1 9665.0
1433024642600 1 9665.0
1433024642701 1 9665.0
1433024642802 1 9665.0
1433024642904 1 9665.0
1433024642848 0 15.0
1433024642949 0 15.0
1433024643049 0 15.0
1433024643149 0 15.0
1433024643250 0 15.0
1433024643350 0 15.0
1433024643005 1 9665.0
1433024643106 1 9665.0
1433024643207 1 9665.0
1433024643308 1 10270.0
1433024643410 1 10270.0
1433024643511 1 10270.0
1433024643611 1 10946.0
1433024643451 0 15.0
1433024643551 0 15.0
1433024643652 0 15.0
1433024643752 0 15.0
1433024643712 1 10946.0
1433024643814 1 10946.0
1433024643914 1 10946.0
1433024643853 0 15.0
1433024643953 0 15.0
1433024644054 0 15.0
1433024644154 0 15.0
1433024644255 0 15.0
1433024644356 0 15.0
1433024644456 0 15.0
1433024644557 0 15.0
1433024644657 0 15.0
1433024644014 1 10946.0
1433024644115 1 10946.0
1433024644218 1 10946.0
1433024644318 1 10946.0
1433024644419 1 10946.0
1433024644520 1 10946.0
1433024644622 1 10341.0
1433024644723 1 10341.0
1433024644758 0 15.0
1433024644858 0 15.0
1433024644959 0 15.0
1433024645059 0 15.0
1433024645159 0 15.0
1433024645259 0 15.0
1433024644824 1 10341.0
1433024644925 1 10341.0
1433024645026 1 10341.0
1433024645128 1 10341.0
1433024645230 1 10341.0
1433024645332 1 10341.0
1433024645359 0 15.0
1433024645459 0 15.0
1433024645559 0 15.0
1433024645659 0 15.0
1433024645759 0 15.0
1433024645859 0 15.0
1433024645433 1 10341.0
1433024645535 1 10341.0
1433024645638 1 10341.0
1433024645740 1 10341.0
1433024645841 1 10903.0
1433024645943 1 10903.0
1433024645959 0 15.0
1433024646059 0 15.0
1433024646159 0 15.0
1433024646262 0 15.0
1433024646362 0 15.0
1433024646462 0 15.0
1433024646044 1 10903.0
1433024646146 1 10903.0
1433024646246 1 10903.0
1433024646350 1 10903.0
1433024646453 1 10903.0
1433024646554 1 11762.0
1433024646563 0 15.0
1433024646663 0 15.0
1433024646764 0 15.0
1433024646864 0 15.0
1433024646965 0 15.0
1433024647065 0 15.0
1433024646655 1 11762.0
1433024646758 1 11762.0
1433024646860 1 11762.0
1433024646960 1 11762.0
1433024647061 1 11762.0
1433024647162 1 11762.0
1433024647166 0 15.0
1433024647267 0 15.0
1433024647367 0 15.0
1433024647467 0 15.0
1433024647567 0 15.0
1433024647667 0 15.0
1433024647263 1 11762.0
1433024647364 1 11762.0
1433024647466 1 11762.0
1433024647568 1 11762.0
1433024647669 1 11762.0
1433024647770 1 11762.0
1433024647870 1 11762.0
1433024647767 0 15.0
1433024647868 0 15.0
1433024647968 0 15.0
1433024648069 0 15.0
1433024648169 0 15.0
1433024648270 0 15.0
1433024647971 1 11762.0
1433024648072 1 11016.0
1433024648174 1 11016.0
1433024648275 1 10383.0
1433024648376 1 9792.0
1433024648477 1 9792.0
1433024648370 0 9.0
1433024648578 1 9792.0
1433024648471 0 6.0
1433024648679 1 9792.0
1433024648571 0 6.0
1433024648780 1 9257.0
1433024648881 1 9257.0
1433024648671 0 5.0
1433024648771 0 4.0
1433024648871 0 4.0
1433024648971 0 4.0
1433024649071 0 4.0
1433024648983 1 9257.0
1433024649084 1 9257.0
1433024649186 1 9257.0
1433024649171 0 4.0
1433024649271 0 4.0
1433024649372 0 4.0
1433024649287 1 8750.0
1433024649388 1 8750.0
1433024649489 1 8750.0
1433024649590 1 8750.0
1433024649691 1 8750.0
1433024649793 1 8216.0
1433024649472 0 5.0
1433024649573 0 5.0
1433024649673 0 5.0
1433024649773 0 5.0
1433024649894 1 8216.0
1433024649873 0 6.0
1433024649996 1 8216.0
1433024649974 0 6.0
1433024650096 1 8216.0
1433024650074 0 6.0
1433024650175 0 6.0
1433024650276 0 6.0
