1433022702660 1 -0.15322890877723694 6.473921298980713 7.220912456512451
1433022702761 1 -0.08619125932455063 6.473921298980713 7.182605266571045
1433022702862 1 -0.05746084079146385 6.435614109039307 7.220912456512451
1433022702962 1 -0.24899697303771973 6.588842868804932 7.1921820640563965
1433022703062 1 -0.09576806426048279 6.45476770401001 7.259219646453857
1433022703162 1 -0.047884032130241394 6.493074893951416 7.2113356590271
1433022703262 1 -0.1628057211637497 6.521805286407471 7.144298076629639
1433022703363 1 -0.1628057211637497 6.502651691436768 7.01979923248291
1433022703463 1 -0.17238251864910126 6.426037311553955 7.249642848968506
1433022703563 1 0.05746084079146385 6.3973069190979 7.163451671600342
1433022703663 1 -0.181959331035614 6.57926607131958 7.364564418792725
1433022703763 1 -0.06703764945268631 6.512228488922119 7.058106422424316
1433022703864 1 -0.08619125932455063 6.464344501495361 7.364564418792725
1433022703964 1 -0.1628057211637497 6.473921298980713 7.058106422424316
1433022704065 1 -0.14365209639072418 6.493074893951416 7.1921820640563965
1433022704166 1 -0.028730420395731926 6.435614109039307 7.105990409851074
1433022704266 1 -0.06703764945268631 6.521805286407471 7.163451671600342
1433022704366 1 -0.13407529890537262 6.521805286407471 7.163451671600342
1433022704466 1 -0.019153613597154617 6.493074893951416 7.173028469085693
1433022704566 1 -0.06703764945268631 6.464344501495361 7.182605266571045
1433022704666 1 -0.06703764945268631 6.4834980964660645 7.115567684173584
1433022704766 1 -0.09576806426048279 6.464344501495361 7.249642848968506
1433022704867 1 -0.12449848651885986 6.4834980964660645 7.2113356590271
1433022704968 1 -0.028730420395731926 6.435614109039307 7.249642848968506
1433022705069 1 -0.1149216815829277 6.521805286407471 7.201758861541748
1433022705170 1 -0.07661445438861847 6.521805286407471 7.182605266571045
1433022705270 1 -0.08619125932455063 6.4834980964660645 7.182605266571045
1433022705370 1 -0.181959331035614 6.473921298980713 7.268796443939209
1433022705470 1 -0.09576806426048279 6.502651691436768 7.268796443939209
1433022705571 1 -0.09576806426048279 6.445190906524658 7.163451671600342
1433022705671 1 -0.1149216815829277 6.493074893951416 7.173028469085693
1433022705771 1 -0.181959331035614 6.378153324127197 7.364564418792725
1433022705872 1 -0.14365209639072418 6.339846134185791 7.307103633880615
1433022705972 1 -0.08619125932455063 6.301538944244385 7.287950038909912
1433022706073 1 -0.14365209639072418 6.339846134185791 7.354987621307373
1433022706172 1 -0.19153612852096558 6.349422931671143 7.393294811248779
1433022706273 1 -0.2298433631658554 6.339846134185791 7.316680431365967
1433022706373 1 -0.15322890877723694 6.3302693367004395 7.364564418792725
1433022706473 1 -0.2585737705230713 6.3302693367004395 7.307103633880615
1433022706574 1 -0.2298433631658554 6.234501361846924 7.393294811248779
1433022706674 1 -0.17238251864910126 6.311115741729736 7.354987621307373
1433022706774 1 -0.2585737705230713 6.3302693367004395 7.144298076629639
1433022706875 1 -0.31603461503982544 6.378153324127197 7.479485988616943
1433022706975 1 -0.2585737705230713 6.282385349273682 7.441178798675537
1433022707075 1 -0.181959331035614 6.311115741729736 6.981492042541504
1433022707176 1 -0.5650315880775452 6.617573261260986 7.2113356590271
1433022707276 1 -0.5267243981361389 6.521805286407471 6.89530086517334
1433022707376 1 -0.4405331015586853 6.4834980964660645 6.981492042541504
1433022707476 1 -0.5746083855628967 6.598419666290283 7.287950038909912
1433022707576 1 -0.5267243981361389 6.57926607131958 6.9240312576293945
1433022707676 1 -0.6416460275650024 6.636727333068848 7.096413612365723
1433022707777 1 -0.40222588181495667 6.789956092834473 7.0772600173950195
1433022707878 1 -0.6799532771110535 7.4316020011901855 9.050082206726074
1433022707979 1 -0.19153612852096558 7.201758861541748 7.479485988616943
1433022708080 1 1.7142484188079834 6.550535678863525 7.412448406219482
1433022708181 1 2.537853717803955 7.115567684173584 6.042964935302734
1433022708281 1 2.911349296569824 6.3973069190979 5.688623428344727
1433022708382 1 3.0358476638793945 6.339846134185791 3.3231520652770996
1433022708483 1 3.3039982318878174 6.904877662658691 0.8810662031173706
1433022708584 1 1.7717092037200928 5.765237808227539 1.091755986213684
1433022708684 1 -2.0015525817871094 4.932055473327637 8.695740699768066
1433022708785 1 -6.435614109039307 4.9799394607543945 14.652514457702637
1433022708886 1 -6.27280855178833 4.357447147369385 13.848062515258789
1433022708986 1 -3.9647979736328125 5.832275390625 6.205770969390869
1433022709086 1 4.434061527252197 4.663905143737793 -0.871489405632019
1433022709186 1 6.4834980964660645 5.0469770431518555 -0.6129156351089478
1433022709286 1 2.786850690841675 5.889736175537109 -0.9002198576927185
1433022709387 1 -5.315127849578857 6.722918510437012 4.587290287017822
1433022709488 1 -10.984597206115723 7.096413612365723 13.589488983154297
1433022709588 1 -8.40843677520752 7.048529624938965 8.753201484680176
1433022709688 1 -1.8579005002975464 6.751648902893066 1.7621324062347412
1433022709788 1 6.253654956817627 4.903325080871582 -1.6376339197158813
1433022709891 1 3.514688014984131 5.698200225830078 -0.38307225704193115
1433022709988 1 -3.8498764038085938 6.665457725524902 3.4572272300720215
1433022710089 1 -11.396400451660156 8.504204750061035 10.35252857208252
1433022710189 1 -9.634267807006836 7.4986395835876465 10.237606048583984
1433022710290 1 -1.9632453918457031 6.45476770401001 0.7182605266571045
1433022710390 1 6.445190906524658 4.922478675842285 -1.7621324062347412
1433022710490 1 3.0837318897247314 5.363011837005615 1.0247182846069336
1433022710592 1 -5.056553840637207 5.985504150390625 5.966350555419922
1433022710691 1 -8.935160636901855 5.688623428344727 10.553641319274902
1433022710791 1 -9.509769439697266 6.100425720214844 11.473014831542969
1433022710891 1 -5.171475887298584 6.14831018447876 5.228936672210693
1433022710991 1 3.936067581176758 5.4875102043151855 -0.8236053586006165
1433022711091 1 4.031835556030273 5.506663799285889 -1.2258312702178955
1433022711192 1 -1.9823989868164062 6.71334171295166 2.5282769203186035
1433022711292 1 -8.89685344696045 7.3454108238220215 7.766790390014648
1433022711392 1 -13.120224952697754 8.130708694458008 12.880805015563965
1433022711492 1 -3.4763808250427246 5.918466567993164 1.7142484188079834
1433022711592 1 7.0772600173950195 4.1180267333984375 -2.719813108444214
1433022711692 1 2.719813108444214 4.960785865783691 0.2585737705230713
1433022711792 1 -9.002198219299316 8.092401504516602 6.722918510437012
1433022711892 1 -11.856086730957031 8.829815864562988 11.233593940734863
1433022711993 1 -6.45476770401001 7.95832633972168 3.5721490383148193
1433022712093 1 3.4955344200134277 5.315127849578857 -1.5322890281677246
1433022712193 1 7.891288757324219 4.414907932281494 -2.8155810832977295
1433022712293 1 -1.3694833517074585 5.612008571624756 1.0342950820922852
1433022712393 1 -13.924676895141602 10.620678901672363 9.490615844726562
1433022712494 1 -8.868123054504395 8.561665534973145 6.282385349273682
1433022712594 1 1.9728221893310547 6.244078159332275 0.7374141216278076
1433022712694 1 9.011775016784668 3.3901896476745605 -3.064578056335449
1433022712794 1 2.011129379272461 4.616020679473877 -0.10534487664699554
1433022712894 1 -8.427590370178223 7.642292022705078 5.027823448181152
1433022712994 1 -11.894393920898438 8.59997272491455 10.007762908935547
1433022713094 1 -8.5903959274292 7.987056732177734 6.119579315185547
1433022713194 1 -0.38307225704193115 5.382165431976318 1.091755986213684
1433022713294 1 10.323798179626465 2.231395959854126 -2.6815059185028076
1433022713395 1 2.2026655673980713 4.750096321105957 -1.2832920551300049
1433022713496 1 -8.916007041931152 7.086836814880371 4.1180267333984375
1433022713596 1 -12.325350761413574 7.01979923248291 10.362105369567871
1433022713696 1 -10.400412559509277 7.201758861541748 7.814674377441406
1433022713796 1 -1.7142484188079834 5.497087001800537 0.9864110946655273
1433022713897 1 7.096413612365723 3.399766445159912 -2.4133553504943848
1433022713998 1 6.742072105407715 3.9647979736328125 -1.9919757843017578
1433022714098 1 -5.315127849578857 5.928043365478516 2.3080103397369385
1433022714199 1 -12.449849128723145 7.268796443939209 11.003750801086426
1433022714298 1 -9.691728591918945 5.9088897705078125 9.289502143859863
1433022714399 1 -8.983044624328613 7.038952827453613 5.525817394256592
1433022714500 1 1.3120225667953491 3.8115692138671875 -0.3256114423274994
1433022714600 1 11.836933135986328 0.9864110946655273 -4.4532151222229
1433022714700 1 2.1164743900299072 1.9919757843017578 -0.47884035110473633
1433022714800 1 -17.161638259887695 11.166556358337402 10.314221382141113
1433022714901 1 -11.587936401367188 9.126696586608887 6.885724067687988
1433022715002 1 -2.7772738933563232 6.818686485290527 -0.05746084079146385
1433022715102 1 9.346963882446289 2.6144683361053467 -1.4748282432556152
1433022715203 1 9.634267807006836 0.5937620401382446 -0.40222588181495667
1433022715302 1 -5.104437828063965 2.1164743900299072 1.4460978507995605
1433022715402 1 -18.377891540527344 12.823344230651855 14.288596153259277
1433022715502 1 -8.188169479370117 8.389283180236816 2.3558945655822754
1433022715602 1 0.6224924325942993 5.152322292327881 -0.3064578175544739
1433022715702 1 11.27190113067627 1.139639973640442 -3.1890766620635986
1433022715802 1 7.613561630249023 1.1013327836990356 0.0
1433022715903 1 -15.476119995117188 13.771448135375977 10.745177268981934
1433022716002 1 -4.568136692047119 8.877699851989746 5.640739440917969
1433022716103 1 2.6144683361053467 8.370129585266113 -5.142745018005371
1433022716203 1 0.5650315880775452 7.029376029968262 5.353435039520264
1433022716303 1 -1.800439715385437 8.877699851989746 4.587290287017822
1433022716403 1 -2.0398597717285156 8.724471092224121 3.706224203109741
1433022716504 1 -1.867477297782898 8.638279914855957 4.405331134796143
1433022716603 1 -1.4844050407409668 8.53293514251709 4.223371982574463
1433022716703 1 -1.1109095811843872 8.14028549194336 4.2329487800598145
1433022716803 1 -1.2066776752471924 7.910442352294922 4.759673118591309
1433022716904 1 -1.522712230682373 7.575253963470459 6.703764915466309
1433022717004 1 -1.0630255937576294 7.632715225219727 6.732495307922363
1433022717104 1 -0.7565677165985107 7.536946773529053 6.119579315185547
1433022717204 1 -0.4692635238170624 7.450755596160889 5.870582580566406
1433022717304 1 -0.9289502501487732 7.632715225219727 5.928043365478516
1433022717404 1 -0.7374141216278076 7.632715225219727 5.841852188110352
1433022717505 1 -0.7086837291717529 7.33583402633667 6.0621185302734375
1433022717606 1 -3.8307228088378906 9.53849983215332 4.261679172515869
1433022717706 1 0.8427590131759644 5.51624059677124 7.929595947265625
1433022717807 1 0.9768342971801758 5.631162166595459 7.527369976043701
1433022717912 1 -0.8427590131759644 6.473921298980713 8.226476669311523
1433022718012 1 -0.33518823981285095 6.57926607131958 7.709329605102539
1433022718113 1 1.3886369466781616 6.0621185302734375 6.89530086517334
1433022718213 1 0.5937620401382446 5.985504150390625 6.301538944244385
1433022718314 1 -0.5650315880775452 5.659893035888672 8.628703117370605
1433022718414 1 0.727837324142456 4.750096321105957 7.46033239364624
1433022718514 1 2.011129379272461 5.200206279754639 8.801085472106934
1433022718614 1 1.6950948238372803 6.617573261260986 7.987056732177734
1433022718714 1 4.108449935913086 6.847416877746582 5.736507415771484
1433022718815 1 1.4173674583435059 3.399766445159912 7.115567684173584
1433022718915 1 0.6224924325942993 1.8962076902389526 9.069235801696777
1433022719015 1 1.37906014919281 3.3231520652770996 4.960785865783691
1433022719115 1 -1.2449848651885986 -3.2848446369171143 15.543157577514648
1433022719215 1 3.869029998779297 -2.9305028915405273 17.496826171875
1433022719315 1 -4.462791919708252 -4.654327869415283 2.691082715988159
1433022719415 1 -17.74582290649414 -2.2218191623687744 5.822698593139648
1433022719515 1 -6.943184852600098 -4.2329487800598145 -2.38462495803833
1433022719616 1 10.457873344421387 0.4596867263317108 11.30063247680664
1433022719716 1 -15.811307907104492 -1.9536685943603516 -1.647210717201233
1433022719816 1 9.528923034667969 -14.4226713180542 8.389283180236816
1433022719916 1 -9.47146224975586 -3.07415509223938 -2.2026655673980713
1433022720017 1 7.01979923248291 -6.215347766876221 7.173028469085693
1433022720117 1 -9.653421401977539 0.727837324142456 3.6296098232269287
1433022720217 1 11.080365180969238 -5.803544998168945 9.423578262329102
1433022720318 1 -11.990161895751953 -1.5322890281677246 -0.507570743560791
1433022720419 1 11.453861236572266 -6.540958881378174 11.176133155822754
1433022720519 1 -11.836933135986328 1.091755986213684 0.545877993106842
1433022720619 1 7.642292022705078 -5.382165431976318 8.71489429473877
1433022720719 1 -0.6607996821403503 0.6320692300796509 3.667917013168335
1433022720819 1 -14.67166805267334 -2.873042106628418 -0.7757213711738586
1433022720919 1 9.030928611755371 3.773261785507202 12.02846908569336
1433022721020 1 -18.339584350585938 -3.5051112174987793 -4.414907932281494
1433022721120 1 8.724471092224121 2.0207061767578125 14.681244850158691
1433022721220 1 -13.15853214263916 -5.123591423034668 -6.167463779449463
1433022721320 1 11.348516464233398 5.784391403198242 16.23268699645996
1433022721420 1 -7.3454108238220215 3.19865345954895 -8.580819129943848
1433022721520 1 5.51624059677124 4.395754337310791 15.140931129455566
1433022721620 1 -2.7102363109588623 -6.856993675231934 17.448942184448242
1433022721720 1 15.619771957397461 7.814674377441406 -16.558298110961914
1433022721820 1 3.332728862762451 4.865017890930176 -13.053187370300293
1433022721920 1 1.599326729774475 -16.70195198059082 17.353174209594727
1433022722020 1 18.215085983276367 -2.3942017555236816 -13.828908920288086
1433022722120 1 15.67723274230957 -3.5434184074401855 -19.354726791381836
1433022722220 1 -2.537853717803955 -18.95250129699707 17.12333106994629
1433022722320 1 17.726669311523438 -2.0685901641845703 -15.207969665527344
1433022722420 1 18.128894805908203 0.05746084079146385 -19.105730056762695
1433022722520 1 -0.181959331035614 -16.127342224121094 14.499285697937012
1433022722620 1 12.210428237915039 -18.502389907836914 1.800439715385437
1433022722720 1 16.66364288330078 -3.179499864578247 -18.866310119628906
1433022722820 1 13.943830490112305 -15.629348754882812 -8.322244644165039
1433022722920 1 1.9345149993896484 -19.163190841674805 18.17677879333496
1433022723021 1 15.217546463012695 -17.764976501464844 -5.679046630859375
1433022723121 1 14.997279167175293 -2.3080103397369385 -19.096153259277344
1433022723221 1 17.630901336669922 -11.779472351074219 -12.60307788848877
1433022723321 1 -1.6950948238372803 -19.268535614013672 17.98524284362793
1433022723421 1 12.54561710357666 -13.168108940124512 -6.627150535583496
1433022723521 1 19.32599639892578 7.115567684173584 -19.1248836517334
1433022723621 1 9.816226959228516 -14.250288963317871 7.613561630249023
1433022723721 1 -18.41619873046875 -8.858546257019043 1.3407529592514038
1433022723822 1 17.697938919067383 7.709329605102539 7.182605266571045
1433022723922 1 -14.374787330627441 -8.523358345031738 -7.7763671875
1433022724023 1 10.47702693939209 -9.318233489990234 -1.9057846069335938
1433022724123 1 9.21288776397705 4.750096321105957 -7.613561630249023
1433022724224 1 -18.4066219329834 -6.627150535583496 3.227383852005005
1433022724324 1 16.682798385620117 4.2329487800598145 10.764330863952637
1433022724424 1 -10.036493301391602 -6.138733386993408 -7.287950038909912
1433022724524 1 6.914454460144043 -11.051634788513184 -6.023811340332031
1433022724624 1 -7.920019149780273 -1.1109095811843872 -7.3454108238220215
1433022724725 1 -2.5761611461639404 -3.1507694721221924 -3.064578056335449
1433022724825 1 -0.5363011956214905 1.158793568611145 -5.774814605712891
1433022724925 1 4.4532151222229 -5.679046630859375 -1.6280571222305298
1433022725025 1 -11.252747535705566 4.76924991607666 -7.862558364868164
1433022725125 1 13.369222640991211 0.1628057211637497 9.615114212036133
1433022725226 1 -11.425130844116211 6.89530086517334 -8.14028549194336
1433022725326 1 11.894393920898438 -2.030282974243164 2.911349296569824
1433022725426 1 -6.943184852600098 1.2832920551300049 -7.632715225219727
1433022725527 1 0.3734954595565796 -8.101978302001953 -2.7772738933563232
1433022725626 1 16.328454971313477 8.609549522399902 -1.3407529592514038
1433022725726 1 -17.017986297607422 -0.19153612852096558 1.8291701078414917
1433022725826 1 15.054739952087402 -4.299986362457275 8.858546257019043
1433022725926 1 -5.066130638122559 1.8100165128707886 -8.226476669311523
1433022726026 1 -10.8505220413208 0.0 0.8140285611152649
1433022726126 1 14.537592887878418 7.843404769897461 6.090848922729492
1433022726226 1 -16.855180740356445 2.5282769203186035 -1.0055646896362305
1433022726326 1 12.401965141296387 -6.445190906524658 10.639832496643066
1433022726426 1 -12.401965141296387 6.4834980964660645 -2.719813108444214
1433022726527 1 7.422025203704834 -5.564124584197998 5.382165431976318
1433022726627 1 -1.6184803247451782 8.676587104797363 4.845864295959473
1433022726727 1 -18.377891540527344 6.368576526641846 -0.09576806426048279
1433022726827 1 11.30063247680664 3.840299606323242 14.805743217468262
1433022726927 1 -16.05072784423828 1.867477297782898 -4.299986362457275
1433022727027 1 7.929595947265625 8.236053466796875 10.716446876525879
1433022727127 1 -16.845603942871094 -2.873042106628418 -2.0398597717285156
1433022727227 1 3.8977603912353516 -9.241618156433105 -2.6144683361053467
1433022727327 1 3.648763418197632 9.337387084960938 9.040505409240723
1433022727428 1 -17.650054931640625 0.3447650372982025 -5.018246650695801
1433022727528 1 14.259865760803223 -2.145204782485962 13.168108940124512
1433022727628 1 -7.680599212646484 -1.0247182846069336 0.5171475410461426
1433022727729 1 -9.002198219299316 1.3982137441635132 -0.7948749661445618
1433022727829 1 1.3982137441635132 7.000645637512207 10.84094524383545
1433022727929 1 -16.740259170532227 0.9481038451194763 -2.959233283996582
1433022728030 1 8.312667846679688 7.1251444816589355 13.924676895141602
1433022728130 1 -17.755399703979492 1.1683704853057861 -5.57370138168335
1433022728230 1 15.30373764038086 1.742978811264038 15.150507926940918
1433022728330 1 -10.27591323852539 3.3901896476745605 -1.7142484188079834
1433022728430 1 1.7812861204147339 0.6224924325942993 1.599326729774475
1433022728530 1 -1.216254472732544 4.788403511047363 9.059659004211426
1433022728630 1 -18.866310119628906 -1.1013327836990356 -3.332728862762451
1433022728730 1 13.608642578125 -0.7086837291717529 12.22000503540039
1433022728831 1 -10.860098838806152 5.037400245666504 0.3064578175544739
1433022728931 1 0.009576806798577309 2.1164743900299072 4.127603530883789
1433022729032 1 2.873042106628418 8.743624687194824 7.096413612365723
1433022729132 1 -10.467450141906738 5.315127849578857 -1.1875240802764893
1433022729233 1 -5.564124584197998 7.316680431365967 0.545877993106842
1433022729332 1 0.5363011956214905 9.059659004211426 4.807557106018066
1433022729433 1 -0.689530074596405 8.753201484680176 4.434061527252197
1433022729533 1 -2.250549554824829 8.59997272491455 3.8498764038085938
1433022729633 1 -1.9345149993896484 8.801085472106934 3.514688014984131
1433022729733 1 -1.4652514457702637 8.877699851989746 3.6583402156829834
1433022729834 1 -1.800439715385437 8.848969459533691 3.5434184074401855
1433022729934 1 -1.9632453918457031 8.647856712341309 3.7253777980804443
1433022730034 1 -1.8387469053268433 8.71489429473877 3.7445313930511475
1433022730134 1 -1.8579005002975464 8.791508674621582 3.6296098232269287
1433022730234 1 -1.7525556087493896 8.877699851989746 3.600879430770874
1433022730334 1 -1.8483237028121948 8.877699851989746 3.5242648124694824
1433022730434 1 -1.7046716213226318 8.772355079650879 3.6774938106536865
1433022730534 1 -1.5897499322891235 8.638279914855957 4.098873138427734
1433022730634 1 -2.7293899059295654 7.967903137207031 4.299986362457275
1433022730735 1 -3.19865345954895 6.45476770401001 5.65031623840332
1433022730835 1 -2.585737943649292 5.305551052093506 5.9088897705078125
1433022730935 1 0.31603461503982544 3.620033025741577 6.234501361846924
1433022731035 1 4.01268196105957 0.9768342971801758 9.327810287475586
1433022731135 1 5.564124584197998 -0.09576806426048279 12.660538673400879
1433022731235 1 4.7405195236206055 0.8236053586006165 9.433155059814453
1433022731335 1 2.3558945655822754 0.40222588181495667 9.117119789123535
1433022731435 1 2.0685901641845703 -1.0342950820922852 9.222464561462402
1433022731535 1 2.0877439975738525 -1.9057846069335938 9.691728591918945
1433022731636 1 2.5282769203186035 -3.7828385829925537 9.59596061706543
1433022731736 1 2.8634653091430664 -2.9496564865112305 9.040505409240723
1433022731836 1 3.179499864578247 -2.6815059185028076 13.254301071166992
1433022731936 1 1.800439715385437 -2.7676970958709717 8.494627952575684
1433022732036 1 1.8962076902389526 -2.231395959854126 10.237606048583984
1433022732136 1 0.545877993106842 -1.3024457693099976 12.612654685974121
1433022732236 1 0.028730420395731926 -0.2585737705230713 7.805097579956055
1433022732336 1 0.545877993106842 0.038307227194309235 9.950302124023438
1433022732437 1 0.45010992884635925 0.047884032130241394 9.720458984375
1433022732537 1 0.45010992884635925 0.06703764945268631 9.739612579345703
1433022732637 1 0.5363011956214905 0.019153613597154617 9.758766174316406
1433022732737 1 0.4884171485900879 0.047884032130241394 9.682151794433594
1433022732837 1 0.4118026793003082 0.028730420395731926 9.643844604492188
1433022732937 1 0.4596867263317108 0.047884032130241394 9.682151794433594
1433022733037 1 0.4405331015586853 0.09576806426048279 9.691728591918945
1433022733137 1 0.45010992884635925 0.038307227194309235 9.615114212036133
1433022733237 1 0.43095630407333374 0.07661445438861847 9.710882186889648
1433022733338 1 0.5937620401382446 0.0 9.768342971801758
1433022733438 1 0.363918662071228 0.1628057211637497 9.634267807006836
1433022733538 1 0.4596867263317108 0.038307227194309235 9.672574996948242
1433022733638 1 0.4405331015586853 0.038307227194309235 9.701305389404297
1433022733738 1 0.47884035110473633 0.05746084079146385 9.653421401977539
1433022733838 1 0.4884171485900879 0.13407529890537262 9.615114212036133
1433022733938 1 0.4692635238170624 0.05746084079146385 9.66299819946289
1433022734038 1 0.45010992884635925 0.047884032130241394 9.634267807006836
1433022734138 1 0.40222588181495667 0.06703764945268631 9.615114212036133
1433022734239 1 0.43095630407333374 0.08619125932455063 9.643844604492188
1433022734339 1 0.4118026793003082 0.07661445438861847 9.66299819946289
1433022734439 1 0.4596867263317108 0.05746084079146385 9.66299819946289
1433022734540 1 0.4692635238170624 0.10534487664699554 9.643844604492188
1433022734640 1 0.4596867263317108 0.047884032130241394 9.653421401977539
1433022734740 1 0.4213795065879822 0.09576806426048279 9.653421401977539
1433022734841 1 0.4692635238170624 0.08619125932455063 9.653421401977539
1433022734941 1 0.49799394607543945 0.019153613597154617 9.749189376831055
1433022735041 1 0.4692635238170624 0.05746084079146385 9.682151794433594
1433022735142 1 0.4213795065879822 0.07661445438861847 9.615114212036133
1433022735242 1 0.45010992884635925 0.09576806426048279 9.682151794433594
1433022735343 1 0.40222588181495667 0.038307227194309235 9.653421401977539
1433022735443 1 0.45010992884635925 0.038307227194309235 9.643844604492188
1433022735543 1 0.45010992884635925 0.047884032130241394 9.634267807006836
1433022735643 1 0.4405331015586853 0.038307227194309235 9.653421401977539
1433022735743 1 0.43095630407333374 0.05746084079146385 9.605537414550781
1433022735843 1 0.4118026793003082 0.038307227194309235 9.624691009521484
1433022735943 1 0.4692635238170624 0.09576806426048279 9.624691009521484
1433022736043 1 0.40222588181495667 0.06703764945268631 9.59596061706543
1433022736143 1 0.4692635238170624 0.07661445438861847 9.624691009521484
1433022736243 1 0.4692635238170624 0.028730420395731926 9.615114212036133
1433022736343 1 0.4596867263317108 0.028730420395731926 9.653421401977539
1433022736443 1 0.43095630407333374 0.038307227194309235 9.682151794433594
1433022736543 1 0.4884171485900879 0.038307227194309235 9.624691009521484
1433022736643 1 0.4405331015586853 0.05746084079146385 9.653421401977539
1433022736743 1 0.4405331015586853 0.05746084079146385 9.615114212036133
1433022736843 1 0.5171475410461426 0.09576806426048279 9.576807022094727
1433022736944 1 0.4405331015586853 0.038307227194309235 9.624691009521484
1433022737044 1 0.4118026793003082 0.07661445438861847 9.682151794433594
1433022737144 1 0.4596867263317108 0.1149216815829277 9.672574996948242
1433022737244 1 0.4692635238170624 0.0 9.653421401977539
1433022737344 1 0.3926490843296051 0.05746084079146385 9.701305389404297
1433022737444 1 0.49799394607543945 0.05746084079146385 9.682151794433594
1433022737544 1 0.4405331015586853 0.038307227194309235 9.653421401977539
1433022737644 1 0.38307225704193115 0.05746084079146385 9.643844604492188
1433022737744 1 0.4596867263317108 0.028730420395731926 9.691728591918945
1433022737845 1 0.507570743560791 0.06703764945268631 9.691728591918945
1433022737945 1 0.40222588181495667 0.05746084079146385 9.615114212036133
1433022738045 1 0.4884171485900879 0.07661445438861847 9.624691009521484
1433022738146 1 0.45010992884635925 0.09576806426048279 9.682151794433594
1433022738246 1 0.4596867263317108 0.08619125932455063 9.682151794433594
1433022738346 1 0.4405331015586853 0.009576806798577309 9.634267807006836
1433022738447 1 0.4692635238170624 0.028730420395731926 9.643844604492188
1433022738547 1 0.47884035110473633 0.038307227194309235 9.634267807006836
1433022738647 1 0.4596867263317108 0.08619125932455063 9.59596061706543
1433022738748 1 0.47884035110473633 0.10534487664699554 9.66299819946289
1433022738848 1 0.43095630407333374 0.047884032130241394 9.672574996948242
1433022738948 1 0.43095630407333374 0.05746084079146385 9.615114212036133
1433022739048 1 0.40222588181495667 0.07661445438861847 9.653421401977539
1433022739148 1 0.4692635238170624 0.038307227194309235 9.720458984375
1433022739248 1 0.3926490843296051 0.047884032130241394 9.643844604492188
1433022739348 1 0.4692635238170624 0.09576806426048279 9.576807022094727
1433022739448 1 0.45010992884635925 0.09576806426048279 9.66299819946289
1433022739549 1 0.4213795065879822 0.08619125932455063 9.653421401977539
1433022739648 1 0.4405331015586853 0.06703764945268631 9.59596061706543
1433022739748 1 0.4213795065879822 0.047884032130241394 9.634267807006836
1433022739848 1 0.40222588181495667 0.047884032130241394 9.643844604492188
1433022739948 1 0.49799394607543945 0.06703764945268631 9.605537414550781
1433022740048 1 0.47884035110473633 0.06703764945268631 9.672574996948242
1433022740148 1 0.4596867263317108 0.028730420395731926 9.653421401977539
1433022740248 1 0.4405331015586853 0.08619125932455063 9.672574996948242
1433022740348 1 0.4405331015586853 0.07661445438861847 9.634267807006836
1433022740448 1 0.4596867263317108 0.047884032130241394 9.710882186889648
1433022740548 1 0.4405331015586853 0.07661445438861847 9.643844604492188
1433022740648 1 0.40222588181495667 0.038307227194309235 9.653421401977539
1433022740748 1 0.4596867263317108 0.05746084079146385 9.710882186889648
1433022740848 1 0.38307225704193115 0.05746084079146385 9.634267807006836
1433022740948 1 0.4596867263317108 0.08619125932455063 9.739612579345703
1433022741049 1 0.45010992884635925 0.07661445438861847 9.682151794433594
1433022741149 1 0.4596867263317108 0.08619125932455063 9.66299819946289
1433022741249 1 0.4692635238170624 0.06703764945268631 9.643844604492188
1433022741349 1 0.47884035110473633 0.08619125932455063 9.691728591918945
1433022741449 1 0.4692635238170624 0.05746084079146385 9.701305389404297
1433022741550 1 0.43095630407333374 0.08619125932455063 9.653421401977539
1433022741650 1 0.4405331015586853 0.06703764945268631 9.672574996948242
1433022741750 1 0.4596867263317108 0.10534487664699554 9.672574996948242
1433022741850 1 0.49799394607543945 0.12449848651885986 9.66299819946289
1433022741950 1 0.43095630407333374 0.07661445438861847 9.710882186889648
1433022742050 1 0.4596867263317108 0.05746084079146385 9.653421401977539
1433022742150 1 0.4405331015586853 0.06703764945268631 9.653421401977539
1433022742250 1 0.4596867263317108 0.06703764945268631 9.66299819946289
1433022742350 1 0.4405331015586853 0.06703764945268631 9.701305389404297
1433022742451 1 0.43095630407333374 0.07661445438861847 9.730035781860352
1433022742551 1 0.4884171485900879 0.12449848651885986 9.653421401977539
1433022742651 1 0.45010992884635925 0.05746084079146385 9.682151794433594
1433022742751 1 0.38307225704193115 0.06703764945268631 9.634267807006836
1433022742851 1 0.43095630407333374 0.038307227194309235 9.672574996948242
1433022742952 1 0.49799394607543945 0.08619125932455063 9.653421401977539
1433022743052 1 0.43095630407333374 0.019153613597154617 9.624691009521484
1433022743152 1 0.43095630407333374 0.06703764945268631 9.720458984375
1433022743252 1 0.5171475410461426 0.08619125932455063 9.672574996948242
1433022743352 1 0.4596867263317108 0.06703764945268631 9.634267807006836
1433022743453 1 0.45010992884635925 0.06703764945268631 9.59596061706543
1433022743553 1 0.47884035110473633 0.05746084079146385 9.672574996948242
1433022743653 1 0.4213795065879822 0.019153613597154617 9.701305389404297
1433022743753 1 0.4118026793003082 0.05746084079146385 9.643844604492188
1433022743853 1 0.4405331015586853 0.047884032130241394 9.643844604492188
1433022743953 1 0.43095630407333374 0.019153613597154617 9.720458984375
1433022744053 1 0.45010992884635925 0.05746084079146385 9.59596061706543
1433022744153 1 0.45010992884635925 0.10534487664699554 9.634267807006836
1433022744253 1 0.43095630407333374 0.038307227194309235 9.691728591918945
1433022744353 1 0.43095630407333374 0.09576806426048279 9.59596061706543
1433022744454 1 0.4405331015586853 0.009576806798577309 9.615114212036133
1433022744554 1 0.4884171485900879 0.047884032130241394 9.682151794433594
1433022744654 1 0.45010992884635925 0.07661445438861847 9.682151794433594
1433022744754 1 0.4405331015586853 0.08619125932455063 9.567230224609375
1433022744854 1 0.47884035110473633 0.047884032130241394 9.643844604492188
1433022744954 1 0.507570743560791 0.028730420395731926 9.691728591918945
1433022745054 1 0.4213795065879822 0.08619125932455063 9.605537414550781
1433022745155 1 0.4596867263317108 0.047884032130241394 9.691728591918945
1433022745254 1 0.3926490843296051 0.038307227194309235 9.634267807006836
1433022745354 1 0.4213795065879822 0.08619125932455063 9.720458984375
1433022745455 1 0.4405331015586853 0.06703764945268631 9.653421401977539
1433022745554 1 0.4118026793003082 0.019153613597154617 9.672574996948242
1433022745654 1 0.43095630407333374 0.05746084079146385 9.720458984375
1433022745754 1 0.5363011956214905 0.1149216815829277 9.624691009521484
1433022745854 1 0.4118026793003082 0.047884032130241394 9.653421401977539
1433022745955 1 0.43095630407333374 0.05746084079146385 9.691728591918945
1433022746054 1 0.4405331015586853 0.05746084079146385 9.643844604492188
1433022746154 1 0.49799394607543945 0.07661445438861847 9.653421401977539
1433022746254 1 0.4596867263317108 0.06703764945268631 9.624691009521484
1433022746354 1 0.4405331015586853 0.13407529890537262 9.59596061706543
1433022746454 1 0.5171475410461426 0.07661445438861847 9.691728591918945
1433022746554 1 0.47884035110473633 0.05746084079146385 9.653421401977539
1433022746655 1 0.4405331015586853 0.019153613597154617 9.710882186889648
1433022746755 1 0.4692635238170624 0.05746084079146385 9.701305389404297
1433022746855 1 0.4213795065879822 0.028730420395731926 9.691728591918945
1433022746956 1 0.47884035110473633 0.047884032130241394 9.643844604492188
1433022747056 1 0.49799394607543945 0.09576806426048279 9.710882186889648
1433022747156 1 0.43095630407333374 0.038307227194309235 9.710882186889648
1433022747256 1 0.40222588181495667 0.07661445438861847 9.624691009521484
1433022747356 1 0.47884035110473633 0.07661445438861847 9.605537414550781
1433022747456 1 0.4692635238170624 0.07661445438861847 9.634267807006836
1433022747556 1 0.4596867263317108 0.09576806426048279 9.605537414550781
1433022747656 1 0.4596867263317108 0.08619125932455063 9.682151794433594
1433022747757 1 0.38307225704193115 0.07661445438861847 9.66299819946289
1433022747856 1 0.43095630407333374 0.06703764945268631 9.701305389404297
1433022747956 1 0.4596867263317108 0.09576806426048279 9.634267807006836
1433022748056 1 0.4118026793003082 0.06703764945268631 9.691728591918945
1433022748156 1 0.4213795065879822 0.09576806426048279 9.586383819580078
1433022748256 1 0.4405331015586853 0.08619125932455063 9.66299819946289
1433022748356 1 0.4692635238170624 0.07661445438861847 9.653421401977539
1433022748457 1 0.45010992884635925 0.0 9.691728591918945
1433022748557 1 0.47884035110473633 0.06703764945268631 9.59596061706543
1433022748657 1 0.4692635238170624 0.06703764945268631 9.672574996948242
1433022748758 1 0.45010992884635925 0.038307227194309235 9.605537414550781
1433022748858 1 0.4884171485900879 0.07661445438861847 9.653421401977539
1433022748958 1 0.4405331015586853 0.08619125932455063 9.682151794433594
1433022749058 1 0.4596867263317108 0.0 9.643844604492188
1433022749158 1 0.4405331015586853 0.047884032130241394 9.605537414550781
1433022749259 1 0.4405331015586853 0.09576806426048279 9.672574996948242
1433022749359 1 0.45010992884635925 0.05746084079146385 9.682151794433594
1433022749459 1 0.4596867263317108 0.06703764945268631 9.66299819946289
1433022749559 1 0.4692635238170624 0.1149216815829277 9.624691009521484
1433022749659 1 0.47884035110473633 0.09576806426048279 9.643844604492188
1433022749759 1 0.45010992884635925 0.0 9.682151794433594
1433022749859 1 0.4596867263317108 0.038307227194309235 9.682151794433594
1433022749959 1 0.4213795065879822 0.06703764945268631 9.682151794433594
1433022750060 1 0.4213795065879822 0.08619125932455063 9.624691009521484
1433022750160 1 0.4405331015586853 0.05746084079146385 9.643844604492188
1433022750260 1 0.4692635238170624 0.038307227194309235 9.710882186889648
1433022750360 1 0.4405331015586853 0.028730420395731926 9.624691009521484
1433022750460 1 0.4213795065879822 0.05746084079146385 9.682151794433594
1433022750560 1 0.43095630407333374 0.10534487664699554 9.653421401977539
1433022750660 1 0.4405331015586853 0.047884032130241394 9.586383819580078
1433022750760 1 0.507570743560791 0.06703764945268631 9.624691009521484
1433022750860 1 0.45010992884635925 0.038307227194309235 9.605537414550781
1433022750961 1 0.45010992884635925 0.05746084079146385 9.720458984375
1433022751061 1 0.4213795065879822 0.038307227194309235 9.66299819946289
1433022751161 1 0.4884171485900879 0.07661445438861847 9.653421401977539
1433022751261 1 0.43095630407333374 0.07661445438861847 9.634267807006836
1433022751361 1 0.38307225704193115 0.047884032130241394 9.66299819946289
1433022751461 1 0.45010992884635925 0.07661445438861847 9.691728591918945
1433022751561 1 0.4596867263317108 0.038307227194309235 9.66299819946289
1433022751661 1 0.4596867263317108 0.05746084079146385 9.653421401977539
1433022751761 1 0.47884035110473633 0.08619125932455063 9.634267807006836
1433022751861 1 0.4596867263317108 0.08619125932455063 9.643844604492188
1433022751961 1 0.4405331015586853 0.019153613597154617 9.701305389404297
1433022752062 1 0.3926490843296051 0.07661445438861847 9.691728591918945
1433022752162 1 0.4884171485900879 0.08619125932455063 9.653421401977539
1433022752262 1 0.43095630407333374 0.06703764945268631 9.643844604492188
1433022752362 1 0.40222588181495667 0.047884032130241394 9.653421401977539
1433022752462 1 0.45010992884635925 0.07661445438861847 9.634267807006836
1433022752562 1 0.4405331015586853 0.06703764945268631 9.682151794433594
1433022752662 1 0.45010992884635925 0.047884032130241394 9.586383819580078
1433022752762 1 0.4405331015586853 0.12449848651885986 9.701305389404297
1433022752862 1 0.4692635238170624 0.09576806426048279 9.701305389404297
1433022752962 1 0.4118026793003082 0.019153613597154617 9.66299819946289
1433022753062 1 0.43095630407333374 0.06703764945268631 9.624691009521484
1433022753162 1 0.47884035110473633 0.06703764945268631 9.66299819946289
1433022753262 1 0.40222588181495667 0.07661445438861847 9.682151794433594
1433022753363 1 0.4405331015586853 0.09576806426048279 9.624691009521484
1433022753463 1 0.45010992884635925 0.047884032130241394 9.682151794433594
1433022753563 1 0.43095630407333374 0.038307227194309235 9.672574996948242
1433022753663 1 0.4692635238170624 0.038307227194309235 9.653421401977539
1433022753764 1 0.4596867263317108 0.05746084079146385 9.615114212036133
1433022753865 1 0.43095630407333374 0.06703764945268631 9.643844604492188
1433022753964 1 0.4884171485900879 0.038307227194309235 9.66299819946289
1433022754065 1 0.47884035110473633 0.038307227194309235 9.605537414550781
1433022754164 1 0.4405331015586853 0.08619125932455063 9.586383819580078
1433022754264 1 0.45010992884635925 0.028730420395731926 9.720458984375
1433022754364 1 0.4118026793003082 0.047884032130241394 9.816226959228516
1433022754464 1 0.43095630407333374 0.07661445438861847 9.739612579345703
1433022754564 1 0.4692635238170624 0.08619125932455063 9.682151794433594
1433022754664 1 0.4213795065879822 0.009576806798577309 9.701305389404297
1433022754764 1 0.4596867263317108 0.047884032130241394 9.682151794433594
1433022754864 1 0.47884035110473633 0.08619125932455063 9.768342971801758
1433022754965 1 0.45010992884635925 0.05746084079146385 9.634267807006836
1433022755065 1 0.45010992884635925 0.06703764945268631 9.682151794433594
1433022755166 1 0.5267243981361389 0.06703764945268631 9.672574996948242
1433022755266 1 0.47884035110473633 0.06703764945268631 9.653421401977539
1433022755366 1 0.4405331015586853 0.038307227194309235 9.634267807006836
1433022755466 1 0.4596867263317108 0.08619125932455063 9.691728591918945
1433022755566 1 0.4213795065879822 0.038307227194309235 9.691728591918945
1433022755666 1 0.47884035110473633 0.14365209639072418 9.691728591918945
1433022755766 1 0.4692635238170624 0.07661445438861847 9.691728591918945
1433022755867 1 0.4884171485900879 0.07661445438861847 9.749189376831055
1433022755967 1 0.4884171485900879 0.047884032130241394 9.691728591918945
1433022756067 1 0.45010992884635925 0.019153613597154617 9.720458984375
1433022756167 1 0.4884171485900879 0.06703764945268631 9.682151794433594
1433022756267 1 0.43095630407333374 0.08619125932455063 9.653421401977539
1433022756371 1 0.4884171485900879 0.09576806426048279 9.739612579345703
1433022756471 1 0.47884035110473633 0.12449848651885986 9.576807022094727
1433022756572 1 0.43095630407333374 0.05746084079146385 9.653421401977539
1433022756672 1 0.4405331015586853 0.06703764945268631 9.576807022094727
1433022756772 1 0.49799394607543945 0.10534487664699554 9.710882186889648
1433022756872 1 0.4213795065879822 0.019153613597154617 9.730035781860352
1433022756972 1 0.43095630407333374 0.1149216815829277 9.710882186889648
1433022757072 1 0.4692635238170624 0.047884032130241394 9.59596061706543
1433022757172 1 0.4692635238170624 0.019153613597154617 9.605537414550781
1433022757272 1 0.4692635238170624 0.08619125932455063 9.653421401977539
1433022757373 1 0.4213795065879822 0.09576806426048279 9.66299819946289
