1433152931563 1 547.0
1433152933295 0 490.0
1433152931620 0 631.0
1433152931343 1 561.0
1433152931663 1 547.0
1433152933396 0 490.0
1433152931722 0 631.0
1433152931446 1 561.0
1433152931764 1 547.0
1433152933498 0 490.0
1433152931823 0 631.0
1433152931548 1 561.0
1433152931864 1 547.0
1433152933600 0 490.0
1433152931965 1 547.0
1433152933701 0 490.0
1433152931923 0 631.0
1433152932024 0 631.0
1433152931649 1 561.0
1433152931750 1 561.0
1433152932065 1 547.0
1433152933802 0 490.0
1433152932126 0 631.0
1433152932165 1 547.0
1433152933905 0 490.0
1433152932228 0 631.0
1433152931850 1 561.0
1433152931951 1 561.0
1433152932265 1 547.0
1433152934006 0 490.0
1433152932330 0 631.0
1433152932051 1 561.0
1433152932365 1 547.0
1433152934108 0 490.0
1433152932431 0 631.0
1433152932153 1 561.0
1433152932465 1 547.0
1433152934210 0 490.0
1433152932254 1 561.0
1433152932565 1 547.0
1433152934313 0 490.0
1433152932532 0 631.0
1433152932356 1 561.0
1433152932665 1 547.0
1433152934415 0 490.0
1433152932632 0 631.0
1433152932733 0 631.0
1433152932457 1 561.0
1433152932765 1 547.0
1433152934517 0 490.0
1433152932833 0 631.0
1433152932559 1 561.0
1433152932865 1 547.0
1433152934619 0 490.0
1433152932935 0 631.0
1433152932660 1 561.0
1433152932965 1 547.0
1433152934720 0 490.0
1433152933036 0 631.0
1433152932761 1 561.0
1433152933066 1 547.0
1433152934823 0 490.0
1433152933137 0 631.0
1433152932862 1 561.0
1433152933166 1 547.0
1433152934924 0 490.0
1433152933238 0 631.0
1433152932964 1 561.0
1433152933266 1 547.0
1433152935024 0 490.0
1433152933340 0 631.0
1433152933065 1 561.0
1433152933366 1 547.0
1433152935125 0 490.0
1433152933441 0 631.0
1433152933167 1 561.0
1433152933467 1 547.0
1433152935226 0 490.0
1433152933542 0 631.0
1433152933267 1 561.0
1433152933567 1 547.0
1433152935327 0 490.0
1433152933643 0 631.0
1433152933369 1 561.0
1433152933667 1 547.0
1433152935427 0 490.0
1433152933745 0 631.0
1433152933470 1 561.0
1433152933767 1 547.0
1433152935528 0 490.0
1433152933847 0 631.0
1433152933572 1 561.0
1433152933867 1 547.0
1433152935629 0 490.0
1433152933949 0 631.0
1433152933674 1 561.0
1433152933968 1 547.0
1433152935731 0 490.0
1433152934050 0 631.0
1433152933774 1 561.0
1433152934067 1 547.0
1433152935832 0 490.0
1433152934152 0 631.0
1433152933875 1 561.0
1433152934168 1 547.0
1433152935933 0 490.0
1433152934253 0 631.0
1433152933977 1 561.0
1433152934268 1 547.0
1433152936033 0 490.0
1433152934355 0 631.0
1433152934077 1 561.0
1433152934368 1 547.0
1433152936135 0 490.0
1433152934456 0 631.0
1433152934177 1 561.0
1433152934468 1 547.0
1433152936237 0 490.0
1433152934558 0 631.0
1433152934278 1 561.0
1433152934569 1 547.0
1433152936339 0 490.0
1433152934659 0 631.0
1433152934380 1 561.0
1433152934669 1 547.0
1433152936440 0 490.0
1433152934761 0 631.0
1433152934482 1 561.0
1433152934770 1 547.0
1433152936542 0 490.0
1433152934860 0 631.0
1433152934583 1 561.0
1433152934870 1 547.0
1433152936644 0 490.0
1433152934962 0 631.0
1433152934685 1 561.0
1433152934970 1 547.0
1433152936747 0 490.0
1433152935063 0 631.0
1433152934786 1 561.0
1433152935070 1 547.0
1433152936848 0 490.0
1433152935165 0 631.0
1433152934887 1 561.0
1433152935170 1 547.0
1433152936950 0 490.0
1433152935267 0 631.0
1433152934987 1 561.0
1433152935270 1 547.0
1433152937052 0 490.0
1433152935368 0 631.0
1433152935089 1 561.0
1433152935370 1 547.0
1433152937152 0 490.0
1433152935469 0 631.0
1433152935190 1 561.0
1433152935470 1 547.0
1433152937254 0 490.0
1433152935571 0 631.0
1433152935292 1 561.0
1433152935570 1 547.0
1433152937356 0 490.0
1433152935672 0 631.0
1433152935393 1 561.0
1433152935670 1 547.0
1433152937457 0 490.0
1433152935773 0 631.0
1433152935493 1 561.0
1433152935770 1 547.0
1433152937558 0 490.0
1433152935874 0 631.0
1433152935871 1 547.0
1433152937660 0 490.0
1433152935976 0 631.0
1433152935593 1 561.0
1433152935693 1 561.0
1433152935971 1 547.0
1433152937761 0 490.0
1433152936078 0 631.0
1433152936072 1 547.0
1433152937863 0 490.0
1433152936180 0 631.0
1433152936172 1 547.0
1433152935793 1 561.0
1433152937964 0 490.0
1433152936281 0 631.0
1433152935894 1 561.0
1433152936272 1 547.0
1433152938066 0 490.0
1433152936382 0 631.0
1433152935994 1 561.0
1433152936372 1 547.0
1433152938167 0 490.0
1433152936483 0 631.0
1433152936094 1 561.0
1433152936473 1 547.0
1433152938269 0 490.0
1433152936584 0 631.0
1433152936194 1 561.0
1433152936294 1 561.0
1433152936573 1 547.0
1433152938370 0 490.0
1433152936395 1 561.0
1433152936673 1 547.0
1433152938472 0 490.0
1433152936495 1 561.0
1433152936773 1 547.0
1433152936685 0 631.0
1433152936785 0 631.0
1433152938574 0 490.0
1433152936886 0 631.0
1433152936873 1 547.0
1433152938676 0 490.0
1433152936987 0 631.0
1433152936974 1 547.0
1433152936595 1 561.0
1433152938777 0 490.0
1433152936696 1 561.0
1433152937089 0 631.0
1433152937074 1 547.0
1433152938879 0 490.0
1433152936796 1 561.0
1433152937191 0 631.0
1433152937175 1 547.0
1433152936896 1 561.0
1433152938981 0 490.0
1433152937293 0 631.0
1433152937275 1 547.0
1433152939083 0 490.0
1433152936996 1 561.0
1433152937096 1 561.0
1433152937375 1 547.0
1433152937395 0 631.0
1433152939183 0 490.0
1433152937196 1 561.0
1433152937475 1 547.0
1433152937497 0 631.0
1433152937296 1 561.0
1433152939285 0 490.0
1433152937576 1 547.0
1433152937599 0 631.0
1433152937397 1 561.0
1433152939386 0 490.0
1433152937676 1 547.0
1433152937699 0 631.0
1433152939487 0 490.0
1433152937499 1 561.0
1433152937776 1 547.0
1433152937801 0 631.0
1433152939588 0 490.0
1433152937600 1 561.0
1433152937876 1 547.0
1433152937903 0 631.0
1433152939689 0 490.0
1433152937702 1 561.0
1433152937976 1 547.0
1433152938004 0 631.0
1433152939790 0 490.0
1433152938077 1 547.0
1433152937804 1 561.0
1433152938106 0 631.0
1433152939891 0 490.0
1433152938177 1 547.0
1433152937906 1 561.0
1433152938208 0 631.0
1433152938278 1 547.0
1433152939992 0 490.0
1433152938007 1 561.0
1433152938310 0 631.0
1433152938378 1 547.0
1433152938108 1 561.0
1433152940093 0 490.0
1433152938412 0 631.0
1433152938478 1 547.0
1433152940193 0 490.0
1433152938209 1 561.0
1433152938514 0 575.0
1433152938578 1 547.0
1433152940294 0 490.0
1433152938311 1 561.0
1433152938615 0 547.0
1433152938679 1 547.0
1433152940395 0 490.0
1433152938412 1 561.0
1433152938716 0 336.0
1433152938779 1 547.0
1433152940497 0 490.0
1433152938515 1 561.0
1433152938817 0 111.0
1433152938880 1 547.0
1433152940598 0 490.0
1433152938617 1 561.0
1433152938918 0 54.0
1433152938980 1 547.0
1433152940700 0 490.0
1433152938718 1 561.0
1433152939019 0 31.0
1433152939080 1 547.0
1433152940802 0 490.0
1433152938819 1 561.0
1433152939120 0 24.0
1433152939180 1 547.0
1433152940904 0 490.0
1433152938921 1 561.0
1433152939222 0 22.0
1433152939280 1 547.0
1433152941004 0 490.0
1433152939023 1 561.0
1433152939323 0 15.0
1433152939380 1 547.0
1433152941106 0 490.0
1433152939124 1 561.0
1433152939425 0 9.0
1433152939480 1 547.0
1433152941207 0 490.0
1433152939226 1 561.0
1433152939527 0 10.0
1433152939580 1 547.0
1433152941309 0 490.0
1433152939328 1 561.0
1433152939629 0 10.0
1433152939680 1 547.0
1433152941412 0 490.0
1433152939430 1 561.0
1433152939731 0 7.0
1433152939781 1 547.0
1433152941511 0 490.0
1433152939531 1 561.0
1433152939832 0 7.0
1433152939881 1 547.0
1433152941612 0 490.0
1433152939632 1 561.0
1433152939933 0 6.0
1433152939982 1 547.0
1433152941714 0 490.0
1433152939734 1 561.0
1433152940082 1 547.0
1433152941816 0 490.0
1433152939836 1 561.0
1433152940033 0 6.0
1433152940134 0 6.0
1433152940182 1 547.0
1433152941918 0 490.0
1433152939938 1 561.0
1433152940234 0 6.0
1433152940282 1 547.0
1433152942019 0 490.0
1433152940040 1 561.0
1433152940336 0 4.0
1433152940382 1 547.0
1433152942120 0 490.0
1433152940142 1 561.0
1433152940437 0 4.0
1433152940482 1 547.0
1433152942222 0 490.0
1433152940244 1 561.0
1433152940539 0 4.0
1433152940582 1 547.0
1433152942323 0 490.0
1433152940346 1 561.0
1433152940640 0 4.0
1433152940682 1 547.0
1433152942424 0 490.0
1433152940742 0 4.0
1433152940447 1 561.0
1433152940782 1 547.0
1433152942526 0 490.0
1433152940842 0 4.0
1433152940550 1 561.0
1433152940883 1 547.0
1433152942629 0 490.0
1433152940944 0 4.0
1433152940650 1 561.0
1433152940983 1 547.0
1433152942731 0 490.0
1433152941045 0 4.0
1433152940751 1 561.0
1433152941084 1 547.0
1433152942832 0 490.0
1433152941146 0 4.0
1433152940852 1 561.0
1433152941184 1 547.0
1433152942934 0 490.0
1433152941248 0 4.0
1433152940954 1 561.0
1433152941284 1 547.0
1433152943036 0 490.0
1433152941349 0 4.0
1433152941055 1 561.0
1433152941384 1 547.0
1433152943138 0 490.0
1433152941450 0 4.0
1433152941157 1 561.0
1433152941485 1 547.0
1433152943239 0 490.0
1433152941258 1 561.0
1433152941552 0 4.0
1433152941585 1 547.0
1433152943339 0 490.0
1433152941653 0 4.0
1433152941358 1 561.0
1433152941685 1 547.0
1433152943440 0 490.0
1433152941754 0 4.0
1433152941459 1 561.0
1433152941785 1 547.0
1433152943542 0 490.0
1433152941854 0 4.0
1433152941561 1 561.0
1433152941885 1 547.0
1433152943644 0 490.0
1433152941955 0 4.0
1433152941662 1 561.0
1433152941985 1 547.0
1433152943747 0 490.0
1433152942056 0 4.0
1433152941764 1 561.0
1433152942085 1 547.0
1433152943848 0 490.0
1433152942158 0 4.0
1433152941865 1 561.0
1433152942186 1 547.0
1433152943948 0 490.0
1433152941967 1 561.0
1433152942259 0 4.0
1433152942287 1 547.0
1433152944049 0 490.0
1433152942360 0 4.0
1433152942067 1 561.0
1433152942387 1 547.0
1433152944149 0 490.0
1433152942169 1 561.0
1433152942487 1 547.0
1433152944251 0 490.0
1433152942461 0 4.0
1433152942271 1 561.0
1433152942587 1 547.0
1433152944352 0 490.0
1433152942563 0 4.0
1433152942373 1 561.0
1433152942687 1 547.0
1433152944453 0 490.0
1433152942663 0 4.0
1433152942764 0 4.0
1433152942474 1 561.0
1433152942787 1 547.0
1433152944554 0 490.0
1433152942864 0 4.0
1433152942576 1 561.0
1433152942887 1 547.0
1433152944656 0 490.0
1433152942965 0 4.0
1433152942677 1 561.0
1433152942987 1 547.0
1433152944757 0 490.0
1433152943066 0 4.0
1433152942778 1 561.0
1433152943087 1 547.0
1433152944859 0 490.0
1433152943168 0 4.0
1433152942880 1 561.0
1433152943188 1 547.0
1433152944960 0 490.0
1433152943268 0 4.0
1433152942982 1 561.0
1433152943288 1 547.0
1433152945062 0 490.0
1433152943370 0 4.0
1433152943083 1 561.0
1433152943388 1 547.0
1433152945163 0 490.0
1433152943471 0 4.0
1433152943184 1 561.0
1433152943488 1 547.0
1433152945264 0 490.0
1433152943572 0 4.0
1433152943286 1 561.0
1433152943588 1 547.0
1433152945366 0 490.0
1433152943673 0 4.0
1433152943388 1 561.0
1433152943688 1 547.0
1433152945467 0 490.0
1433152943775 0 4.0
1433152943489 1 561.0
1433152943788 1 547.0
1433152945568 0 490.0
1433152943589 1 561.0
1433152943888 1 547.0
1433152945670 0 490.0
1433152943690 1 561.0
1433152943875 0 4.0
1433152943975 0 6.0
1433152943988 1 547.0
1433152945771 0 490.0
1433152944076 0 20.0
1433152943791 1 561.0
1433152944089 1 547.0
1433152945873 0 490.0
1433152944177 0 198.0
1433152943893 1 561.0
1433152944189 1 547.0
1433152944278 0 308.0
1433152945975 0 490.0
1433152943994 1 561.0
1433152944290 1 547.0
1433152944379 0 421.0
1433152946077 0 490.0
1433152944095 1 561.0
1433152944390 1 547.0
1433152946178 0 490.0
1433152944197 1 561.0
1433152944491 1 547.0
1433152944480 0 589.0
1433152946280 0 490.0
1433152944299 1 561.0
1433152944591 1 547.0
1433152944580 0 589.0
1433152944681 0 589.0
1433152946382 0 490.0
1433152944401 1 561.0
1433152944691 1 547.0
1433152944783 0 589.0
1433152946482 0 490.0
1433152944503 1 561.0
1433152944791 1 547.0
1433152944884 0 589.0
1433152946583 0 490.0
1433152944605 1 561.0
1433152944891 1 547.0
1433152944984 0 589.0
1433152946685 0 490.0
1433152944707 1 561.0
1433152944991 1 547.0
1433152945086 0 589.0
1433152946786 0 490.0
1433152944808 1 561.0
1433152945091 1 547.0
1433152945188 0 589.0
1433152946888 0 490.0
1433152944910 1 561.0
1433152945191 1 547.0
1433152945289 0 336.0
1433152945011 1 561.0
1433152945291 1 547.0
1433152945390 0 98.0
1433152946988 0 490.0
1433152945113 1 561.0
1433152945391 1 547.0
1433152945491 0 34.0
1433152947090 0 490.0
1433152947190 0 490.0
1433152945214 1 561.0
1433152945491 1 547.0
1433152945591 0 41.0
1433152947291 0 490.0
1433152945317 1 561.0
1433152945592 1 547.0
1433152947391 0 490.0
1433152945418 1 561.0
1433152945692 1 547.0
1433152947491 0 490.0
1433152945692 0 64.0
1433152945792 0 78.0
1433152945520 1 561.0
1433152945793 1 519.0
1433152947591 0 490.0
1433152945893 0 99.0
1433152945622 1 561.0
1433152945893 1 251.0
1433152945995 0 110.0
1433152947691 0 490.0
1433152945993 1 125.0
1433152945723 1 561.0
1433152947792 0 490.0
1433152946097 0 110.0
1433152946093 1 153.0
1433152945824 1 561.0
1433152947892 0 490.0
1433152946198 0 90.0
1433152946193 1 476.0
1433152945926 1 561.0
1433152946299 0 50.0
1433152947992 0 490.0
1433152946293 1 561.0
1433152946028 1 561.0
1433152948092 0 420.0
1433152946393 1 561.0
1433152946130 1 561.0
1433152948193 0 237.0
1433152946494 1 547.0
1433152946400 0 15.0
1433152946500 0 10.0
1433152946231 1 561.0
1433152948293 0 69.0
1433152946601 0 6.0
1433152946594 1 575.0
1433152946332 1 561.0
1433152948393 0 34.0
1433152946702 0 6.0
1433152946695 1 575.0
1433152946434 1 561.0
1433152948493 0 27.0
1433152946803 0 5.0
1433152946795 1 575.0
1433152946536 1 561.0
1433152948593 0 11.0
1433152946905 0 2.0
1433152946896 1 575.0
1433152946638 1 561.0
1433152948694 0 10.0
1433152947008 0 2.0
1433152946997 1 575.0
1433152948794 0 6.0
1433152947109 0 2.0
1433152947097 1 575.0
1433152946738 1 561.0
1433152946838 1 561.0
1433152948894 0 6.0
1433152947211 0 2.0
1433152947198 1 575.0
1433152946940 1 561.0
1433152948994 0 4.0
1433152947313 0 2.0
1433152947298 1 575.0
1433152947041 1 561.0
1433152949094 0 4.0
1433152947414 0 2.0
1433152947398 1 575.0
1433152947143 1 561.0
1433152949194 0 4.0
1433152947515 0 2.0
1433152947498 1 575.0
1433152947245 1 561.0
1433152949294 0 3.0
1433152947617 0 2.0
1433152947599 1 575.0
1433152947347 1 561.0
1433152949394 0 3.0
1433152947718 0 2.0
1433152947699 1 575.0
1433152947448 1 561.0
1433152949494 0 3.0
1433152947800 1 575.0
1433152947820 0 5.0
1433152947549 1 561.0
1433152949594 0 3.0
1433152947900 1 575.0
1433152947922 0 5.0
1433152947650 1 561.0
1433152949694 0 3.0
1433152948000 1 575.0
1433152948023 0 5.0
1433152947751 1 561.0
1433152949794 0 3.0
1433152948100 1 575.0
1433152947851 1 561.0
1433152949894 0 3.0
1433152948200 1 575.0
1433152948123 0 5.0
1433152948225 0 5.0
1433152947953 1 561.0
1433152949994 0 3.0
1433152948301 1 575.0
1433152948327 0 5.0
1433152948053 1 561.0
1433152950095 0 6.0
1433152948400 1 575.0
1433152948155 1 561.0
1433152950195 0 6.0
1433152948500 1 575.0
1433152948429 0 5.0
1433152948529 0 5.0
1433152948256 1 561.0
1433152950295 0 3.0
1433152948631 0 5.0
1433152948600 1 575.0
1433152948358 1 561.0
1433152950395 0 6.0
1433152948700 1 575.0
1433152948732 0 5.0
1433152948459 1 561.0
1433152950495 0 6.0
1433152948800 1 575.0
1433152948832 0 5.0
1433152948561 1 561.0
1433152950596 0 6.0
1433152948901 1 575.0
1433152948934 0 5.0
1433152948662 1 561.0
1433152950696 0 6.0
1433152949001 1 575.0
1433152949034 0 5.0
1433152948763 1 561.0
1433152950796 0 6.0
1433152949102 1 575.0
1433152949135 0 5.0
1433152948865 1 561.0
1433152950896 0 6.0
1433152949202 1 575.0
1433152949236 0 5.0
1433152948967 1 561.0
1433152950997 0 5.0
1433152949303 1 575.0
1433152949338 0 5.0
1433152949067 1 561.0
1433152951097 0 6.0
1433152949403 1 575.0
1433152949439 0 5.0
1433152949169 1 561.0
1433152951197 0 8.0
1433152949504 1 575.0
1433152949541 0 5.0
1433152949270 1 561.0
1433152951297 0 8.0
1433152949604 1 575.0
1433152949371 1 561.0
1433152951397 0 9.0
1433152949705 1 575.0
1433152949642 0 5.0
1433152949742 0 5.0
1433152949472 1 561.0
1433152951497 0 9.0
1433152949805 1 575.0
1433152949843 0 5.0
1433152949574 1 561.0
1433152951597 0 9.0
1433152949906 1 575.0
1433152949945 0 5.0
1433152949675 1 561.0
1433152951697 0 10.0
1433152950007 1 575.0
1433152950047 0 5.0
1433152949775 1 561.0
1433152951797 0 10.0
1433152950107 1 575.0
1433152950149 0 5.0
1433152949876 1 561.0
1433152951897 0 10.0
1433152950207 1 575.0
1433152950250 0 5.0
1433152949978 1 561.0
1433152951997 0 12.0
1433152950307 1 575.0
1433152950352 0 5.0
1433152950078 1 561.0
1433152952097 0 12.0
1433152950407 1 575.0
1433152950453 0 5.0
1433152952197 0 12.0
1433152950508 1 575.0
1433152950555 0 5.0
1433152950179 1 561.0
1433152952297 0 12.0
1433152950608 1 575.0
1433152950656 0 5.0
1433152950279 1 561.0
1433152950380 1 561.0
1433152952397 0 12.0
1433152950709 1 575.0
1433152950757 0 5.0
1433152950481 1 561.0
1433152952497 0 12.0
1433152950809 1 575.0
1433152950859 0 5.0
1433152950583 1 561.0
1433152952598 0 12.0
1433152950909 1 575.0
1433152950961 0 5.0
1433152950685 1 561.0
1433152952698 0 12.0
1433152951009 1 575.0
1433152951063 0 5.0
1433152950785 1 561.0
1433152952798 0 12.0
1433152951109 1 575.0
1433152951165 0 5.0
1433152950886 1 561.0
1433152952898 0 12.0
1433152951210 1 575.0
1433152951265 0 5.0
1433152950987 1 561.0
1433152952999 0 12.0
1433152951310 1 575.0
1433152951367 0 5.0
1433152951088 1 561.0
1433152953099 0 12.0
1433152951411 1 575.0
1433152951468 0 5.0
1433152951189 1 561.0
1433152953199 0 12.0
1433152951511 1 575.0
1433152951569 0 5.0
1433152951291 1 561.0
1433152953300 0 12.0
1433152951612 1 575.0
1433152951671 0 5.0
1433152951393 1 561.0
1433152953401 0 12.0
1433152951712 1 575.0
1433152951773 0 5.0
1433152951495 1 561.0
1433152953501 0 12.0
1433152951812 1 575.0
1433152951874 0 5.0
1433152951597 1 561.0
1433152953601 0 12.0
1433152951912 1 575.0
1433152951975 0 5.0
1433152951698 1 561.0
1433152953702 0 12.0
1433152952012 1 575.0
1433152952077 0 5.0
1433152951799 1 561.0
1433152953803 0 12.0
1433152952112 1 575.0
1433152952178 0 5.0
1433152951899 1 561.0
1433152953904 0 12.0
1433152952212 1 575.0
1433152952278 0 5.0
1433152952000 1 561.0
1433152954007 0 12.0
1433152952313 1 575.0
1433152952380 0 5.0
1433152952101 1 561.0
1433152954107 0 12.0
1433152952414 1 575.0
1433152952480 0 5.0
1433152952202 1 561.0
1433152954207 0 12.0
1433152952515 1 575.0
1433152952582 0 5.0
1433152952304 1 561.0
1433152954308 0 12.0
1433152952615 1 575.0
1433152952682 0 5.0
1433152952406 1 561.0
1433152954408 0 12.0
1433152952715 1 575.0
1433152952783 0 5.0
1433152952508 1 561.0
1433152954509 0 12.0
1433152952816 1 575.0
1433152952883 0 5.0
1433152952609 1 561.0
1433152954609 0 12.0
1433152952917 1 575.0
1433152952984 0 5.0
1433152952711 1 561.0
1433152954711 0 12.0
1433152953018 1 575.0
1433152953085 0 5.0
1433152952812 1 561.0
1433152954811 0 12.0
1433152953118 1 575.0
1433152953186 0 5.0
1433152952913 1 561.0
1433152954912 0 12.0
1433152953218 1 575.0
1433152953287 0 5.0
1433152953014 1 561.0
1433152955014 0 12.0
1433152953318 1 575.0
1433152953388 0 5.0
1433152953115 1 561.0
1433152955116 0 12.0
1433152953418 1 575.0
1433152953488 0 5.0
1433152953217 1 561.0
1433152955218 0 12.0
1433152953519 1 575.0
1433152953589 0 5.0
1433152953319 1 561.0
1433152955325 0 12.0
1433152953619 1 575.0
1433152953691 0 5.0
1433152953421 1 561.0
1433152955425 0 12.0
1433152953719 1 575.0
1433152953791 0 5.0
1433152953523 1 561.0
1433152955527 0 12.0
1433152953819 1 575.0
1433152953892 0 5.0
1433152953624 1 561.0
1433152955628 0 12.0
1433152953919 1 575.0
1433152953994 0 5.0
1433152953726 1 561.0
1433152955728 0 12.0
1433152954019 1 575.0
1433152954096 0 5.0
1433152953829 1 561.0
1433152955828 0 12.0
1433152954119 1 575.0
1433152954198 0 5.0
1433152953930 1 561.0
1433152955928 0 12.0
1433152954220 1 575.0
1433152954300 0 5.0
1433152954032 1 561.0
1433152956029 0 14.0
1433152954320 1 575.0
1433152954402 0 5.0
1433152954134 1 561.0
1433152956129 0 20.0
1433152954420 1 575.0
1433152954504 0 5.0
1433152954236 1 561.0
1433152956229 0 20.0
1433152954520 1 575.0
1433152954605 0 5.0
1433152954338 1 561.0
1433152954620 1 575.0
1433152956330 0 20.0
1433152954707 0 5.0
1433152954440 1 561.0
1433152954720 1 575.0
1433152956431 0 17.0
1433152954809 0 5.0
1433152954542 1 561.0
1433152954820 1 575.0
1433152956532 0 17.0
1433152954911 0 5.0
1433152954644 1 561.0
1433152954921 1 575.0
1433152956633 0 27.0
1433152955012 0 5.0
1433152954744 1 561.0
1433152955021 1 575.0
1433152956734 0 41.0
1433152955113 0 5.0
1433152955122 1 575.0
1433152954847 1 561.0
1433152956837 0 78.0
1433152955215 0 5.0
1433152955222 1 561.0
1433152954948 1 561.0
1433152956937 0 134.0
1433152955315 0 5.0
1433152955322 1 561.0
1433152955048 1 561.0
1433152957038 0 475.0
1433152955416 0 45.0
1433152955422 1 561.0
1433152955149 1 561.0
1433152957139 0 378.0
1433152955517 0 147.0
1433152955522 1 378.0
1433152955250 1 561.0
1433152955617 0 996.0
1433152955623 1 378.0
1433152957241 0 420.0
1433152955352 1 561.0
1433152955718 0 645.0
1433152955723 1 378.0
1433152957341 0 476.0
1433152955452 1 561.0
1433152955818 0 645.0
1433152955824 1 378.0
1433152957442 0 476.0
1433152955554 1 561.0
1433152955918 0 645.0
1433152955924 1 420.0
1433152957542 0 476.0
1433152957644 0 476.0
1433152955655 1 561.0
1433152956019 0 645.0
1433152956024 1 420.0
1433152955756 1 561.0
1433152957744 0 476.0
1433152956120 0 645.0
1433152956124 1 476.0
1433152957844 0 518.0
1433152955857 1 561.0
1433152956222 0 645.0
1433152956224 1 476.0
1433152957945 0 518.0
1433152955958 1 561.0
1433152956325 1 518.0
1433152958047 0 518.0
1433152956322 0 645.0
1433152956060 1 561.0
1433152956423 0 645.0
1433152956425 1 518.0
1433152958149 0 518.0
1433152956161 1 561.0
1433152956525 0 645.0
1433152956525 1 518.0
1433152958250 0 518.0
1433152956263 1 561.0
1433152956626 0 645.0
1433152956626 1 561.0
1433152958351 0 518.0
1433152956365 1 561.0
1433152956726 1 561.0
1433152956728 0 645.0
1433152956466 1 561.0
1433152956829 0 645.0
1433152956827 1 561.0
1433152956568 1 561.0
1433152958451 0 518.0
1433152956927 1 561.0
1433152956929 0 645.0
1433152958554 0 518.0
1433152958655 0 518.0
1433152956669 1 561.0
1433152957027 1 561.0
1433152957029 0 645.0
1433152956771 1 561.0
1433152958756 0 518.0
1433152957127 1 561.0
1433152957129 0 645.0
1433152956871 1 561.0
1433152957227 1 561.0
1433152957229 0 645.0
1433152956973 1 561.0
1433152958856 0 518.0
1433152958956 0 518.0
1433152957327 1 561.0
1433152957330 0 645.0
1433152959057 0 518.0
1433152957075 1 561.0
1433152957428 1 561.0
1433152957436 0 645.0
1433152959157 0 518.0
1433152957177 1 561.0
1433152957529 1 561.0
1433152957538 0 645.0
1433152959257 0 518.0
1433152957279 1 561.0
1433152957629 1 561.0
1433152957639 0 645.0
1433152959358 0 518.0
1433152957381 1 561.0
1433152957729 1 561.0
1433152957740 0 645.0
1433152959459 0 518.0
1433152957482 1 561.0
1433152957829 1 561.0
1433152957841 0 645.0
1433152959561 0 518.0
1433152957583 1 561.0
1433152957929 1 561.0
1433152957943 0 645.0
1433152959662 0 518.0
1433152957685 1 561.0
1433152958029 1 561.0
1433152958045 0 645.0
1433152959763 0 518.0
1433152957787 1 561.0
1433152958129 1 561.0
1433152958146 0 645.0
1433152959864 0 518.0
1433152957888 1 561.0
1433152958229 1 561.0
1433152958247 0 645.0
1433152959966 0 518.0
1433152957988 1 561.0
1433152958329 1 561.0
1433152958349 0 645.0
1433152960068 0 518.0
1433152958089 1 561.0
1433152958430 1 561.0
1433152958451 0 645.0
1433152960169 0 518.0
1433152958190 1 561.0
1433152958530 1 561.0
1433152958552 0 645.0
1433152960271 0 518.0
1433152958291 1 561.0
1433152958630 1 561.0
1433152958653 0 645.0
1433152960371 0 518.0
1433152958392 1 561.0
1433152958730 1 561.0
1433152958754 0 645.0
1433152958494 1 561.0
1433152958830 1 561.0
1433152958855 0 645.0
1433152958597 1 561.0
1433152960472 0 518.0
1433152960573 0 518.0
1433152958931 1 561.0
1433152958957 0 645.0
1433152960675 0 518.0
1433152958698 1 561.0
1433152959031 1 561.0
1433152959058 0 645.0
1433152960776 0 518.0
1433152958798 1 561.0
1433152959132 1 561.0
1433152959160 0 645.0
1433152960878 0 518.0
1433152958900 1 561.0
1433152959232 1 561.0
1433152959261 0 645.0
1433152959002 1 561.0
1433152959332 1 561.0
1433152959362 0 645.0
1433152960978 0 518.0
1433152959104 1 561.0
1433152959433 1 561.0
1433152959462 0 645.0
1433152961079 0 518.0
1433152959204 1 561.0
1433152959534 1 561.0
1433152959562 0 645.0
1433152961180 0 518.0
1433152959305 1 561.0
1433152959635 1 561.0
1433152959664 0 645.0
1433152961281 0 518.0
1433152959407 1 561.0
1433152959735 1 561.0
1433152959766 0 645.0
1433152961381 0 518.0
1433152959508 1 561.0
1433152959835 1 561.0
1433152959868 0 645.0
1433152961482 0 518.0
1433152959610 1 561.0
1433152959935 1 561.0
1433152959970 0 645.0
1433152961582 0 518.0
1433152959712 1 561.0
1433152960035 1 561.0
1433152960071 0 645.0
1433152961682 0 518.0
1433152959812 1 561.0
1433152960135 1 561.0
1433152960173 0 645.0
1433152961782 0 518.0
1433152959914 1 561.0
1433152960235 1 561.0
1433152960274 0 645.0
1433152961882 0 518.0
1433152960016 1 561.0
1433152960335 1 561.0
1433152960375 0 645.0
1433152961983 0 518.0
1433152960117 1 561.0
1433152960436 1 561.0
1433152960475 0 645.0
1433152962083 0 518.0
1433152960219 1 561.0
1433152960537 1 561.0
1433152960576 0 645.0
1433152962183 0 518.0
1433152960320 1 561.0
1433152960637 1 561.0
1433152960678 0 645.0
1433152962284 0 518.0
1433152960422 1 561.0
1433152960737 1 561.0
1433152960780 0 645.0
1433152962385 0 518.0
1433152962485 0 518.0
1433152960523 1 561.0
1433152960837 1 561.0
1433152960881 0 645.0
1433152962586 0 518.0
1433152960624 1 561.0
1433152960937 1 561.0
1433152960983 0 645.0
1433152962688 0 518.0
1433152960726 1 561.0
1433152961037 1 561.0
1433152961084 0 645.0
1433152962789 0 518.0
1433152960826 1 561.0
1433152961137 1 561.0
1433152961186 0 645.0
1433152962891 0 518.0
1433152960928 1 561.0
1433152961237 1 561.0
1433152961288 0 645.0
1433152962993 0 518.0
1433152961030 1 561.0
1433152961337 1 561.0
1433152961390 0 645.0
1433152963094 0 518.0
1433152961132 1 561.0
1433152961438 1 561.0
1433152961492 0 645.0
1433152963195 0 518.0
1433152961233 1 561.0
1433152961538 1 561.0
1433152961595 0 645.0
1433152963297 0 518.0
1433152961335 1 561.0
1433152961638 1 561.0
1433152961698 0 645.0
1433152963397 0 518.0
1433152961437 1 561.0
1433152961738 1 561.0
1433152961799 0 645.0
1433152961538 1 561.0
1433152961838 1 561.0
1433152961900 0 645.0
1433152963498 0 518.0
1433152961640 1 561.0
1433152961939 1 561.0
1433152962000 0 645.0
1433152963598 0 518.0
1433152963700 0 518.0
1433152961740 1 561.0
1433152962038 1 561.0
1433152962101 0 645.0
1433152963801 0 518.0
1433152961841 1 561.0
1433152962139 1 561.0
1433152962203 0 645.0
1433152963902 0 518.0
1433152961943 1 561.0
1433152962239 1 561.0
1433152962305 0 645.0
1433152964004 0 518.0
1433152962046 1 561.0
1433152962340 1 561.0
1433152962407 0 645.0
1433152964106 0 518.0
1433152962147 1 561.0
1433152962441 1 561.0
1433152962508 0 645.0
1433152964207 0 518.0
1433152962248 1 561.0
1433152962541 1 561.0
1433152962609 0 645.0
1433152964310 0 518.0
1433152962349 1 561.0
1433152962641 1 561.0
1433152962710 0 645.0
1433152964410 0 518.0
1433152962448 1 561.0
1433152962741 1 561.0
1433152962811 0 645.0
1433152964511 0 518.0
1433152962550 1 561.0
1433152962842 1 561.0
1433152962912 0 645.0
1433152964613 0 518.0
1433152962942 1 561.0
1433152963013 0 645.0
1433152964715 0 518.0
1433152962650 1 561.0
1433152962751 1 561.0
1433152963043 1 561.0
1433152963114 0 645.0
1433152964816 0 518.0
1433152963143 1 561.0
1433152963216 0 645.0
1433152964918 0 518.0
1433152962851 1 561.0
1433152962952 1 561.0
1433152963243 1 561.0
1433152963318 0 645.0
1433152965020 0 518.0
1433152963053 1 561.0
1433152963343 1 561.0
1433152963420 0 645.0
1433152965120 0 518.0
1433152963155 1 561.0
1433152963444 1 561.0
1433152963522 0 645.0
1433152965222 0 518.0
1433152963256 1 561.0
1433152963544 1 561.0
1433152963623 0 645.0
1433152965323 0 518.0
1433152963358 1 561.0
1433152963645 1 561.0
1433152963723 0 645.0
1433152965424 0 518.0
1433152963459 1 561.0
1433152963745 1 561.0
1433152963825 0 645.0
1433152965525 0 518.0
1433152963560 1 561.0
1433152963845 1 561.0
1433152963927 0 645.0
1433152965626 0 518.0
1433152963661 1 561.0
1433152963946 1 561.0
1433152964029 0 645.0
1433152965728 0 518.0
1433152963762 1 561.0
1433152964047 1 561.0
1433152964130 0 645.0
1433152965830 0 518.0
1433152963863 1 561.0
1433152964147 1 561.0
1433152964230 0 645.0
1433152965932 0 518.0
1433152963965 1 561.0
1433152964247 1 561.0
1433152964332 0 645.0
1433152966035 0 518.0
1433152964065 1 561.0
1433152964348 1 561.0
1433152966136 0 518.0
1433152964167 1 561.0
1433152964449 1 561.0
1433152966238 0 518.0
1433152964434 0 645.0
1433152964268 1 561.0
1433152964549 1 561.0
1433152964534 0 645.0
1433152966338 0 518.0
1433152964370 1 561.0
1433152964650 1 561.0
1433152964635 0 645.0
1433152966438 0 518.0
1433152964471 1 561.0
1433152964750 1 561.0
1433152964736 0 645.0
1433152966540 0 518.0
1433152964571 1 561.0
1433152964850 1 561.0
1433152964836 0 645.0
1433152966642 0 518.0
1433152964672 1 561.0
1433152964950 1 561.0
1433152964936 0 645.0
1433152965038 0 645.0
1433152964773 1 561.0
1433152965050 1 561.0
1433152965139 0 645.0
1433152966744 0 518.0
1433152964875 1 561.0
1433152965150 1 561.0
1433152965240 0 645.0
1433152966846 0 518.0
1433152965250 1 561.0
1433152964977 1 561.0
1433152965342 0 645.0
1433152966947 0 518.0
1433152967048 0 518.0
1433152965077 1 561.0
1433152965351 1 561.0
1433152965443 0 645.0
1433152967149 0 518.0
1433152965452 1 561.0
1433152965177 1 561.0
1433152965545 0 645.0
1433152967250 0 518.0
1433152965552 1 561.0
1433152965278 1 561.0
1433152965646 0 645.0
1433152967352 0 518.0
1433152965653 1 561.0
1433152965380 1 561.0
1433152965748 0 645.0
1433152967453 0 518.0
1433152965753 1 561.0
1433152965481 1 561.0
1433152965848 0 645.0
1433152967555 0 518.0
1433152965853 1 561.0
1433152965583 1 561.0
1433152965949 0 645.0
1433152967656 0 518.0
1433152965953 1 561.0
1433152965685 1 561.0
1433152966050 0 645.0
1433152967757 0 518.0
1433152966053 1 561.0
1433152965787 1 561.0
1433152966152 0 645.0
1433152967858 0 518.0
1433152966153 1 561.0
1433152966253 0 645.0
1433152967959 0 518.0
1433152966253 1 561.0
1433152965888 1 561.0
1433152966355 0 645.0
1433152968060 0 518.0
1433152966354 1 561.0
1433152965988 1 561.0
1433152966088 1 561.0
1433152966456 0 645.0
1433152968161 0 518.0
1433152966455 1 561.0
1433152966189 1 561.0
1433152966557 0 645.0
1433152968262 0 518.0
1433152966557 1 561.0
1433152966291 1 561.0
1433152966659 0 645.0
1433152968361 0 518.0
1433152966657 1 561.0
1433152966392 1 561.0
1433152966759 0 645.0
1433152968461 0 518.0
1433152966757 1 561.0
1433152966494 1 561.0
1433152966860 0 645.0
1433152968562 0 518.0
1433152966858 1 561.0
1433152966595 1 561.0
1433152966962 0 645.0
1433152968663 0 518.0
1433152966958 1 561.0
1433152966696 1 561.0
1433152967063 0 645.0
1433152968764 0 518.0
1433152967059 1 561.0
1433152966798 1 561.0
1433152967164 0 645.0
1433152968866 0 518.0
1433152966900 1 561.0
