1432847802581 1 -1.1779472827911377 6.291962146759033 7.259219646453857
1432847802781 1 -1.1109095811843872 6.291962146759033 7.2113356590271
1432847802981 1 -1.1204863786697388 6.282385349273682 7.2783732414245605
1432847803181 1 -1.1300631761550903 6.27280855178833 7.249642848968506
1432847803381 1 -1.1683704853057861 6.320692539215088 7.240066051483154
1432847803581 1 -1.139639973640442 6.301538944244385 7.297526836395264
1432847803782 1 -1.1492167711257935 6.311115741729736 7.2113356590271
1432847803982 1 -1.216254472732544 6.493074893951416 7.1251444816589355
1432847804182 1 -0.05746084079146385 6.914454460144043 7.010222434997559
1432847804382 1 2.4612393379211426 6.090848922729492 5.295974254608154
1432847804582 1 -0.7374141216278076 4.711789131164551 7.096413612365723
1432847804782 1 -5.238513469696045 6.588842868804932 8.628703117370605
1432847804982 1 2.0015525817871094 4.778826713562012 3.4380736351013184
1432847805183 1 3.332728862762451 2.0877439975738525 2.1739351749420166
1432847805383 1 -5.640739440917969 5.65031623840332 10.122684478759766
1432847805583 1 -3.44765043258667 5.305551052093506 7.374141216278076
1432847805783 1 -1.3120225667953491 5.736507415771484 6.8378400802612305
1432847805984 1 -1.1109095811843872 6.502651691436768 6.847416877746582
1432847806184 1 -0.9481038451194763 6.560112476348877 7.038952827453613
1432847806384 1 -0.8906430602073669 6.540958881378174 7.0772600173950195
1432847806585 1 -0.8236053586006165 6.57926607131958 7.15387487411499
1432847806785 1 -0.8236053586006165 6.607996463775635 7.0772600173950195
1432847806985 1 -0.7948749661445618 6.5696892738342285 6.9910688400268555
1432847807185 1 -0.7565677165985107 6.540958881378174 6.971915245056152
1432847807385 1 -0.7661445140838623 6.607996463775635 7.000645637512207
1432847807585 1 -0.7948749661445618 6.502651691436768 7.01979923248291
1432847807785 1 -1.4748282432556152 6.703764915466309 7.479485988616943
1432847807985 1 -1.9536685943603516 6.694188117980957 9.011775016784668
1432847808185 1 5.966350555419922 2.0015525817871094 -0.5937620401382446
1432847808386 1 -5.027823448181152 5.171475887298584 7.287950038909912
1432847808586 1 -6.732495307922363 6.646304130554199 10.563218116760254
1432847808786 1 3.3518824577331543 3.1316158771514893 0.3256114423274994
1432847808986 1 -0.3256114423274994 0.3447650372982025 4.989516258239746
1432847809186 1 -5.928043365478516 5.621585369110107 9.567230224609375
1432847809386 1 5.506663799285889 -0.05746084079146385 -1.1204863786697388
1432847809586 1 -6.885724067687988 8.571242332458496 8.887276649475098
1432847809786 1 -4.309563159942627 5.7556610107421875 5.410895824432373
1432847809986 1 4.884171485900879 -0.9576807022094727 -0.8619126081466675
1432847810187 1 -3.4572272300720215 8.293514251708984 8.446743965148926
1432847810387 1 -0.6224924325942993 7.220912456512451 6.45476770401001
1432847810587 1 -0.23942017555236816 6.761225700378418 7.354987621307373
1432847810787 1 -0.019153613597154617 6.45476770401001 7.201758861541748
1432847810987 1 0.028730420395731926 6.45476770401001 7.134721279144287
1432847811188 1 -0.038307227194309235 6.45476770401001 7.134721279144287
1432847811387 1 -0.06703764945268631 6.45476770401001 7.173028469085693
1432847811588 1 -0.09576806426048279 6.406883716583252 7.268796443939209
1432847811788 1 -0.1149216815829277 6.3973069190979 7.240066051483154
1432847811988 1 -0.07661445438861847 6.406883716583252 7.33583402633667
1432847812188 1 -0.05746084079146385 6.378153324127197 7.326257228851318
1432847812389 1 -0.09576806426048279 6.368576526641846 7.326257228851318
1432847812589 1 -0.047884032130241394 6.387730121612549 7.316680431365967
1432847812789 1 -0.08619125932455063 6.311115741729736 7.220912456512451
1432847812989 1 -0.09576806426048279 6.387730121612549 7.240066051483154
1432847813189 1 -0.09576806426048279 6.349422931671143 7.249642848968506
1432847813390 1 -0.07661445438861847 6.291962146759033 7.230489253997803
1432847813589 1 -0.08619125932455063 6.378153324127197 7.316680431365967
1432847813790 1 -0.12449848651885986 6.3973069190979 7.287950038909912
1432847813989 1 -0.1628057211637497 6.435614109039307 7.259219646453857
1432847814189 1 -0.14365209639072418 6.426037311553955 7.1921820640563965
1432847814390 1 -0.15322890877723694 6.4164605140686035 7.201758861541748
1432847814590 1 -0.181959331035614 6.358999729156494 7.105990409851074
1432847814790 1 -0.28730419278144836 6.1770405769348145 7.3454108238220215
1432847814990 1 -0.6320692300796509 6.282385349273682 7.2783732414245605
1432847815190 1 -0.6033388376235962 6.1770405769348145 7.4316020011901855
1432847815390 1 -0.6416460275650024 6.157886981964111 7.4316020011901855
1432847815591 1 -0.6799532771110535 6.244078159332275 7.287950038909912
1432847815791 1 -0.6129156351089478 6.110002517700195 7.556100368499756
1432847815991 1 -0.7565677165985107 6.224924564361572 7.383718013763428
1432847816191 1 -0.45010992884635925 5.995080947875977 7.65186882019043
1432847816391 1 -0.4884171485900879 5.966350555419922 7.613561630249023
1432847816591 1 -0.4596867263317108 6.052541732788086 7.51779317855835
1432847816791 1 -0.49799394607543945 6.071695327758789 7.546523571014404
1432847816991 1 -0.31603461503982544 5.937620162963867 7.843404769897461
1432847817191 1 -0.19153612852096558 5.736507415771484 7.805097579956055
1432847817391 1 -0.22026655077934265 5.822698593139648 7.661445617675781
1432847817591 1 -0.2585737705230713 5.889736175537109 7.594407558441162
1432847817792 1 -0.13407529890537262 5.746084213256836 7.6997528076171875
1432847817992 1 -0.19153612852096558 5.841852188110352 7.671022415161133
1432847818192 1 -0.24899697303771973 5.803544998168945 7.690176010131836
1432847818393 1 -0.2298433631658554 5.784391403198242 7.690176010131836
1432847818592 1 -0.19153612852096558 5.784391403198242 7.690176010131836
1432847818793 1 -0.28730419278144836 5.851428985595703 7.690176010131836
1432847818993 1 -0.2585737705230713 5.803544998168945 7.671022415161133
1432847819192 1 -0.35434186458587646 5.822698593139648 7.65186882019043
1432847819393 1 -0.38307225704193115 5.880159378051758 7.594407558441162
1432847819593 1 -0.31603461503982544 5.813121795654297 7.661445617675781
1432847819793 1 -0.33518823981285095 5.841852188110352 7.680599212646484
1432847819996 1 -0.28730419278144836 5.841852188110352 7.642292022705078
1432847820194 1 -0.3447650372982025 5.880159378051758 7.661445617675781
1432847820394 1 -0.2968810200691223 5.861005783081055 7.632715225219727
1432847820594 1 -0.33518823981285095 5.861005783081055 7.623138427734375
1432847820794 1 -0.2585737705230713 5.832275390625 7.642292022705078
1432847820994 1 -0.33518823981285095 5.870582580566406 7.603984832763672
1432847821195 1 -0.3447650372982025 5.889736175537109 7.546523571014404
1432847821395 1 -0.3447650372982025 5.841852188110352 7.51779317855835
1432847821595 1 -0.3256114423274994 5.880159378051758 7.603984832763672
1432847821796 1 -0.35434186458587646 5.880159378051758 7.603984832763672
1432847821996 1 -0.3734954595565796 5.918466567993164 7.594407558441162
1432847822196 1 -0.38307225704193115 5.966350555419922 7.613561630249023
1432847822396 1 -0.35434186458587646 5.899312973022461 7.632715225219727
1432847822596 1 -0.3256114423274994 5.870582580566406 7.613561630249023
1432847822796 1 -0.363918662071228 5.918466567993164 7.623138427734375
1432847822996 1 -0.3447650372982025 5.918466567993164 7.5848307609558105
1432847823196 1 -0.35434186458587646 5.899312973022461 7.623138427734375
1432847823396 1 -0.3447650372982025 5.928043365478516 7.690176010131836
1432847823597 1 -0.33518823981285095 5.861005783081055 7.5848307609558105
1432847823797 1 -0.3447650372982025 5.9088897705078125 7.671022415161133
1432847823997 1 -0.28730419278144836 5.880159378051758 7.603984832763672
1432847824197 1 -0.2968810200691223 5.9088897705078125 7.556100368499756
1432847824397 1 -0.3064578175544739 5.928043365478516 7.556100368499756
1432847824597 1 -0.3926490843296051 5.928043365478516 7.575253963470459
1432847824797 1 -0.3064578175544739 5.918466567993164 7.603984832763672
1432847824997 1 -0.3256114423274994 5.975927352905273 7.613561630249023
1432847825197 1 -0.31603461503982544 5.928043365478516 7.661445617675781
1432847825398 1 -0.28730419278144836 5.918466567993164 7.690176010131836
1432847826484 0 0.19613298773765564 0.823758602142334 10.551955223083496
1432847826545 0 0.27458620071411133 0.8629851937294006 10.512728691101074
1432847825598 1 -0.1149216815829277 5.688623428344727 7.51779317855835
1432847826725 0 0.156906396150589 0.8629851937294006 10.395049095153809
1432847826925 0 0.19613298773765564 0.6668521761894226 10.395049095153809
1432847825798 1 -0.22026655077934265 5.458779811859131 8.33182144165039
1432847825998 1 0.6033388376235962 4.941632270812988 8.293514251708984
1432847827125 0 0.35303938388824463 0.7845319509506226 10.395049095153809
1432847826198 1 0.8140285611152649 4.596867084503174 8.667010307312012
1432847827326 0 0.23535959422588348 0.8629851937294006 10.316595077514648
1432847827526 0 0.23535959422588348 0.8629851937294006 10.473502159118652
1432847826398 1 0.14365209639072418 5.70777702331543 7.7763671875
1432847826598 1 -0.07661445438861847 6.205770969390869 7.383718013763428
1432847826798 1 0.3256114423274994 6.071695327758789 7.4986395835876465
1432847827725 0 0.23535959422588348 0.823758602142334 10.395049095153809
1432847827926 0 0.156906396150589 0.823758602142334 10.473502159118652
1432847828126 0 0.156906396150589 0.8629851937294006 10.395049095153809
1432847826999 1 0.10534487664699554 6.14831018447876 7.412448406219482
1432847827199 1 0.7948749661445618 5.449203014373779 7.7763671875
1432847827399 1 0.26815059781074524 5.95677375793457 7.680599212646484
1432847828326 0 -0.23535959422588348 0.7453053593635559 10.277368545532227
1432847828526 0 0.11767979711294174 1.4121575355529785 10.238142013549805
1432847828726 0 2.3143694400787354 -0.35303938388824463 9.963556289672852
1432847827599 1 -0.15322890877723694 6.119579315185547 7.441178798675537
1432847827799 1 0.028730420395731926 6.435614109039307 7.096413612365723
1432847828929 0 -0.03922659903764725 1.2160245180130005 10.748087882995605
1432847827999 1 0.5746083855628967 5.497087001800537 7.8529815673828125
1432847829133 0 1.647517204284668 -0.3922659754753113 10.551955223083496
1432847829326 0 -0.47071918845176697 -0.5883989930152893 11.807206153869629
1432847828199 1 -0.1149216815829277 5.899312973022461 7.594407558441162
1432847828400 1 -0.22026655077934265 6.023811340332031 7.728483200073242
1432847828600 1 -0.23942017555236816 6.033388137817383 7.718906402587891
1432847829528 0 -5.57017707824707 2.5889556407928467 5.609403610229492
1432847829729 0 -3.687300205230713 1.45138418674469 9.492836952209473
1432847829929 0 1.8436501026153564 3.255807638168335 10.473502159118652
1432847828800 1 -0.5171475410461426 6.27280855178833 7.354987621307373
1432847829000 1 -1.2066776752471924 6.45476770401001 7.1921820640563965
1432847829200 1 -1.723825216293335 6.445190906524658 7.163451671600342
1432847829400 1 -1.9823989868164062 6.722918510437012 7.134721279144287
1432847830126 0 3.334260940551758 2.039783239364624 10.865767478942871
1432847830329 0 9.257477760314941 1.3729310035705566 11.454167366027832
1432847830528 0 -6.237029075622559 4.511058807373047 1.8436501026153564
1432847829600 1 -2.518700122833252 6.722918510437012 6.636727333068848
1432847829800 1 -2.911349296569824 6.732495307922363 6.550535678863525
1432847830000 1 -3.399766445159912 6.627150535583496 6.368576526641846
1432847830727 0 20.005565643310547 6.825428009033203 18.593408584594727
1432847830928 0 -4.040339469909668 -4.589511871337891 2.000556468963623
1432847831129 0 -16.47517204284668 0.11767979711294174 1.0983448028564453
1432847830201 1 -3.533841609954834 6.914454460144043 6.1770405769348145
1432847830401 1 -3.44765043258667 6.809109687805176 6.27280855178833
1432847830601 1 -2.940079689025879 6.387730121612549 6.4164605140686035
1432847831328 0 -18.08346176147461 4.471832275390625 -1.7259703874588013
1432847831528 0 18.554182052612305 3.8442068099975586 19.49561882019043
1432847831728 0 -14.278482437133789 -2.039783239364624 4.942551612854004
1432847830801 1 -2.9975404739379883 6.8378400802612305 6.052541732788086
1432847831001 1 -3.07415509223938 7.1251444816589355 5.535394191741943
1432847831201 1 -3.2561142444610596 7.287950038909912 5.190629482269287
1432847831927 0 -20.005565643310547 1.9613299369812012 -2.039783239364624
1432847832128 0 -20.005565643310547 -2.079009771347046 0.27458620071411133
1432847832329 0 -20.005565643310547 -6.3154826164245605 0.9022117853164673
1432847831401 1 -3.533841609954834 7.393294811248779 4.999093055725098
1432847831601 1 -3.7253777980804443 7.967903137207031 4.711789131164551
1432847831802 1 -3.1699230670928955 8.02536392211914 4.6734819412231445
1432847832527 0 -18.08346176147461 -19.142580032348633 3.648073673248291
1432847832727 0 20.005565643310547 -3.3734874725341797 -5.923216342926025
1432847832927 0 20.005565643310547 2.6281821727752686 20.005565643310547
1432847833126 0 -20.005565643310547 -5.413270473480225 20.005565643310547
1432847832002 1 -2.5953147411346436 7.603984832763672 5.018246650695801
1432847833326 0 -20.005565643310547 -15.259146690368652 -9.296704292297363
1432847832202 1 -2.8826189041137695 7.15387487411499 5.200206279754639
1432847833527 0 20.005565643310547 10.63040828704834 -7.217694282531738
1432847832402 1 -2.8155810832977295 7.556100368499756 5.51624059677124
1432847833726 0 20.005565643310547 -0.823758602142334 20.005565643310547
1432847832602 1 -3.4572272300720215 7.8529815673828125 4.9799394607543945
1432847833926 0 -20.005565643310547 -8.316039085388184 19.770206451416016
1432847832802 1 -2.5474305152893066 7.785943984985352 5.037400245666504
1432847833002 1 -2.7772738933563232 7.173028469085693 5.295974254608154
1432847833202 1 -2.892195701599121 7.422025203704834 5.449203014373779
1432847834127 0 -20.005565643310547 -20.005565643310547 -4.314925670623779
1432847834328 0 20.005565643310547 20.005565643310547 10.042009353637695
1432847834526 0 -8.355265617370605 -1.4906107187271118 20.005565643310547
1432847833402 1 -3.533841609954834 7.805097579956055 5.0469770431518555
1432847834726 0 -20.005565643310547 0.156906396150589 6.158576011657715
1432847833603 1 -1.5705963373184204 4.299986362457275 1.5131354331970215
1432847833803 1 -7.929595947265625 6.186617374420166 11.21444034576416
1432847834927 0 1.7259703874588013 7.923772811889648 1.2160245180130005
1432847834007 1 -8.829815864562988 10.266336441040039 11.367670059204102
1432847835129 0 3.4519407749176025 6.786201477050781 2.7458620071411133
1432847835326 0 15.416053771972656 1.9221034049987793 20.005565643310547
1432847834208 1 -5.468356609344482 3.361459255218506 5.037400245666504
1432847834407 1 -4.63517427444458 6.0621185302734375 2.691082715988159
1432847834608 1 1.3120225667953491 -2.4803929328918457 1.1204863786697388
1432847835529 0 -20.005565643310547 0.7845319509506226 12.905550956726074
1432847835729 0 -20.005565643310547 -2.1966896057128906 2.90276837348938
1432847835929 0 19.84865951538086 2.90276837348938 11.493393898010254
1432847834808 1 -10.342951774597168 7.230489253997803 7.766790390014648
1432847835008 1 6.521805286407471 -5.353435039520264 -0.3926490843296051
1432847836129 0 -20.005565643310547 -4.432605743408203 3.9226598739624023
1432847835208 1 -10.323798179626465 8.868123054504395 5.257667064666748
1432847836328 0 10.708861351013184 -1.6867437362670898 7.5315070152282715
1432847836526 0 -20.005565643310547 -5.217137813568115 9.257477760314941
