1433024840156 0 14.0
1433024840257 0 14.0
1433024840357 0 14.0
1433024840457 0 14.0
1433024840557 0 14.0
1433024840657 0 14.0
1433024840283 1 19.0
1433024840384 1 19.0
1433024840485 1 19.0
1433024840586 1 19.0
1433024840686 1 19.0
1433024840786 1 19.0
1433024840757 0 14.0
1433024840857 0 14.0
1433024840958 0 14.0
1433024841058 0 14.0
1433024841159 0 13.0
1433024841259 0 14.0
1433024840887 1 19.0
1433024840987 1 19.0
1433024841087 1 19.0
1433024841188 1 19.0
1433024841289 1 19.0
1433024841390 1 19.0
1433024841359 0 14.0
1433024841459 0 14.0
1433024841559 0 14.0
1433024841659 0 14.0
1433024841760 0 14.0
1433024841860 0 14.0
1433024841960 0 14.0
1433024841490 1 19.0
1433024841590 1 19.0
1433024841690 1 19.0
1433024841792 1 19.0
1433024841893 1 19.0
1433024841995 1 19.0
1433024842060 0 14.0
1433024842160 0 14.0
1433024842261 0 14.0
1433024842361 0 14.0
1433024842462 0 14.0
1433024842562 0 14.0
1433024842096 1 19.0
1433024842198 1 19.0
1433024842300 1 19.0
1433024842401 1 19.0
1433024842502 1 19.0
1433024842603 1 19.0
1433024842704 1 19.0
1433024842663 0 14.0
1433024842763 0 14.0
1433024842863 0 14.0
1433024842963 0 14.0
1433024842804 1 19.0
1433024842905 1 19.0
1433024843007 1 19.0
1433024843063 0 14.0
1433024843164 0 14.0
1433024843264 0 14.0
1433024843109 1 19.0
1433024843211 1 19.0
1433024843311 1 19.0
1433024843413 1 19.0
1433024843514 1 19.0
1433024843615 1 19.0
1433024843365 0 14.0
1433024843466 0 14.0
1433024843567 0 14.0
1433024843667 0 14.0
1433024843767 0 14.0
1433024843867 0 14.0
1433024843717 1 19.0
1433024843819 1 19.0
1433024843919 1 19.0
1433024843967 0 14.0
1433024844068 0 14.0
1433024844167 0 14.0
1433024844020 1 19.0
1433024844121 1 19.0
1433024844222 1 19.0
1433024844268 0 14.0
1433024844368 0 14.0
1433024844469 0 14.0
1433024844323 1 19.0
1433024844425 1 19.0
1433024844526 1 19.0
1433024844628 1 19.0
1433024844569 0 14.0
1433024844669 0 14.0
1433024844769 0 14.0
1433024844869 0 14.0
1433024844969 0 14.0
1433024845069 0 14.0
1433024845169 0 14.0
1433024845269 0 14.0
1433024845370 0 14.0
1433024845470 0 14.0
1433024845571 0 14.0
1433024845671 0 14.0
1433024845772 0 14.0
1433024844729 1 19.0
1433024844831 1 19.0
1433024844933 1 19.0
1433024845035 1 19.0
1433024845136 1 19.0
1433024845237 1 19.0
1433024845338 1 19.0
1433024845440 1 19.0
1433024845542 1 19.0
1433024845643 1 19.0
1433024845744 1 19.0
1433024845844 1 19.0
1433024845872 0 14.0
1433024845972 0 14.0
1433024846072 0 14.0
1433024845947 1 19.0
1433024846048 1 19.0
1433024846150 1 19.0
1433024846172 0 14.0
1433024846273 0 14.0
1433024846373 0 14.0
1433024846250 1 19.0
1433024846353 1 19.0
1433024846454 1 19.0
1433024846474 0 14.0
1433024846574 0 12.0
1433024846674 0 12.0
1433024846774 0 12.0
1433024846555 1 19.0
1433024846657 1 19.0
1433024846758 1 19.0
1433024846874 0 13.0
1433024846974 0 13.0
1433024847074 0 13.0
1433024847175 0 13.0
1433024847275 0 13.0
1433024847376 0 13.0
1433024846859 1 19.0
1433024846959 1 19.0
1433024847060 1 19.0
1433024847161 1 19.0
1433024847261 1 19.0
1433024847362 1 19.0
1433024847463 1 19.0
1433024847476 0 13.0
1433024847577 0 13.0
1433024847677 0 13.0
1433024847777 0 13.0
1433024847877 0 13.0
1433024847564 1 19.0
1433024847666 1 19.0
1433024847767 1 19.0
1433024847869 1 19.0
1433024847969 1 19.0
1433024847977 0 12.0
1433024848077 0 12.0
1433024848177 0 12.0
1433024848277 0 12.0
1433024848377 0 12.0
1433024848478 0 12.0
1433024848070 1 19.0
1433024848173 1 19.0
1433024848274 1 19.0
1433024848375 1 19.0
1433024848477 1 19.0
1433024848579 1 19.0
1433024848578 0 12.0
1433024848679 0 12.0
1433024848779 0 12.0
1433024848680 1 19.0
1433024848781 1 19.0
1433024848881 1 19.0
1433024848983 1 19.0
1433024849084 1 19.0
1433024848879 0 12.0
1433024848979 0 12.0
1433024849079 0 12.0
1433024849179 0 12.0
1433024849279 0 12.0
1433024849185 1 19.0
1433024849286 1 19.0
1433024849387 1 19.0
1433024849380 0 12.0
1433024849480 0 12.0
1433024849581 0 12.0
1433024849488 1 19.0
1433024849588 1 19.0
1433024849690 1 19.0
1433024849681 0 12.0
1433024849781 0 13.0
1433024849881 0 13.0
1433024849981 0 13.0
1433024850082 0 13.0
1433024850181 0 14.0
1433024849791 1 19.0
1433024849893 1 19.0
1433024849993 1 19.0
1433024850093 1 19.0
1433024850195 1 19.0
1433024850296 1 19.0
1433024850282 0 14.0
1433024850382 0 14.0
1433024850483 0 14.0
1433024850583 0 14.0
1433024850683 0 14.0
1433024850783 0 14.0
1433024850396 1 19.0
1433024850498 1 19.0
1433024850600 1 19.0
1433024850701 1 19.0
1433024850803 1 19.0
1433024850904 1 19.0
1433024850883 0 14.0
1433024850983 0 14.0
1433024851083 0 14.0
1433024851183 0 14.0
1433024851283 0 14.0
1433024851384 0 14.0
1433024851484 0 14.0
1433024851007 1 19.0
1433024851108 1 19.0
1433024851209 1 19.0
1433024851311 1 19.0
1433024851412 1 19.0
1433024851513 1 19.0
1433024851585 0 14.0
1433024851686 0 14.0
1433024851786 0 14.0
1433024851886 0 14.0
1433024851614 1 19.0
1433024851716 1 19.0
1433024851818 1 19.0
1433024851919 1 19.0
1433024852020 1 19.0
1433024852121 1 19.0
1433024852222 1 19.0
1433024852323 1 19.0
1433024852425 1 19.0
1433024852527 1 19.0
1433024852628 1 19.0
1433024852730 1 19.0
1433024851986 0 14.0
1433024852086 0 14.0
1433024852186 0 14.0
1433024852286 0 14.0
1433024852387 0 14.0
1433024852486 0 14.0
1433024852587 0 14.0
1433024852687 0 14.0
1433024852787 0 14.0
1433024852887 0 14.0
1433024852987 0 14.0
1433024853087 0 14.0
1433024853187 0 14.0
1433024853287 0 14.0
1433024852830 1 19.0
1433024852931 1 19.0
1433024853033 1 19.0
1433024853133 1 19.0
1433024853235 1 19.0
1433024853337 1 19.0
1433024853387 0 14.0
1433024853487 0 14.0
1433024853587 0 14.0
1433024853687 0 14.0
1433024853787 0 14.0
1433024853887 0 14.0
1433024853438 1 19.0
1433024853539 1 19.0
1433024853640 1 19.0
1433024853742 1 19.0
1433024853842 1 19.0
1433024853944 1 19.0
1433024853987 0 14.0
1433024854087 0 14.0
1433024854187 0 14.0
1433024854288 0 14.0
1433024854387 0 14.0
1433024854488 0 14.0
1433024854045 1 19.0
1433024854147 1 19.0
1433024854249 1 19.0
1433024854350 1 19.0
1433024854452 1 19.0
1433024854553 1 19.0
1433024854588 0 14.0
1433024854689 0 14.0
1433024854789 0 14.0
1433024854889 0 14.0
1433024854989 0 14.0
1433024855089 0 14.0
1433024855189 0 14.0
1433024854654 1 19.0
1433024854757 1 19.0
1433024854858 1 19.0
1433024854958 1 19.0
1433024855059 1 19.0
1433024855159 1 19.0
1433024855259 1 19.0
1433024855289 0 14.0
1433024855389 0 14.0
1433024855489 0 14.0
1433024855590 0 14.0
1433024855690 0 14.0
1433024855791 0 14.0
1433024855359 1 19.0
1433024855461 1 19.0
1433024855562 1 19.0
1433024855664 1 19.0
1433024855765 1 19.0
1433024855865 1 19.0
1433024855966 1 19.0
1433024855891 0 14.0
1433024855992 0 14.0
1433024856092 0 14.0
1433024856192 0 14.0
1433024856067 1 19.0
1433024856167 1 19.0
1433024856268 1 19.0
1433024856368 1 19.0
1433024856470 1 19.0
1433024856292 0 14.0
1433024856392 0 14.0
1433024856492 0 14.0
1433024856592 0 14.0
1433024856692 0 14.0
1433024856571 1 19.0
1433024856673 1 19.0
1433024856773 1 19.0
1433024856793 0 14.0
1433024856893 0 14.0
1433024856993 0 14.0
1433024857093 0 14.0
1433024857193 0 14.0
1433024857293 0 14.0
1433024856874 1 19.0
1433024856975 1 19.0
1433024857077 1 19.0
1433024857178 1 19.0
1433024857279 1 19.0
1433024857380 1 19.0
1433024857393 0 14.0
1433024857494 0 14.0
1433024857594 0 14.0
1433024857696 0 14.0
1433024857794 0 14.0
1433024857894 0 14.0
1433024857480 1 19.0
1433024857581 1 19.0
1433024857681 1 19.0
1433024857783 1 19.0
1433024857884 1 19.0
1433024857986 1 19.0
1433024858087 1 19.0
1433024858189 1 19.0
1433024858290 1 19.0
1433024858391 1 19.0
1433024858492 1 19.0
1433024858593 1 19.0
1433024857994 0 14.0
1433024858094 0 14.0
1433024858195 0 14.0
1433024858296 0 14.0
1433024858396 0 14.0
1433024858497 0 14.0
1433024858694 1 19.0
1433024858794 1 19.0
1433024858597 0 14.0
1433024858697 0 14.0
1433024858797 0 14.0
1433024858897 0 14.0
1433024858998 0 14.0
1433024858895 1 19.0
1433024858997 1 19.0
1433024859098 1 19.0
1433024859098 0 14.0
1433024859199 0 14.0
1433024859299 0 14.0
1433024859400 0 14.0
1433024859500 0 14.0
1433024859601 0 14.0
1433024859701 0 14.0
1433024859801 0 14.0
1433024859199 1 19.0
1433024859300 1 19.0
1433024859401 1 19.0
1433024859502 1 19.0
1433024859604 1 19.0
1433024859705 1 19.0
1433024859806 1 19.0
1433024859901 0 14.0
1433024860001 0 14.0
1433024860102 0 14.0
1433024860201 0 14.0
1433024860302 0 14.0
1433024860401 0 14.0
1433024859907 1 19.0
1433024860008 1 19.0
1433024860109 1 19.0
1433024860211 1 19.0
1433024860311 1 19.0
1433024860413 1 19.0
1433024860502 0 14.0
1433024860601 0 14.0
1433024860702 0 14.0
1433024860801 0 14.0
1433024860901 0 14.0
1433024861001 0 14.0
1433024860514 1 19.0
1433024860616 1 19.0
1433024860717 1 19.0
1433024860819 1 19.0
1433024860921 1 19.0
1433024861023 1 19.0
1433024861101 0 14.0
1433024861201 0 14.0
1433024861301 0 14.0
1433024861401 0 14.0
1433024861502 0 14.0
1433024861602 0 14.0
1433024861124 1 19.0
1433024861226 1 19.0
1433024861327 1 19.0
1433024861429 1 19.0
1433024861531 1 19.0
1433024861631 1 19.0
1433024861703 0 14.0
1433024861803 0 14.0
1433024861903 0 14.0
1433024862003 0 14.0
1433024862103 0 14.0
1433024862203 0 14.0
1433024861732 1 19.0
1433024861834 1 19.0
1433024861935 1 19.0
1433024862037 1 19.0
1433024862137 1 19.0
1433024862239 1 19.0
1433024862303 0 14.0
1433024862403 0 14.0
1433024862503 0 14.0
1433024862604 0 14.0
1433024862704 0 14.0
1433024862805 0 14.0
1433024862340 1 19.0
1433024862442 1 19.0
1433024862544 1 19.0
1433024862644 1 19.0
1433024862745 1 19.0
1433024862847 1 19.0
1433024862905 0 14.0
1433024863005 0 14.0
1433024863105 0 14.0
1433024863205 0 14.0
1433024863305 0 14.0
1433024863405 0 14.0
1433024862948 1 19.0
1433024863050 1 19.0
1433024863151 1 19.0
1433024863253 1 19.0
1433024863355 1 19.0
1433024863457 1 19.0
1433024863559 1 19.0
1433024863658 1 19.0
1433024863759 1 19.0
1433024863860 1 19.0
1433024863960 1 19.0
1433024864062 1 19.0
1433024863506 0 14.0
1433024863606 0 14.0
1433024863706 0 14.0
1433024863807 0 14.0
1433024863907 0 14.0
1433024864007 0 14.0
1433024864107 0 14.0
1433024864207 0 14.0
1433024864307 0 14.0
1433024864407 0 14.0
1433024864507 0 14.0
1433024864607 0 14.0
1433024864708 0 14.0
1433024864163 1 19.0
1433024864265 1 19.0
1433024864367 1 19.0
1433024864469 1 19.0
1433024864570 1 19.0
1433024864672 1 19.0
1433024864773 1 19.0
1433024864808 0 14.0
1433024864909 0 14.0
1433024865009 0 14.0
1433024865109 0 14.0
1433024865209 0 14.0
1433024865309 0 14.0
1433024864874 1 19.0
1433024864976 1 19.0
1433024865077 1 19.0
1433024865179 1 19.0
1433024865279 1 19.0
1433024865380 1 19.0
1433024865409 0 14.0
1433024865509 0 14.0
1433024865609 0 14.0
1433024865709 0 14.0
1433024865809 0 14.0
1433024865909 0 14.0
1433024865481 1 19.0
1433024865582 1 19.0
1433024865682 1 19.0
1433024865783 1 19.0
1433024865885 1 19.0
1433024865985 1 19.0
1433024866009 0 14.0
1433024866109 0 14.0
1433024866210 0 14.0
1433024866310 0 14.0
1433024866411 0 14.0
1433024866511 0 14.0
1433024866086 1 19.0
1433024866187 1 19.0
1433024866288 1 19.0
1433024866389 1 19.0
1433024866490 1 19.0
1433024866592 1 19.0
1433024866611 0 14.0
1433024866711 0 14.0
1433024866811 0 14.0
1433024866912 0 14.0
1433024867012 0 14.0
1433024867113 0 14.0
1433024866693 1 19.0
1433024866794 1 19.0
1433024866895 1 19.0
1433024866997 1 19.0
1433024867098 1 19.0
1433024867199 1 19.0
1433024867213 0 14.0
1433024867314 0 14.0
1433024867414 0 14.0
1433024867515 0 14.0
1433024867616 0 14.0
1433024867716 0 14.0
1433024867300 1 19.0
1433024867401 1 19.0
1433024867502 1 19.0
1433024867604 1 19.0
1433024867706 1 19.0
1433024867808 1 19.0
1433024867817 0 14.0
1433024867917 0 14.0
1433024868018 0 14.0
1433024868118 0 14.0
1433024868218 0 14.0
1433024868318 0 14.0
1433024867908 1 19.0
1433024868008 1 19.0
1433024868110 1 19.0
1433024868212 1 19.0
1433024868314 1 19.0
1433024868416 1 19.0
1433024868418 0 14.0
1433024868518 0 14.0
1433024868618 0 14.0
1433024868718 0 14.0
1433024868818 0 14.0
1433024868919 0 14.0
1433024868518 1 19.0
1433024868619 1 19.0
1433024868720 1 19.0
1433024868822 1 19.0
1433024868923 1 19.0
1433024869024 1 19.0
1433024869018 0 14.0
1433024869119 0 14.0
1433024869219 0 14.0
1433024869320 0 14.0
1433024869420 0 14.0
1433024869521 0 14.0
1433024869621 0 14.0
1433024869126 1 19.0
1433024869228 1 19.0
1433024869328 1 19.0
1433024869431 1 19.0
1433024869533 1 19.0
1433024869634 1 19.0
1433024869722 0 14.0
1433024869822 0 14.0
1433024869922 0 14.0
1433024870022 0 14.0
1433024870122 0 14.0
1433024870222 0 14.0
1433024869735 1 19.0
1433024869836 1 19.0
1433024869937 1 19.0
1433024870037 1 19.0
1433024870138 1 19.0
1433024870240 1 19.0
1433024870322 0 14.0
1433024870422 0 14.0
1433024870522 0 14.0
1433024870622 0 14.0
1433024870722 0 14.0
1433024870823 0 14.0
1433024870342 1 19.0
1433024870443 1 19.0
1433024870545 1 19.0
1433024870647 1 19.0
1433024870749 1 19.0
1433024870851 1 19.0
1433024870923 0 14.0
1433024871024 0 14.0
1433024871124 0 14.0
1433024871225 0 14.0
1433024871326 0 14.0
1433024871426 0 14.0
1433024870950 1 19.0
1433024871052 1 19.0
1433024871153 1 19.0
1433024871254 1 19.0
1433024871356 1 19.0
1433024871457 1 19.0
1433024871527 0 14.0
1433024871627 0 14.0
1433024871727 0 14.0
1433024871827 0 14.0
1433024871927 0 14.0
1433024872027 0 14.0
1433024871558 1 19.0
1433024871660 1 19.0
1433024871761 1 19.0
1433024871862 1 19.0
1433024871962 1 19.0
1433024872064 1 19.0
1433024872128 0 14.0
1433024872228 0 14.0
1433024872329 0 14.0
1433024872429 0 14.0
1433024872530 0 14.0
1433024872630 0 14.0
1433024872165 1 19.0
1433024872266 1 19.0
1433024872368 1 19.0
1433024872470 1 19.0
1433024872572 1 19.0
1433024872673 1 19.0
1433024872774 1 19.0
1433024872730 0 14.0
1433024872830 0 14.0
1433024872930 0 14.0
1433024873030 0 14.0
1433024872874 1 19.0
1433024872975 1 19.0
1433024873076 1 19.0
1433024873178 1 19.0
1433024873130 0 14.0
1433024873230 0 14.0
1433024873279 1 19.0
1433024873330 0 14.0
1433024873380 1 19.0
1433024873430 0 14.0
1433024873480 1 19.0
1433024873530 0 14.0
1433024873581 1 19.0
1433024873630 0 14.0
1433024873681 1 19.0
1433024873730 0 14.0
1433024873783 1 19.0
1433024873830 0 14.0
1433024873883 1 19.0
1433024873930 0 14.0
1433024873984 1 19.0
1433024874030 0 14.0
1433024874130 0 14.0
1433024874230 0 14.0
1433024874330 0 14.0
1433024874430 0 14.0
1433024874530 0 14.0
1433024874085 1 19.0
1433024874185 1 19.0
1433024874287 1 19.0
1433024874388 1 19.0
1433024874490 1 19.0
1433024874590 1 19.0
1433024874630 0 14.0
1433024874730 0 14.0
1433024874830 0 14.0
1433024874930 0 14.0
1433024875030 0 14.0
1433024875130 0 14.0
1433024874691 1 19.0
1433024874793 1 19.0
1433024874895 1 19.0
1433024874996 1 19.0
1433024875097 1 19.0
1433024875198 1 19.0
1433024875230 0 14.0
1433024875330 0 14.0
1433024875430 0 14.0
1433024875530 0 14.0
1433024875630 0 14.0
1433024875730 0 14.0
1433024875299 1 19.0
1433024875401 1 19.0
1433024875503 1 19.0
1433024875604 1 19.0
1433024875705 1 19.0
1433024875806 1 19.0
1433024875830 0 14.0
1433024875930 0 14.0
1433024876030 0 14.0
1433024876133 0 14.0
1433024876233 0 14.0
1433024876333 0 14.0
1433024875906 1 19.0
1433024876006 1 19.0
1433024876108 1 19.0
1433024876210 1 19.0
1433024876310 1 19.0
1433024876411 1 19.0
1433024876433 0 14.0
1433024876534 0 14.0
1433024876634 0 14.0
1433024876735 0 14.0
1433024876835 0 14.0
1433024876935 0 14.0
1433024876512 1 19.0
1433024876614 1 19.0
1433024876716 1 19.0
1433024876818 1 19.0
1433024876919 1 19.0
1433024877020 1 19.0
1433024877036 0 14.0
1433024877135 0 14.0
1433024877236 0 14.0
1433024877336 0 14.0
1433024877121 1 19.0
1433024877221 1 19.0
1433024877322 1 19.0
1433024877424 1 19.0
1433024877437 0 14.0
1433024877537 0 14.0
1433024877637 0 14.0
1433024877737 0 14.0
1433024877837 0 14.0
1433024877937 0 14.0
1433024878037 0 14.0
1433024878137 0 14.0
1433024878237 0 14.0
1433024877526 1 19.0
1433024877627 1 19.0
1433024877729 1 19.0
1433024877831 1 19.0
1433024877932 1 19.0
1433024878034 1 19.0
1433024878136 1 19.0
1433024878237 1 19.0
1433024878337 0 14.0
1433024878437 0 14.0
1433024878538 0 14.0
1433024878638 0 14.0
1433024878739 0 14.0
1433024878839 0 14.0
1433024878338 1 19.0
1433024878440 1 19.0
1433024878542 1 19.0
1433024878643 1 19.0
1433024878745 1 19.0
1433024878847 1 19.0
1433024878939 0 14.0
1433024879039 0 14.0
1433024879140 0 14.0
1433024879241 0 14.0
1433024878948 1 19.0
1433024879049 1 19.0
1433024879150 1 19.0
1433024879251 1 19.0
1433024879341 0 14.0
1433024879442 0 14.0
1433024879352 1 19.0
1433024879454 1 19.0
1433024879554 1 19.0
1433024879657 1 19.0
1433024879542 0 14.0
1433024879642 0 14.0
1433024879742 0 14.0
1433024879758 1 19.0
1433024879859 1 19.0
1433024879960 1 19.0
1433024880060 1 19.0
1433024880161 1 19.0
1433024880262 1 19.0
1433024879842 0 14.0
1433024879942 0 14.0
1433024880042 0 14.0
1433024880142 0 14.0
1433024880243 0 14.0
