1433025074612 1 19.0
1433025074714 1 19.0
1433025074817 1 19.0
1433025074918 1 19.0
1433025075018 1 19.0
1433025075118 1 19.0
1433025075219 1 19.0
1433025075320 1 19.0
1433025075421 1 19.0
1433025075523 1 19.0
1433025075624 1 19.0
1433025075725 1 19.0
1433025075826 1 19.0
1433025075927 1 19.0
1433025076029 1 19.0
1433025076131 1 19.0
1433025076232 1 19.0
1433025076332 1 19.0
1433025076433 1 19.0
1433025076536 1 19.0
1433025076637 1 19.0
1433025076739 1 19.0
1433025076841 1 19.0
1433025076941 1 19.0
1433025077041 1 19.0
1433025077142 1 19.0
1433025077242 1 19.0
1433025077342 1 19.0
1433025077442 1 19.0
1433025077542 1 19.0
1433025077646 1 19.0
1433025077747 1 19.0
1433025077847 1 19.0
1433025077948 1 19.0
1433025078049 1 19.0
1433025078150 1 19.0
1433025078250 1 19.0
1433025078352 1 19.0
1433025078454 1 19.0
1433025078556 1 19.0
1433025078658 1 19.0
1433025078758 1 19.0
1433025078860 1 19.0
1433025078961 1 19.0
1433025079063 1 19.0
1433025079164 1 19.0
1433025079265 1 19.0
1433025079367 1 19.0
1433025079468 1 19.0
1433025079569 1 19.0
1433025079670 1 19.0
1433025079771 1 19.0
1433025079873 1 19.0
1433025079974 1 19.0
1433025080075 1 19.0
1433025080176 1 5.0
1433025080279 1 4.0
1433025080379 1 3.0
1433025080479 1 3.0
1433025080579 1 2.0
1433025080679 1 2.0
1433025080781 1 2.0
1433025080882 1 2.0
1433025080983 1 2.0
1433025081084 1 2.0
1433025081186 1 2.0
1433025081287 1 2.0
1433025081388 1 2.0
1433025081489 1 2.0
1433025081590 1 2.0
1433025081691 1 2.0
1433025081793 1 2.0
1433025081894 1 2.0
1433025081995 1 2.0
1433025082097 1 2.0
1433025082198 1 2.0
1433025082298 1 2.0
1433025082399 1 2.0
1433025082500 1 2.0
1433025082601 1 2.0
1433025082701 1 2.0
1433025082802 1 2.0
1433025082903 1 2.0
1433025083004 1 2.0
1433025083106 1 2.0
1433025083207 1 2.0
1433025083308 1 2.0
1433025083409 1 2.0
1433025083510 1 2.0
1433025083611 1 2.0
1433025083712 1 2.0
1433025083814 1 2.0
1433025083915 1 2.0
1433025084016 1 2.0
1433025084118 1 2.0
1433025084219 1 2.0
1433025084319 1 2.0
1433025084420 1 2.0
1433025084522 1 2.0
1433025084623 1 2.0
1433025084724 1 2.0
1433025084826 1 2.0
1433025084928 1 2.0
1433025085030 1 2.0
1433025085131 1 2.0
1433025085232 1 2.0
1433025085333 1 2.0
1433025085433 1 2.0
1433025085533 1 2.0
1433025085637 1 2.0
1433025085737 1 2.0
1433025085839 1 2.0
1433025085940 1 2.0
1433025086042 1 2.0
1433025086144 1 2.0
1433025086246 1 2.0
1433025086348 1 2.0
1433025086449 1 2.0
1433025086551 1 2.0
1433025086653 1 2.0
1433025086755 1 2.0
1433025086857 1 2.0
1433025086959 1 2.0
1433025087061 1 2.0
1433025087163 1 2.0
1433025087264 1 2.0
1433025087365 1 2.0
1433025087467 1 2.0
1433025087569 1 2.0
1433025087670 1 2.0
1433025087770 1 2.0
1433025087870 1 2.0
1433025087971 1 2.0
1433025088073 1 2.0
1433025088175 1 2.0
1433025088277 1 2.0
1433025088377 1 2.0
1433025088478 1 2.0
1433025088578 1 2.0
1433025088679 1 2.0
1433025088780 1 2.0
1433025088881 1 2.0
1433025088984 1 2.0
1433025089086 1 2.0
1433025089188 1 2.0
1433025089289 1 2.0
1433025089390 1 2.0
1433025089491 1 2.0
1433025089591 1 2.0
1433025089692 1 2.0
1433025089793 1 2.0
1433025089894 1 2.0
1433025089995 1 2.0
1433025090095 1 2.0
1433025090196 1 2.0
1433025090297 1 2.0
1433025090397 1 2.0
1433025090498 1 2.0
1433025090599 1 2.0
1433025090700 1 2.0
1433025090802 1 2.0
1433025090904 1 2.0
1433025091005 1 2.0
1433025091106 1 2.0
1433025091206 1 2.0
1433025091308 1 2.0
1433025091408 1 2.0
1433025091509 1 2.0
1433025091610 1 3.0
1433025091711 1 8.0
1433025091811 1 9.0
1433025091912 1 13.0
1433025092013 1 17.0
1433025092114 1 18.0
1433025092216 1 18.0
1433025092316 1 15.0
1433025092417 1 7.0
1433025092517 1 2.0
1433025092618 1 2.0
1433025092719 1 2.0
1433025092820 1 2.0
1433025092920 1 2.0
1433025093020 1 2.0
1433025093120 1 2.0
1433025093228 1 2.0
1433025093329 1 2.0
1433025093431 1 2.0
1433025093532 1 2.0
1433025093633 1 2.0
1433025093734 1 2.0
1433025093837 1 2.0
1433025093937 1 2.0
1433025094038 1 2.0
1433025094139 1 2.0
1433025094240 1 2.0
1433025094341 1 2.0
1433025094442 1 2.0
1433025094542 1 2.0
1433025094643 1 2.0
1433025094745 1 2.0
1433025094847 1 2.0
1433025094949 1 2.0
1433025095057 1 2.0
1433025095156 1 2.0
1433025095257 1 2.0
1433025095357 1 2.0
1433025095459 1 2.0
1433025095561 1 2.0
1433025095662 1 2.0
1433025095763 1 2.0
1433025095863 1 2.0
1433025095964 1 2.0
1433025096066 1 2.0
1433025096166 1 2.0
1433025096267 1 2.0
1433025096368 1 2.0
1433025096470 1 2.0
1433025096572 1 2.0
1433025096672 1 2.0
1433025096772 1 2.0
1433025096873 1 2.0
1433025096976 1 2.0
1433025097077 1 2.0
1433025097179 1 2.0
1433025097280 1 2.0
1433025097381 1 2.0
1433025097481 1 2.0
1433025097583 1 2.0
1433025097684 1 2.0
1433025097785 1 2.0
1433025097886 1 2.0
1433025097986 1 2.0
1433025098086 1 2.0
1433025098188 1 2.0
1433025098289 1 2.0
1433025098390 1 2.0
1433025098491 1 2.0
1433025098593 1 2.0
1433025098693 1 2.0
1433025098793 1 2.0
1433025098894 1 2.0
1433025098994 1 2.0
1433025099095 1 4.0
1433025099195 1 4.0
1433025099296 1 7.0
1433025099396 1 10.0
1433025099498 1 15.0
1433025099599 1 19.0
1433025099699 1 19.0
1433025099799 1 19.0
1433025099899 1 19.0
1433025100000 1 19.0
1433025100102 1 19.0
1433025100202 1 19.0
1433025100303 1 19.0
1433025100405 1 19.0
1433025100506 1 19.0
1433025100607 1 19.0
1433025100708 1 19.0
1433025100809 1 19.0
1433025100910 1 19.0
1433025101011 1 19.0
1433025101111 1 19.0
1433025101211 1 19.0
1433025101311 1 19.0
1433025101413 1 19.0
1433025101513 1 19.0
1433025101614 1 19.0
1433025101715 1 19.0
1433025101816 1 19.0
1433025101917 1 19.0
1433025102016 1 19.0
1433025102117 1 19.0
1433025102218 1 19.0
1433025102320 1 19.0
1433025102421 1 19.0
1433025102521 1 19.0
1433025102622 1 19.0
1433025102723 1 19.0
1433025102825 1 19.0
1433025102926 1 19.0
1433025103027 1 19.0
1433025103127 1 19.0
1433025103228 1 19.0
1433025103329 1 19.0
1433025103430 1 19.0
1433025103532 1 19.0
1433025103633 1 19.0
1433025103734 1 19.0
1433025103834 1 19.0
1433025103936 1 19.0
1433025104038 1 19.0
1433025104139 1 19.0
1433025104240 1 19.0
1433025104342 1 19.0
1433025104443 1 19.0
1433025104544 1 19.0
1433025104645 1 19.0
1433025104747 1 19.0
1433025104848 1 19.0
1433025104950 1 19.0
1433025105051 1 19.0
1433025105152 1 19.0
1433025105253 1 19.0
1433025105355 1 19.0
1433025105457 1 19.0
1433025105559 1 19.0
1433025105660 1 19.0
1433025105760 1 19.0
1433025105862 1 19.0
1433025105963 1 19.0
1433025106064 1 19.0
1433025106165 1 19.0
1433025106267 1 19.0
1433025106369 1 19.0
1433025106470 1 19.0
1433025106572 1 19.0
1433025106674 1 19.0
1433025106775 1 19.0
1433025106877 1 19.0
1433025106978 1 19.0
1433025107079 1 19.0
1433025107180 1 19.0
1433025107281 1 19.0
1433025107382 1 19.0
1433025107484 1 19.0
1433025107587 1 19.0
1433025107689 1 19.0
1433025107790 1 19.0
1433025107890 1 19.0
1433025107992 1 19.0
1433025108093 1 19.0
1433025108195 1 19.0
1433025108296 1 19.0
1433025108398 1 19.0
1433025108499 1 19.0
1433025108599 1 19.0
1433025108700 1 19.0
1433025108800 1 19.0
1433025108901 1 19.0
1433025109003 1 19.0
1433025109104 1 19.0
1433025109206 1 19.0
1433025109308 1 19.0
1433025109409 1 19.0
1433025109510 1 19.0
1433025109612 1 19.0
1433025109713 1 19.0
1433025109816 1 19.0
1433025109917 1 19.0
1433025110018 1 19.0
1433025110119 1 19.0
1433025110219 1 19.0
1433025110320 1 19.0
1433025110422 1 19.0
1433025110523 1 19.0
1433025110624 1 19.0
1433025110725 1 19.0
1433025110826 1 19.0
1433025110926 1 19.0
1433025111026 1 19.0
1433025111128 1 19.0
1433025111229 1 19.0
1433025111329 1 19.0
1433025111431 1 19.0
1433025111532 1 19.0
1433025111634 1 19.0
1433025111736 1 19.0
1433025111838 1 19.0
1433025111939 1 19.0
1433025112040 1 19.0
1433025112140 1 19.0
1433025112241 1 19.0
1433025112342 1 19.0
1433025112443 1 19.0
1433025112544 1 19.0
1433025112646 1 19.0
1433025112747 1 19.0
1433025112848 1 19.0
1433025112949 1 19.0
1433025113049 1 19.0
1433025113151 1 19.0
