1432904091558 0 140.0
1432904091714 0 42.0
1432904091870 0 15.0
1432904092026 0 3.0
1432904096960 0 163.0
1432904097116 0 68.0
1432904097272 0 64.0
1432904096821 1 112.0
1432904097428 0 82.0
1432904097584 0 89.0
1432904096978 1 84.0
1432904097135 1 3.0
1432904097896 0 138.0
1432904097291 1 3.0
1432904098052 0 166.0
1432904097657 1 3.0
1432904098571 0 198.0
1432904098934 0 221.0
1432904099090 0 224.0
1432904100960 0 253.0
1432904101220 0 267.0
1432904101687 0 295.0
1432904101999 0 267.0
1432904103920 0 295.0
1432904104199 1 326.0
1432904104960 0 98.0
1432904104356 1 590.0
1432904105116 0 618.0
1432904105272 0 660.0
1432904111453 0 154.0
1432904111609 0 112.0
1432904111869 0 14.0
1432904112025 0 2.0
1432904112336 0 2.0
1432904113375 0 5.0
1432904113881 1 491.0
1432904114038 1 576.0
1432904114778 0 2.0
1432904114456 1 210.0
1432904114613 1 28.0
1432904114771 1 3.0
1432904115609 0 235.0
1432904115765 0 646.0
1432904115136 1 3.0
1432904118778 0 407.0
1432904118986 0 337.0
1432904119142 0 252.0
1432904119298 0 55.0
1432904119454 0 10.0
1432904119609 0 5.0
1432904119427 1 469.0
1432904120181 0 6.0
1432904119584 1 463.0
1432904120265 1 520.0
1432904121220 0 6.0
