1433149496019 0 0.0784531980752945 -0.0784531980752945 10.551955223083496
1433149494056 1 3.295034408569336 8.94366455078125 2.9812214374542236
1433149496119 0 0.03922659903764725 -0.03922659903764725 10.551955223083496
1433149494156 1 3.255807638168335 8.982891082763672 3.0989012718200684
1433149496219 0 -0.0784531980752945 -0.0 10.551955223083496
1433149494257 1 3.295034408569336 9.100570678710938 2.7066352367401123
1433149496320 0 -0.03922659903764725 -0.0 10.473502159118652
1433149494357 1 3.216581106185913 8.982891082763672 2.824315071105957
1433149496420 0 -0.0 -0.03922659903764725 10.591181755065918
1433149494457 1 3.255807638168335 9.061344146728516 2.90276837348938
1433149496521 0 -0.03922659903764725 -0.03922659903764725 10.591181755065918
1433149494557 1 0.8629851937294006 9.375157356262207 2.039783239364624
1433149496622 0 -0.03922659903764725 -0.0784531980752945 10.551955223083496
1433149494657 1 11.689526557922363 3.216581106185913 3.648073673248291
1433149496723 0 0.0784531980752945 -0.0784531980752945 10.473502159118652
1433149494757 1 18.27959442138672 5.491724014282227 6.237029075622559
1433149496823 0 -0.0 -0.03922659903764725 10.395049095153809
1433149494857 1 11.61107349395752 7.374600410461426 -2.7458620071411133
1433149496923 0 0.0784531980752945 -0.0784531980752945 10.551955223083496
1433149494957 1 7.25692081451416 2.510502338409424 -6.001669883728027
1433149497029 0 -0.0784531980752945 -0.03922659903764725 10.473502159118652
1433149495057 1 3.8442068099975586 -20.005565643310547 -1.8436501026153564
1433149497130 0 -0.03922659903764725 -0.03922659903764725 10.551955223083496
1433149495158 1 -20.005565643310547 -20.005565643310547 9.92432975769043
1433149497230 0 -0.03922659903764725 -0.03922659903764725 10.473502159118652
1433149495258 1 20.005565643310547 20.005565643310547 -20.005565643310547
1433149497330 0 0.03922659903764725 -0.0784531980752945 10.551955223083496
1433149495359 1 -20.005565643310547 -16.082904815673828 1.9221034049987793
1433149497430 0 0.03922659903764725 -0.0 10.512728691101074
1433149495460 1 20.005565643310547 20.005565643310547 -8.159132957458496
1433149497530 0 0.0784531980752945 -0.11767979711294174 10.512728691101074
1433149495561 1 -20.005565643310547 -20.005565643310547 9.610516548156738
1433149497630 0 -0.0 -0.03922659903764725 10.43427562713623
1433149495661 1 20.005565643310547 20.005565643310547 -20.005565643310547
1433149497731 0 0.03922659903764725 -0.11767979711294174 10.512728691101074
1433149495762 1 -20.005565643310547 -20.005565643310547 20.005565643310547
1433149497832 0 -0.0 -0.0784531980752945 10.512728691101074
1433149495862 1 -9.885103225708008 -6.825428009033203 12.552511215209961
1433149497933 0 0.03922659903764725 -0.0 10.43427562713623
1433149495962 1 20.005565643310547 20.005565643310547 -13.29781723022461
1433149498033 0 -0.0 -0.03922659903764725 10.512728691101074
1433149496062 1 -20.005565643310547 -20.005565643310547 6.393935680389404
1433149498133 0 -0.03922659903764725 -0.0 10.395049095153809
1433149496163 1 20.005565643310547 0.3922659754753113 7.335373878479004
1433149498234 0 0.03922659903764725 -0.11767979711294174 10.551955223083496
1433149496263 1 -19.691753387451172 -17.14202308654785 0.156906396150589
1433149498334 0 0.0784531980752945 -0.0784531980752945 10.551955223083496
1433149496364 1 -20.005565643310547 -15.4945068359375 16.004451751708984
1433149498434 0 -0.0 -0.0 10.551955223083496
1433149496466 1 20.005565643310547 20.005565643310547 -10.316595077514648
1433149498536 0 -0.0 -0.0784531980752945 10.512728691101074
1433149496566 1 -15.533733367919922 -6.2762556076049805 5.609403610229492
1433149498637 0 0.0784531980752945 -0.0784531980752945 10.512728691101074
1433149496666 1 -9.767423629760742 -8.23758602142334 6.550841808319092
1433149498737 0 0.03922659903764725 -0.0 10.512728691101074
1433149496767 1 20.005565643310547 -2.3143694400787354 -6.472388744354248
1433149498839 0 0.03922659903764725 -0.0784531980752945 10.512728691101074
1433149496868 1 -20.005565643310547 -11.33648681640625 -6.668521881103516
1433149498939 0 0.03922659903764725 -0.03922659903764725 10.591181755065918
1433149496969 1 -2.2359161376953125 12.944777488708496 13.02323055267334
1433149499039 0 0.0784531980752945 -0.03922659903764725 10.473502159118652
1433149497070 1 -0.27458620071411133 8.865211486816406 5.099457740783691
1433149499139 0 -0.03922659903764725 -0.0 10.473502159118652
1433149497171 1 1.647517204284668 10.355822563171387 4.11879301071167
1433149499239 0 -0.03922659903764725 -0.0784531980752945 10.473502159118652
1433149497272 1 1.4906107187271118 10.669634819030762 4.942551612854004
1433149499339 0 0.03922659903764725 -0.0784531980752945 10.512728691101074
1433149497373 1 6.237029075622559 9.92432975769043 4.432605743408203
1433149499440 0 0.03922659903764725 -0.11767979711294174 10.551955223083496
1433149497476 1 7.1392412185668945 7.688413619995117 4.393379211425781
1433149499540 0 0.03922659903764725 -0.0784531980752945 10.512728691101074
1433149497577 1 -0.156906396150589 -0.0 -1.7259703874588013
1433149499640 0 -0.0 -0.0784531980752945 10.473502159118652
1433149497678 1 -1.647517204284668 -20.005565643310547 -5.923216342926025
1433149499740 0 -0.0 -0.0784531980752945 10.512728691101074
1433149497777 1 -4.746418476104736 -20.005565643310547 -16.749757766723633
1433149499840 0 -0.0 -0.11767979711294174 10.473502159118652
1433149497878 1 6.903881549835205 15.533733367919922 -5.727083683013916
1433149499940 0 0.11767979711294174 -0.03922659903764725 10.512728691101074
1433149497978 1 -1.4906107187271118 9.296704292297363 5.962442874908447
1433149500041 0 0.03922659903764725 -0.0784531980752945 10.512728691101074
1433149498078 1 -0.9806649684906006 -2.9419949054718018 1.4121575355529785
1433149500141 0 -0.0 -0.03922659903764725 10.551955223083496
1433149498178 1 -20.005565643310547 -20.005565643310547 12.787871360778809
1433149500241 0 -0.0 -0.03922659903764725 10.551955223083496
1433149498278 1 -0.9022117853164673 20.005565643310547 18.161914825439453
1433149500341 0 -0.03922659903764725 -0.03922659903764725 10.512728691101074
1433149498379 1 -3.3734874725341797 8.512171745300293 2.510502338409424
1433149500441 0 -0.0 -0.0 10.473502159118652
1433149498479 1 2.1966896057128906 4.354152679443359 2.3143694400787354
1433149500542 0 -0.0784531980752945 -0.0784531980752945 10.473502159118652
1433149498580 1 -20.005565643310547 -20.005565643310547 20.08401870727539
1433149500643 0 0.0784531980752945 -0.03922659903764725 10.591181755065918
1433149498681 1 14.396162033081055 -15.063014030456543 20.005565643310547
1433149500744 0 -0.03922659903764725 -0.11767979711294174 10.473502159118652
1433149498782 1 -5.609403610229492 8.786758422851562 4.550285339355469
1433149500844 0 -0.03922659903764725 -0.0 10.473502159118652
1433149498883 1 14.00389575958252 15.337599754333496 3.255807638168335
1433149500944 0 0.03922659903764725 -0.03922659903764725 10.551955223083496
1433149498985 1 3.0596747398376465 4.471832275390625 -0.6668521761894226
1433149501044 0 -0.03922659903764725 -0.03922659903764725 10.551955223083496
1433149499086 1 -20.005565643310547 -20.005565643310547 -8.159132957458496
1433149501145 0 -0.03922659903764725 -0.0 10.512728691101074
1433149499186 1 20.005565643310547 -20.005565643310547 -3.5303938388824463
1433149501245 0 0.03922659903764725 -0.0 10.473502159118652
1433149499285 1 12.003339767456055 10.120462417602539 -1.5690639019012451
1433149501346 0 0.03922659903764725 -0.03922659903764725 10.551955223083496
1433149499386 1 13.101683616638184 9.257477760314941 1.45138418674469
1433149501447 0 0.03922659903764725 -0.0784531980752945 10.473502159118652
1433149499486 1 9.492836952209473 6.433162212371826 3.961886405944824
1433149501548 0 -0.0 -0.0 10.591181755065918
1433149499586 1 9.610516548156738 6.943108081817627 1.6082905530929565
1433149501649 0 -0.0 -0.03922659903764725 10.473502159118652
1433149499686 1 8.276812553405762 5.844763278961182 2.90276837348938
1433149501750 0 -0.0 -0.0784531980752945 10.473502159118652
1433149499786 1 8.43371868133545 4.158019542694092 5.217137813568115
1433149501851 0 -0.0 -0.03922659903764725 10.512728691101074
1433149499886 1 8.119906425476074 5.413270473480225 2.471275806427002
1433149501951 0 0.03922659903764725 -0.03922659903764725 10.551955223083496
1433149499987 1 7.923772811889648 5.099457740783691 4.11879301071167
1433149502052 0 -0.0 -0.0 10.512728691101074
1433149500086 1 8.629851341247559 5.099457740783691 3.177354574203491
1433149502153 0 -0.0 -0.03922659903764725 10.512728691101074
1433149500186 1 9.257477760314941 2.90276837348938 3.648073673248291
1433149502253 0 -0.0 -0.0784531980752945 10.512728691101074
1433149500286 1 6.903881549835205 4.079566478729248 4.393379211425781
1433149502354 0 0.03922659903764725 -0.0 10.551955223083496
1433149500387 1 8.002225875854492 4.981778144836426 3.5696206092834473
1433149502455 0 -0.0 -0.03922659903764725 10.512728691101074
1433149500487 1 8.355265617370605 4.432605743408203 4.314925670623779
1433149502556 0 -0.0 -0.0784531980752945 10.473502159118652
1433149500587 1 8.002225875854492 2.392822504043579 4.7071919441223145
1433149502656 0 -0.0 -0.03922659903764725 10.591181755065918
1433149500687 1 4.511058807373047 -0.8629851937294006 8.551398277282715
1433149502756 0 -0.0 -0.0784531980752945 10.63040828704834
1433149500787 1 2.3143694400787354 0.313812792301178 2.5497288703918457
1433149502857 0 0.0784531980752945 -0.0 10.669634819030762
1433149500887 1 2.432049036026001 1.1375713348388672 7.609960079193115
1433149502959 0 0.0784531980752945 -0.0784531980752945 10.473502159118652
1433149500987 1 3.4519407749176025 -1.0983448028564453 12.513284683227539
1433149503060 0 0.11767979711294174 -0.11767979711294174 10.63040828704834
1433149501087 1 -3.0596747398376465 1.255251169204712 3.726526975631714
1433149503159 0 -0.03922659903764725 -0.156906396150589 10.355822563171387
1433149501188 1 0.27458620071411133 -0.9022117853164673 11.924885749816895
1433149503259 0 0.03922659903764725 -0.0784531980752945 10.669634819030762
1433149501289 1 -0.0 0.27458620071411133 10.355822563171387
1433149503359 0 -0.03922659903764725 -0.0 10.591181755065918
1433149501389 1 0.156906396150589 0.156906396150589 10.238142013549805
1433149503459 0 -0.11767979711294174 0.0784531980752945 10.551955223083496
1433149501491 1 0.0784531980752945 0.19613298773765564 10.238142013549805
1433149503559 0 -0.03922659903764725 0.03922659903764725 10.551955223083496
1433149501591 1 0.11767979711294174 0.23535959422588348 10.238142013549805
1433149503659 0 -0.11767979711294174 -0.0 10.512728691101074
1433149501692 1 0.19613298773765564 0.19613298773765564 10.316595077514648
1433149503760 0 -0.03922659903764725 0.0784531980752945 10.512728691101074
1433149501793 1 0.23535959422588348 0.0784531980752945 10.277368545532227
1433149503861 0 0.03922659903764725 -0.11767979711294174 10.473502159118652
1433149501894 1 0.19613298773765564 0.11767979711294174 10.238142013549805
1433149503960 0 -0.0 -0.156906396150589 10.512728691101074
1433149501995 1 0.19613298773765564 0.19613298773765564 10.277368545532227
1433149504060 0 -0.0 -0.0784531980752945 10.43427562713623
1433149502095 1 0.19613298773765564 0.23535959422588348 10.277368545532227
1433149504160 0 -0.0 -0.03922659903764725 10.551955223083496
1433149502196 1 0.11767979711294174 0.23535959422588348 10.316595077514648
1433149504260 0 -0.03922659903764725 -0.0 10.512728691101074
1433149502296 1 0.0784531980752945 0.19613298773765564 10.316595077514648
1433149504361 0 0.03922659903764725 -0.03922659903764725 10.551955223083496
1433149502397 1 0.11767979711294174 0.156906396150589 10.316595077514648
1433149504461 0 0.03922659903764725 -0.0784531980752945 10.43427562713623
1433149502497 1 0.11767979711294174 0.11767979711294174 10.355822563171387
1433149504561 0 -0.03922659903764725 -0.0784531980752945 10.512728691101074
1433149502597 1 0.19613298773765564 0.23535959422588348 10.277368545532227
1433149504661 0 -0.0 -0.0784531980752945 10.551955223083496
1433149502697 1 0.03922659903764725 0.19613298773765564 10.238142013549805
1433149504762 0 -0.11767979711294174 -0.03922659903764725 10.551955223083496
1433149502797 1 0.19613298773765564 0.19613298773765564 10.316595077514648
1433149504862 0 0.823758602142334 -1.2944778203964233 10.43427562713623
1433149502897 1 0.11767979711294174 0.19613298773765564 10.316595077514648
1433149504962 0 -1.45138418674469 -0.6668521761894226 10.512728691101074
1433149502997 1 0.156906396150589 0.156906396150589 10.43427562713623
1433149505062 0 -0.27458620071411133 -1.2160245180130005 10.708861351013184
1433149503098 1 0.156906396150589 0.19613298773765564 10.198915481567383
1433149505162 0 -1.8436501026153564 -2.90276837348938 4.432605743408203
1433149503197 1 0.156906396150589 0.19613298773765564 10.238142013549805
1433149505264 0 -3.177354574203491 -1.255251169204712 9.257477760314941
1433149503297 1 0.11767979711294174 0.11767979711294174 10.316595077514648
1433149505364 0 -3.5303938388824463 -1.2944778203964233 12.474058151245117
1433149503398 1 0.156906396150589 0.156906396150589 10.277368545532227
1433149505465 0 -3.0989012718200684 -1.4906107187271118 12.31715202331543
1433149503499 1 0.11767979711294174 0.19613298773765564 10.316595077514648
1433149505565 0 1.2160245180130005 -0.03922659903764725 11.022674560546875
1433149503600 1 0.156906396150589 0.19613298773765564 10.277368545532227
1433149505665 0 2.510502338409424 4.11879301071167 5.766310214996338
1433149503701 1 0.156906396150589 0.19613298773765564 10.277368545532227
1433149505765 0 0.9414383769035339 3.687300205230713 4.550285339355469
1433149503802 1 0.156906396150589 0.19613298773765564 10.395049095153809
1433149505865 0 7.766866683959961 4.001112937927246 10.277368545532227
1433149503903 1 0.156906396150589 0.23535959422588348 10.277368545532227
1433149505965 0 3.687300205230713 3.334260940551758 10.316595077514648
1433149504003 1 0.11767979711294174 0.19613298773765564 10.316595077514648
1433149506066 0 3.295034408569336 4.197246074676514 11.885659217834473
1433149504104 1 0.19613298773765564 0.27458620071411133 10.277368545532227
1433149506167 0 0.9806649684906006 4.197246074676514 11.414939880371094
1433149504205 1 0.11767979711294174 0.19613298773765564 10.277368545532227
1433149506268 0 -0.47071918845176697 5.844763278961182 9.728196144104004
1433149504306 1 0.11767979711294174 0.19613298773765564 10.238142013549805
1433149506369 0 0.156906396150589 7.217694282531738 9.414383888244629
1433149504407 1 0.11767979711294174 0.23535959422588348 10.238142013549805
1433149506468 0 -2.5889556407928467 8.74753189086914 9.13979721069336
1433149504508 1 0.156906396150589 0.23535959422588348 10.277368545532227
1433149506569 0 -11.728753089904785 11.022674560546875 13.140911102294922
1433149504610 1 0.11767979711294174 0.19613298773765564 10.316595077514648
1433149506670 0 0.509945809841156 -0.509945809841156 -0.6668521761894226
1433149504711 1 0.11767979711294174 0.11767979711294174 10.316595077514648
1433149506771 0 20.005565643310547 -7.766866683959961 -0.19613298773765564
1433149504812 1 0.11767979711294174 0.156906396150589 10.277368545532227
1433149506872 0 13.337043762207031 -7.49228048324585 8.629851341247559
1433149504914 1 0.11767979711294174 0.156906396150589 10.316595077514648
1433149506973 0 3.295034408569336 -3.8442068099975586 10.708861351013184
1433149505014 1 0.0784531980752945 0.156906396150589 10.316595077514648
1433149507074 0 -20.005565643310547 8.394492149353027 20.005565643310547
1433149505115 1 0.19613298773765564 0.23535959422588348 10.277368545532227
1433149507175 0 -3.8834333419799805 1.7259703874588013 5.962442874908447
1433149505215 1 0.156906396150589 0.23535959422588348 10.277368545532227
1433149507276 0 17.181249618530273 -0.7845319509506226 -7.845319747924805
1433149505315 1 0.156906396150589 0.11767979711294174 10.238142013549805
1433149507379 0 2.432049036026001 6.001669883728027 3.216581106185913
1433149505415 1 0.0784531980752945 0.27458620071411133 10.316595077514648
1433149507477 0 -4.079566478729248 10.865767478942871 6.433162212371826
1433149505515 1 0.11767979711294174 0.23535959422588348 10.355822563171387
1433149507577 0 -6.943108081817627 13.729310035705566 8.276812553405762
1433149505615 1 0.11767979711294174 0.156906396150589 10.355822563171387
1433149507678 0 -0.4314925968647003 6.590068817138672 7.688413619995117
1433149505715 1 0.156906396150589 0.23535959422588348 10.277368545532227
1433149507779 0 -1.8828767538070679 7.766866683959961 8.94366455078125
1433149505816 1 0.11767979711294174 0.23535959422588348 10.316595077514648
1433149507879 0 -0.19613298773765564 3.4127140045166016 5.962442874908447
1433149505917 1 0.11767979711294174 0.19613298773765564 10.316595077514648
1433149507980 0 2.3143694400787354 7.1392412185668945 4.785645008087158
1433149506018 1 0.156906396150589 0.19613298773765564 10.277368545532227
1433149508080 0 12.003339767456055 8.276812553405762 14.121575355529785
1433149506119 1 0.0784531980752945 0.23535959422588348 10.355822563171387
1433149508180 0 9.492836952209473 9.610516548156738 7.1000142097473145
1433149506220 1 0.11767979711294174 0.19613298773765564 10.316595077514648
1433149508281 0 6.864655017852783 5.413270473480225 6.668521881103516
1433149506321 1 0.11767979711294174 0.19613298773765564 10.238142013549805
1433149508382 0 0.6668521761894226 0.9022117853164673 5.295590877532959
1433149506422 1 0.19613298773765564 0.19613298773765564 10.316595077514648
1433149508481 0 2.9812214374542236 5.374043941497803 10.708861351013184
1433149506523 1 0.0784531980752945 0.11767979711294174 10.316595077514648
1433149508581 0 -3.687300205230713 -12.5917387008667 4.942551612854004
1433149506624 1 0.156906396150589 0.19613298773765564 10.316595077514648
1433149508682 0 -20.005565643310547 -17.848102569580078 7.413827419281006
1433149506725 1 0.11767979711294174 0.19613298773765564 10.316595077514648
1433149508783 0 20.005565643310547 -20.005565643310547 20.005565643310547
1433149506825 1 0.156906396150589 0.156906396150589 10.316595077514648
1433149508883 0 -20.005565643310547 -8.041452407836914 4.628738880157471
1433149506926 1 0.11767979711294174 0.19613298773765564 10.277368545532227
1433149508984 0 20.005565643310547 -14.670747756958008 20.005565643310547
1433149507027 1 0.11767979711294174 0.156906396150589 10.277368545532227
1433149509085 0 -20.005565643310547 -17.259702682495117 4.7071919441223145
1433149507128 1 0.11767979711294174 0.156906396150589 10.238142013549805
1433149509185 0 17.220476150512695 -20.005565643310547 18.711088180541992
1433149507230 1 0.11767979711294174 0.23535959422588348 10.238142013549805
1433149509286 0 -20.005565643310547 -20.005565643310547 4.432605743408203
1433149507331 1 0.0784531980752945 0.19613298773765564 10.355822563171387
1433149509388 0 10.042009353637695 -13.140911102294922 18.514955520629883
1433149507433 1 0.11767979711294174 0.27458620071411133 10.316595077514648
1433149509488 0 -20.005565643310547 -20.005565643310547 13.062457084655762
1433149507535 1 0.11767979711294174 0.23535959422588348 10.316595077514648
1433149509588 0 19.456392288208008 -20.005565643310547 18.946447372436523
1433149507636 1 0.19613298773765564 0.19613298773765564 10.277368545532227
1433149509688 0 -20.005565643310547 -20.005565643310547 -1.3729310035705566
1433149507737 1 0.11767979711294174 0.19613298773765564 10.316595077514648
1433149509788 0 -20.005565643310547 -20.005565643310547 12.434831619262695
1433149507838 1 0.0784531980752945 0.19613298773765564 10.316595077514648
1433149509889 0 20.005565643310547 -20.005565643310547 5.491724014282227
1433149507939 1 0.11767979711294174 0.19613298773765564 10.316595077514648
1433149509990 0 -20.005565643310547 10.316595077514648 -20.005565643310547
1433149508040 1 0.19613298773765564 0.23535959422588348 10.355822563171387
1433149510090 0 -9.728196144104004 -20.005565643310547 13.964669227600098
1433149508141 1 0.11767979711294174 0.23535959422588348 10.316595077514648
1433149510191 0 -19.927112579345703 -20.005565643310547 -0.9414383769035339
1433149508242 1 0.19613298773765564 0.19613298773765564 10.355822563171387
1433149510291 0 -8.74753189086914 15.769092559814453 -20.005565643310547
1433149508343 1 0.156906396150589 0.23535959422588348 10.355822563171387
1433149510392 0 20.005565643310547 -20.005565643310547 20.005565643310547
1433149508444 1 0.11767979711294174 0.19613298773765564 10.316595077514648
1433149510492 0 -9.13979721069336 11.101127624511719 -20.005565643310547
1433149508545 1 0.0784531980752945 0.19613298773765564 10.238142013549805
1433149510592 0 -6.629295349121094 -20.005565643310547 3.687300205230713
1433149508646 1 0.156906396150589 0.23535959422588348 10.277368545532227
1433149510692 0 -20.005565643310547 -20.005565643310547 -11.532620429992676
1433149508748 1 0.156906396150589 0.19613298773765564 10.238142013549805
1433149510792 0 -4.197246074676514 5.334817409515381 -20.005565643310547
1433149508849 1 0.11767979711294174 0.156906396150589 10.395049095153809
1433149510892 0 20.005565643310547 -20.005565643310547 20.005565643310547
1433149508950 1 0.11767979711294174 0.156906396150589 10.355822563171387
1433149510992 0 -9.806650161743164 7.570733547210693 -20.005565643310547
1433149509052 1 0.0784531980752945 0.23535959422588348 10.316595077514648
1433149511093 0 -14.239255905151367 -20.005565643310547 20.005565643310547
1433149509153 1 0.0784531980752945 0.19613298773765564 10.316595077514648
1433149511193 0 -20.005565643310547 -9.885103225708008 -20.005565643310547
1433149509255 1 0.11767979711294174 0.23535959422588348 10.238142013549805
1433149511293 0 -1.6082905530929565 -6.590068817138672 -11.375713348388672
1433149509356 1 0.156906396150589 0.156906396150589 10.277368545532227
1433149511393 0 0.0784531980752945 -20.005565643310547 6.3154826164245605
1433149509456 1 0.19613298773765564 0.19613298773765564 10.238142013549805
1433149511494 0 -6.237029075622559 -11.885659217834473 -20.005565643310547
1433149509558 1 0.0784531980752945 0.19613298773765564 10.316595077514648
1433149511594 0 15.4945068359375 -20.005565643310547 20.005565643310547
1433149509657 1 0.0784531980752945 0.27458620071411133 10.277368545532227
1433149511695 0 -19.338712692260742 15.965226173400879 -20.005565643310547
1433149509757 1 0.11767979711294174 0.313812792301178 10.355822563171387
1433149511795 0 -7.9629998207092285 -20.005565643310547 20.005565643310547
1433149509857 1 0.11767979711294174 0.19613298773765564 10.355822563171387
1433149511895 0 -18.946447372436523 -12.199472427368164 -20.005565643310547
1433149509957 1 0.11767979711294174 0.19613298773765564 10.198915481567383
1433149511995 0 0.0784531980752945 -4.981778144836426 -8.904438018798828
1433149510057 1 0.19613298773765564 0.156906396150589 10.277368545532227
1433149512096 0 -3.0204482078552246 -20.005565643310547 3.7657535076141357
1433149510157 1 0.0784531980752945 0.156906396150589 10.277368545532227
1433149512196 0 -10.43427562713623 -5.374043941497803 -20.005565643310547
1433149510257 1 0.0784531980752945 0.19613298773765564 10.355822563171387
1433149512297 0 17.45583724975586 -20.005565643310547 20.005565643310547
1433149510357 1 0.0784531980752945 0.27458620071411133 10.277368545532227
1433149512398 0 -9.885103225708008 13.02323055267334 -20.005565643310547
1433149510457 1 0.11767979711294174 0.27458620071411133 10.355822563171387
1433149512498 0 -4.628738880157471 -20.005565643310547 20.005565643310547
1433149510557 1 0.0784531980752945 0.19613298773765564 10.316595077514648
1433149512598 0 -8.629851341247559 -20.005565643310547 -16.27903938293457
1433149510657 1 0.156906396150589 0.19613298773765564 10.316595077514648
1433149512698 0 -0.3922659754753113 -2.7458620071411133 -20.005565643310547
1433149510757 1 0.156906396150589 0.19613298773765564 10.316595077514648
1433149512799 0 0.627625584602356 -20.005565643310547 5.57017707824707
1433149510857 1 0.19613298773765564 0.19613298773765564 10.238142013549805
1433149512899 0 4.158019542694092 0.8629851937294006 -20.005565643310547
1433149510957 1 0.156906396150589 0.156906396150589 10.316595077514648
1433149513000 0 11.807206153869629 -20.005565643310547 14.200028419494629
1433149511058 1 0.11767979711294174 0.11767979711294174 10.316595077514648
1433149513100 0 -19.88788604736328 -13.219364166259766 -20.005565643310547
1433149511159 1 0.0784531980752945 0.23535959422588348 10.316595077514648
1433149513200 0 7.609960079193115 -19.574073791503906 20.005565643310547
1433149511260 1 0.0784531980752945 0.23535959422588348 10.316595077514648
1433149513301 0 -16.67130470275879 12.5917387008667 -20.005565643310547
1433149511360 1 0.0784531980752945 0.19613298773765564 10.277368545532227
1433149513401 0 -10.159688949584961 -19.809432983398438 20.005565643310547
1433149511460 1 0.23535959422588348 0.23535959422588348 10.277368545532227
1433149513501 0 -20.005565643310547 7.178467750549316 -20.005565643310547
1433149511560 1 0.19613298773765564 0.19613298773765564 10.355822563171387
1433149513601 0 12.277925491333008 -20.005565643310547 18.12268829345703
1433149511660 1 0.19613298773765564 0.0784531980752945 10.277368545532227
1433149513701 0 -16.200586318969727 -12.356378555297852 -20.005565643310547
1433149511761 1 0.23535959422588348 0.11767979711294174 10.395049095153809
1433149513802 0 13.611629486083984 -16.553625106811523 -5.766310214996338
1433149511862 1 0.19613298773765564 0.11767979711294174 10.277368545532227
1433149513902 0 2.2751426696777344 -20.005565643310547 -13.337043762207031
1433149511963 1 0.19613298773765564 0.156906396150589 10.316595077514648
1433149514003 0 5.099457740783691 0.23535959422588348 -19.966339111328125
1433149512064 1 0.156906396150589 0.156906396150589 10.316595077514648
1433149514103 0 20.005565643310547 -20.005565643310547 12.552511215209961
1433149512165 1 0.0784531980752945 0.3922659754753113 10.355822563171387
1433149514204 0 -8.198359489440918 -10.787314414978027 -20.005565643310547
1433149512266 1 0.11767979711294174 0.27458620071411133 10.316595077514648
1433149514304 0 20.005565643310547 -20.005565643310547 20.005565643310547
1433149512366 1 0.0784531980752945 0.23535959422588348 10.316595077514648
1433149514404 0 -20.005565643310547 13.964669227600098 -20.005565643310547
1433149512466 1 0.0784531980752945 0.23535959422588348 10.355822563171387
1433149514504 0 -4.942551612854004 -20.005565643310547 20.005565643310547
1433149512566 1 0.156906396150589 0.19613298773765564 10.316595077514648
1433149514604 0 -20.005565643310547 11.885659217834473 -20.005565643310547
1433149512666 1 0.156906396150589 0.11767979711294174 10.316595077514648
1433149514704 0 9.45361042022705 -15.298373222351074 -7.923772811889648
1433149512766 1 0.156906396150589 0.156906396150589 10.277368545532227
1433149514804 0 6.51161527633667 -20.005565643310547 -0.03922659903764725
1433149512866 1 0.19613298773765564 0.11767979711294174 10.316595077514648
1433149514904 0 8.590624809265137 -7.727640151977539 -20.005565643310547
1433149512966 1 0.156906396150589 0.19613298773765564 10.277368545532227
1433149515005 0 18.593408584594727 -20.005565643310547 19.966339111328125
1433149513067 1 0.0784531980752945 0.19613298773765564 10.316595077514648
1433149515106 0 -13.768536567687988 6.080122947692871 -20.005565643310547
1433149513168 1 0.0784531980752945 0.19613298773765564 10.316595077514648
1433149515207 0 12.003339767456055 -20.005565643310547 11.454167366027832
1433149513269 1 0.11767979711294174 0.19613298773765564 10.316595077514648
1433149515307 0 -20.005565643310547 -6.51161527633667 -18.593408584594727
1433149513370 1 0.11767979711294174 0.156906396150589 10.277368545532227
1433149515407 0 2.1966896057128906 -20.005565643310547 20.005565643310547
1433149513471 1 0.0784531980752945 0.19613298773765564 10.277368545532227
1433149515508 0 -18.750314712524414 -7.884546279907227 -20.005565643310547
1433149513572 1 0.156906396150589 0.19613298773765564 10.238142013549805
1433149515608 0 -5.177911281585693 -20.005565643310547 -6.7077484130859375
1433149513673 1 0.156906396150589 0.11767979711294174 10.355822563171387
1433149515708 0 -8.080678939819336 -20.005565643310547 -11.454167366027832
1433149513774 1 0.0784531980752945 0.19613298773765564 10.277368545532227
1433149515809 0 19.221033096313477 10.787314414978027 -20.005565643310547
1433149513875 1 0.19613298773765564 0.23535959422588348 10.316595077514648
1433149515909 0 -20.005565643310547 -20.005565643310547 0.7060787677764893
1433149513975 1 0.156906396150589 0.156906396150589 10.277368545532227
1433149516010 0 -16.71053123474121 7.453053951263428 -20.005565643310547
1433149514075 1 0.19613298773765564 0.156906396150589 10.316595077514648
1433149516110 0 20.005565643310547 -20.005565643310547 20.005565643310547
1433149514176 1 0.03922659903764725 0.19613298773765564 10.355822563171387
1433149516211 0 -20.005565643310547 -5.727083683013916 -20.005565643310547
1433149514277 1 0.11767979711294174 0.23535959422588348 10.277368545532227
1433149516311 0 17.298931121826172 -10.669634819030762 20.005565643310547
1433149514378 1 0.23535959422588348 0.156906396150589 10.238142013549805
1433149516411 0 -20.005565643310547 -16.985116958618164 -20.005565643310547
1433149514478 1 0.156906396150589 0.11767979711294174 10.355822563171387
1433149516511 0 -2.863541841506958 -20.005565643310547 -20.005565643310547
1433149514578 1 0.19613298773765564 0.23535959422588348 10.355822563171387
1433149516611 0 -14.121575355529785 -20.005565643310547 20.005565643310547
1433149514678 1 0.11767979711294174 0.23535959422588348 10.316595077514648
1433149516712 0 9.21825122833252 20.005565643310547 -20.005565643310547
1433149514778 1 0.11767979711294174 0.27458620071411133 10.316595077514648
1433149516813 0 -20.005565643310547 -20.005565643310547 20.005565643310547
1433149514878 1 0.0784531980752945 0.23535959422588348 10.355822563171387
1433149516914 0 -0.509945809841156 20.005565643310547 -20.005565643310547
1433149514978 1 0.156906396150589 0.156906396150589 10.316595077514648
1433149515078 1 0.0784531980752945 0.23535959422588348 10.316595077514648
1433149517015 0 -20.005565643310547 -20.005565643310547 20.005565643310547
1433149515178 1 0.11767979711294174 0.19613298773765564 10.316595077514648
1433149517116 0 -3.648073673248291 20.005565643310547 -20.005565643310547
1433149515278 1 0.19613298773765564 0.11767979711294174 10.316595077514648
1433149517217 0 -19.88788604736328 -20.005565643310547 20.005565643310547
1433149515379 1 0.19613298773765564 0.11767979711294174 10.316595077514648
1433149517317 0 6.51161527633667 -4.667965412139893 -20.005565643310547
1433149515480 1 0.19613298773765564 0.11767979711294174 10.316595077514648
1433149517417 0 -20.005565643310547 -20.005565643310547 20.005565643310547
1433149515579 1 0.11767979711294174 0.156906396150589 10.277368545532227
1433149517517 0 17.848102569580078 20.005565643310547 -20.005565643310547
1433149515679 1 0.19613298773765564 0.156906396150589 10.277368545532227
1433149517617 0 -11.689526557922363 -20.005565643310547 20.005565643310547
1433149515780 1 0.03922659903764725 0.23535959422588348 10.277368545532227
1433149517717 0 20.005565643310547 20.005565643310547 -20.005565643310547
1433149515880 1 0.156906396150589 0.27458620071411133 10.277368545532227
1433149517817 0 8.904438018798828 -20.005565643310547 -14.866881370544434
1433149515980 1 0.0784531980752945 0.23535959422588348 10.277368545532227
1433149517918 0 20.005565643310547 19.770206451416016 -20.005565643310547
1433149516080 1 0.0784531980752945 0.23535959422588348 10.277368545532227
1433149518018 0 10.316595077514648 -20.005565643310547 -19.456392288208008
1433149516181 1 0.156906396150589 0.19613298773765564 10.238142013549805
1433149518118 0 20.005565643310547 -20.005565643310547 -20.005565643310547
1433149516282 1 0.11767979711294174 0.19613298773765564 10.277368545532227
1433149518218 0 -4.197246074676514 -0.4314925968647003 -20.005565643310547
1433149516383 1 0.156906396150589 0.156906396150589 10.316595077514648
1433149518318 0 -12.5917387008667 -20.005565643310547 20.005565643310547
1433149516484 1 0.19613298773765564 0.11767979711294174 10.238142013549805
1433149518419 0 -15.455280303955078 14.356935501098633 -20.005565643310547
1433149516585 1 0.0784531980752945 0.19613298773765564 10.277368545532227
1433149518519 0 -12.513284683227539 -20.005565643310547 20.005565643310547
1433149516686 1 0.11767979711294174 0.19613298773765564 10.355822563171387
1433149518620 0 2.5889556407928467 15.180693626403809 -20.005565643310547
1433149516786 1 0.11767979711294174 0.19613298773765564 10.198915481567383
1433149518720 0 10.042009353637695 -20.005565643310547 -0.627625584602356
1433149516887 1 0.19613298773765564 0.19613298773765564 10.355822563171387
1433149518821 0 10.316595077514648 -17.024343490600586 -1.2160245180130005
1433149516988 1 0.11767979711294174 0.23535959422588348 10.316595077514648
1433149518922 0 -17.769649505615234 10.63040828704834 -20.005565643310547
1433149517088 1 0.11767979711294174 0.27458620071411133 10.277368545532227
1433149519022 0 4.942551612854004 -20.005565643310547 20.005565643310547
1433149517189 1 0.11767979711294174 0.23535959422588348 10.277368545532227
1433149519123 0 19.966339111328125 8.865211486816406 -20.005565643310547
1433149517292 1 0.0784531980752945 0.156906396150589 10.316595077514648
1433149519223 0 5.256364345550537 -20.005565643310547 -11.179580688476562
1433149517395 1 0.0784531980752945 0.156906396150589 10.277368545532227
1433149519323 0 3.0989012718200684 -16.67130470275879 -1.9221034049987793
1433149517496 1 0.156906396150589 0.19613298773765564 10.316595077514648
1433149519423 0 -11.84643268585205 5.687856674194336 -20.005565643310547
1433149517597 1 0.19613298773765564 0.23535959422588348 10.316595077514648
1433149519523 0 -18.27959442138672 -20.005565643310547 20.005565643310547
1433149517697 1 0.0784531980752945 0.19613298773765564 10.277368545532227
1433149519623 0 -18.397274017333984 3.5303938388824463 -20.005565643310547
1433149517797 1 0.11767979711294174 0.27458620071411133 10.277368545532227
1433149519723 0 5.8839898109436035 -20.005565643310547 16.945890426635742
1433149517897 1 0.11767979711294174 0.19613298773765564 10.238142013549805
1433149519823 0 13.29781723022461 0.6668521761894226 -15.572959899902344
1433149517997 1 0.19613298773765564 0.19613298773765564 10.316595077514648
1433149519924 0 -4.2364726066589355 -4.11879301071167 -20.005565643310547
1433149518098 1 0.11767979711294174 0.23535959422588348 10.355822563171387
1433149520024 0 -13.925442695617676 -20.005565643310547 20.005565643310547
1433149518198 1 0.156906396150589 0.27458620071411133 10.277368545532227
1433149520125 0 -14.945334434509277 13.101683616638184 -20.005565643310547
1433149518298 1 0.156906396150589 0.313812792301178 10.277368545532227
1433149520225 0 7.1000142097473145 -20.005565643310547 20.005565643310547
1433149518399 1 0.156906396150589 0.23535959422588348 10.238142013549805
1433149520325 0 13.376270294189453 2.785088539123535 -18.08346176147461
1433149518500 1 0.11767979711294174 0.19613298773765564 10.238142013549805
1433149520425 0 -4.511058807373047 -4.197246074676514 -18.201141357421875
1433149518601 1 0.11767979711294174 0.19613298773765564 10.198915481567383
1433149520525 0 -1.1767979860305786 -9.257477760314941 12.042566299438477
1433149518702 1 0.11767979711294174 0.156906396150589 10.316595077514648
1433149520626 0 -10.395049095153809 9.532063484191895 -20.005565643310547
1433149518803 1 0.11767979711294174 0.156906396150589 10.238142013549805
1433149520726 0 -1.6082905530929565 -7.923772811889648 20.005565643310547
1433149520827 0 -14.160801887512207 -6.590068817138672 -20.005565643310547
1433149520927 0 3.961886405944824 -17.10279655456543 9.845876693725586
1433149518904 1 0.156906396150589 0.156906396150589 10.355822563171387
1433149519006 1 0.0784531980752945 0.23535959422588348 10.238142013549805
1433149521027 0 7.413827419281006 7.806093215942383 -6.040896415710449
1433149519107 1 0.156906396150589 0.156906396150589 10.238142013549805
1433149521128 0 -3.1381278038024902 8.002225875854492 -12.199472427368164
1433149519208 1 0.156906396150589 0.23535959422588348 10.277368545532227
1433149521228 0 -1.2160245180130005 9.257477760314941 -0.9414383769035339
1433149519308 1 0.156906396150589 0.19613298773765564 10.316595077514648
1433149521329 0 3.8049800395965576 10.081235885620117 -2.863541841506958
1433149519408 1 0.156906396150589 0.19613298773765564 10.395049095153809
1433149521430 0 -0.5883989930152893 8.551398277282715 -4.158019542694092
1433149519509 1 0.11767979711294174 0.19613298773765564 10.316595077514648
1433149521530 0 14.70997428894043 7.413827419281006 6.590068817138672
1433149519610 1 0.11767979711294174 0.19613298773765564 10.355822563171387
1433149521631 0 10.198915481567383 6.001669883728027 4.2364726066589355
1433149519710 1 0.0784531980752945 0.156906396150589 10.277368545532227
1433149519811 1 0.0784531980752945 0.23535959422588348 10.316595077514648
1433149521732 0 20.005565643310547 9.64974308013916 2.3143694400787354
1433149519912 1 0.11767979711294174 0.23535959422588348 10.355822563171387
1433149521833 0 16.788984298706055 -7.25692081451416 3.334260940551758
1433149521933 0 -7.217694282531738 -20.005565643310547 9.571290016174316
1433149520013 1 0.19613298773765564 0.156906396150589 10.277368545532227
1433149522033 0 -12.552511215209961 -20.005565643310547 3.177354574203491
1433149520114 1 0.19613298773765564 0.27458620071411133 10.355822563171387
1433149522134 0 18.240367889404297 7.217694282531738 -20.005565643310547
1433149520216 1 0.0784531980752945 0.23535959422588348 10.395049095153809
1433149522235 0 -20.005565643310547 -20.005565643310547 16.200586318969727
1433149520317 1 0.156906396150589 0.19613298773765564 10.316595077514648
1433149522335 0 20.005565643310547 -20.005565643310547 12.82709789276123
1433149520416 1 0.19613298773765564 0.11767979711294174 10.277368545532227
1433149522437 0 0.9806649684906006 -16.435945510864258 -20.005565643310547
1433149520517 1 0.19613298773765564 0.0784531980752945 10.316595077514648
1433149522538 0 -20.005565643310547 -20.005565643310547 20.005565643310547
1433149520617 1 0.19613298773765564 0.156906396150589 10.277368545532227
1433149520717 1 0.27458620071411133 0.11767979711294174 10.277368545532227
1433149522638 0 19.456392288208008 10.198915481567383 -4.432605743408203
1433149520817 1 0.11767979711294174 0.11767979711294174 10.277368545532227
1433149522738 0 -20.005565643310547 -20.005565643310547 -8.198359489440918
1433149520917 1 0.156906396150589 0.23535959422588348 10.316595077514648
1433149522839 0 20.005565643310547 12.277925491333008 7.1392412185668945
1433149521017 1 0.11767979711294174 0.23535959422588348 10.277368545532227
1433149522939 0 11.689526557922363 -18.750314712524414 -12.042566299438477
1433149523039 0 20.005565643310547 -20.005565643310547 -20.005565643310547
1433149521117 1 0.11767979711294174 0.19613298773765564 10.277368545532227
1433149521217 1 0.11767979711294174 0.23535959422588348 10.238142013549805
1433149523140 0 11.650300025939941 -2.6674087047576904 -20.005565643310547
1433149521317 1 0.11767979711294174 0.23535959422588348 10.395049095153809
1433149523240 0 -20.005565643310547 -20.005565643310547 20.005565643310547
1433149521418 1 0.156906396150589 0.19613298773765564 10.277368545532227
1433149523340 0 2.000556468963623 0.47071918845176697 -3.4519407749176025
1433149521519 1 0.156906396150589 0.19613298773765564 10.277368545532227
1433149523440 0 -20.005565643310547 -20.005565643310547 20.005565643310547
1433149521619 1 0.11767979711294174 0.156906396150589 10.316595077514648
1433149523540 0 -4.7071919441223145 9.45361042022705 20.005565643310547
1433149521719 1 0.0784531980752945 0.156906396150589 10.238142013549805
1433149523640 0 -20.005565643310547 -20.005565643310547 20.005565643310547
1433149521819 1 0.0784531980752945 0.23535959422588348 10.238142013549805
1433149523741 0 -15.376827239990234 -6.903881549835205 12.356378555297852
1433149521919 1 0.156906396150589 0.23535959422588348 10.238142013549805
1433149523841 0 -20.005565643310547 -20.005565643310547 19.809432983398438
1433149522020 1 0.0784531980752945 0.313812792301178 10.316595077514648
1433149523942 0 -9.296704292297363 -20.005565643310547 20.005565643310547
1433149522120 1 0.156906396150589 0.19613298773765564 10.395049095153809
1433149524043 0 20.005565643310547 -20.005565643310547 -0.4314925968647003
1433149522220 1 0.0784531980752945 0.27458620071411133 10.277368545532227
1433149524144 0 -20.005565643310547 -20.005565643310547 5.021004676818848
1433149522320 1 0.11767979711294174 0.19613298773765564 10.277368545532227
1433149524245 0 20.005565643310547 20.005565643310547 -5.177911281585693
1433149522421 1 0.19613298773765564 0.19613298773765564 10.316595077514648
1433149524345 0 -20.005565643310547 -20.005565643310547 19.770206451416016
1433149522522 1 0.156906396150589 0.156906396150589 10.316595077514648
1433149524445 0 13.180137634277344 -20.005565643310547 19.49561882019043
1433149522623 1 0.156906396150589 0.156906396150589 10.277368545532227
1433149524545 0 17.69119644165039 -20.005565643310547 3.8442068099975586
1433149522723 1 0.19613298773765564 0.23535959422588348 10.316595077514648
1433149524646 0 -20.005565643310547 -20.005565643310547 1.4906107187271118
1433149522824 1 0.11767979711294174 0.156906396150589 10.316595077514648
1433149524747 0 20.005565643310547 20.005565643310547 20.005565643310547
1433149522925 1 0.156906396150589 0.23535959422588348 10.355822563171387
1433149524848 0 -20.005565643310547 -20.005565643310547 13.493949890136719
1433149523027 1 0.19613298773765564 0.19613298773765564 10.277368545532227
1433149524949 0 20.005565643310547 5.452497482299805 4.432605743408203
1433149523128 1 0.156906396150589 0.156906396150589 10.316595077514648
1433149525049 0 -14.200028419494629 -20.005565643310547 8.904438018798828
1433149525151 0 -15.808319091796875 -16.67130470275879 4.864098072052002
1433149525251 0 13.454723358154297 -20.005565643310547 -0.27458620071411133
1433149523229 1 0.156906396150589 0.156906396150589 10.238142013549805
1433149523329 1 0.0784531980752945 0.23535959422588348 10.355822563171387
1433149525352 0 -17.534290313720703 -20.005565643310547 2.2359161376953125
1433149523430 1 0.11767979711294174 0.19613298773765564 10.395049095153809
1433149525452 0 20.005565643310547 -20.005565643310547 -5.8839898109436035
1433149523531 1 0.156906396150589 0.23535959422588348 10.277368545532227
1433149525552 0 -20.005565643310547 -20.005565643310547 2.9812214374542236
1433149523632 1 0.11767979711294174 0.19613298773765564 10.238142013549805
1433149525652 0 20.005565643310547 -20.005565643310547 -17.10279655456543
1433149523732 1 0.11767979711294174 0.19613298773765564 10.316595077514648
1433149525752 0 -20.005565643310547 -20.005565643310547 1.8044235706329346
1433149523832 1 0.11767979711294174 0.156906396150589 10.277368545532227
1433149525852 0 20.005565643310547 20.005565643310547 -2.2359161376953125
1433149523934 1 0.156906396150589 0.156906396150589 10.316595077514648
1433149525952 0 -20.005565643310547 -20.005565643310547 0.27458620071411133
1433149524035 1 0.156906396150589 0.156906396150589 10.277368545532227
1433149526052 0 20.005565643310547 -13.219364166259766 -16.67130470275879
1433149524136 1 0.19613298773765564 0.19613298773765564 10.238142013549805
1433149526153 0 -3.5303938388824463 -10.90499496459961 8.472945213317871
1433149524236 1 0.156906396150589 0.23535959422588348 10.277368545532227
1433149526254 0 19.65252685546875 -20.005565643310547 -5.177911281585693
1433149524337 1 0.11767979711294174 0.19613298773765564 10.277368545532227
1433149526355 0 -15.141467094421387 -16.945890426635742 8.198359489440918
1433149524437 1 0.156906396150589 0.156906396150589 10.316595077514648
1433149526456 0 20.005565643310547 0.9022117853164673 -4.11879301071167
1433149524537 1 0.156906396150589 0.27458620071411133 10.316595077514648
1433149526556 0 -20.005565643310547 -20.005565643310547 1.5690639019012451
1433149524637 1 0.11767979711294174 0.156906396150589 10.277368545532227
1433149526656 0 20.005565643310547 -20.005565643310547 -20.005565643310547
1433149526756 0 -20.005565643310547 -1.7259703874588013 8.669078826904297
1433149524738 1 0.11767979711294174 0.156906396150589 10.277368545532227
1433149524838 1 0.19613298773765564 0.23535959422588348 10.238142013549805
1433149526859 0 3.4911673069000244 9.610516548156738 2.432049036026001
1433149524938 1 0.11767979711294174 0.19613298773765564 10.316595077514648
1433149525038 1 0.11767979711294174 0.156906396150589 10.238142013549805
1433149526960 0 0.23535959422588348 11.885659217834473 -0.4314925968647003
1433149525138 1 0.19613298773765564 0.23535959422588348 10.355822563171387
1433149527060 0 -0.7453053593635559 10.316595077514648 1.5690639019012451
1433149525238 1 0.0784531980752945 0.156906396150589 10.277368545532227
1433149527161 0 2.6281821727752686 17.69119644165039 1.45138418674469
1433149525339 1 0.156906396150589 0.11767979711294174 10.277368545532227
1433149527262 0 -2.6674087047576904 8.512171745300293 1.1767979860305786
1433149527363 0 -0.3922659754753113 10.081235885620117 -2.039783239364624
1433149525440 1 0.156906396150589 0.19613298773765564 10.277368545532227
1433149527464 0 -1.5690639019012451 10.120462417602539 -0.47071918845176697
1433149525540 1 0.156906396150589 0.19613298773765564 10.355822563171387
1433149527565 0 -1.2160245180130005 9.92432975769043 -0.9806649684906006
1433149525640 1 0.11767979711294174 0.23535959422588348 10.316595077514648
1433149527667 0 -1.5690639019012451 9.92432975769043 -0.9022117853164673
1433149525740 1 0.156906396150589 0.19613298773765564 10.355822563171387
1433149527766 0 -1.4121575355529785 9.845876693725586 -0.823758602142334
1433149525841 1 0.156906396150589 0.19613298773765564 10.316595077514648
1433149525940 1 0.156906396150589 0.27458620071411133 10.355822563171387
1433149527867 0 -1.2160245180130005 9.92432975769043 -0.9022117853164673
1433149526040 1 0.11767979711294174 0.19613298773765564 10.316595077514648
1433149527968 0 -1.3729310035705566 9.92432975769043 -0.7453053593635559
1433149526141 1 0.0784531980752945 0.23535959422588348 10.277368545532227
1433149528069 0 -1.3337043523788452 9.885103225708008 -0.5883989930152893
1433149526242 1 0.11767979711294174 0.23535959422588348 10.316595077514648
1433149528170 0 -1.2944778203964233 9.92432975769043 -0.7845319509506226
1433149526342 1 0.11767979711294174 0.19613298773765564 10.316595077514648
1433149528271 0 -1.4121575355529785 9.963556289672852 -0.5491724014282227
1433149526443 1 0.156906396150589 0.156906396150589 10.355822563171387
1433149528372 0 -1.1375713348388672 9.963556289672852 -0.5491724014282227
1433149526544 1 0.156906396150589 0.156906396150589 10.238142013549805
1433149528473 0 -1.3729310035705566 10.002782821655273 -0.627625584602356
1433149526644 1 0.0784531980752945 0.156906396150589 10.277368545532227
1433149528575 0 -1.1767979860305786 9.963556289672852 -0.509945809841156
1433149526745 1 0.156906396150589 0.19613298773765564 10.316595077514648
1433149528677 0 -1.3337043523788452 9.92432975769043 -0.509945809841156
1433149526846 1 0.19613298773765564 0.156906396150589 10.277368545532227
1433149528778 0 -1.3337043523788452 9.885103225708008 -0.627625584602356
1433149526947 1 0.0784531980752945 0.156906396150589 10.238142013549805
1433149528879 0 -1.255251169204712 9.963556289672852 -0.5883989930152893
1433149527048 1 0.0784531980752945 0.23535959422588348 10.316595077514648
1433149528979 0 -1.3337043523788452 9.845876693725586 -0.6668521761894226
1433149527150 1 0.0784531980752945 0.19613298773765564 10.316595077514648
1433149529079 0 -1.3729310035705566 9.963556289672852 -0.6668521761894226
1433149529179 0 -1.3337043523788452 10.002782821655273 -0.5491724014282227
1433149529280 0 -1.2944778203964233 9.885103225708008 -0.5491724014282227
1433149527251 1 0.11767979711294174 0.19613298773765564 10.316595077514648
1433149527351 1 0.11767979711294174 0.23535959422588348 10.316595077514648
1433149527453 1 0.0784531980752945 0.19613298773765564 10.277368545532227
1433149529381 0 -1.3729310035705566 9.845876693725586 -0.5491724014282227
1433149529482 0 -1.3729310035705566 9.963556289672852 -0.7060787677764893
1433149527556 1 0.156906396150589 0.156906396150589 10.316595077514648
1433149529583 0 -1.2944778203964233 9.963556289672852 -0.7845319509506226
