1433151034393 1 589.0
1433151036385 0 518.0
1433151034494 1 589.0
1433151036487 0 518.0
1433151034596 1 589.0
1433151036588 0 518.0
1433151034698 1 589.0
1433151036691 0 518.0
1433151034800 1 589.0
1433151034902 1 589.0
1433151036792 0 518.0
1433151036893 0 518.0
1433151035003 1 589.0
1433151036994 0 518.0
1433151035105 1 589.0
1433151037096 0 518.0
1433151035207 1 589.0
1433151037198 0 518.0
1433151035308 1 589.0
1433151037300 0 518.0
1433151035410 1 589.0
1433151037400 0 518.0
1433151035512 1 589.0
1433151037502 0 518.0
1433151035613 1 589.0
1433151035715 1 589.0
1433151037603 0 518.0
1433151037703 0 518.0
1433151037804 0 518.0
1433151035816 1 589.0
1433151035918 1 589.0
1433151037905 0 518.0
1433151038006 0 518.0
1433151036020 1 589.0
1433151038108 0 518.0
1433151036121 1 589.0
1433151038209 0 518.0
1433151036223 1 589.0
1433151036325 1 589.0
1433151038311 0 518.0
1433151038412 0 518.0
1433151036427 1 589.0
1433151038513 0 518.0
1433151036529 1 589.0
1433151038614 0 518.0
1433151036631 1 589.0
1433151038715 0 518.0
1433151036733 1 589.0
1433151038817 0 518.0
1433151036835 1 589.0
1433151038919 0 518.0
1433151036936 1 589.0
1433151039020 0 518.0
1433151037036 1 589.0
1433151039121 0 518.0
1433151037138 1 589.0
1433151039223 0 518.0
1433151039324 0 518.0
1433151037238 1 589.0
1433151037339 1 589.0
1433151039426 0 518.0
1433151037439 1 589.0
1433151039527 0 518.0
1433151037541 1 589.0
1433151037641 1 589.0
1433151039629 0 518.0
1433151037742 1 589.0
1433151037843 1 589.0
1433151039730 0 518.0
1433151039830 0 518.0
1433151037944 1 589.0
1433151039930 0 518.0
1433151040031 0 518.0
1433151038044 1 589.0
1433151040132 0 518.0
1433151038145 1 589.0
1433151040234 0 518.0
1433151038246 1 589.0
1433151038348 1 589.0
1433151040336 0 518.0
1433151038450 1 589.0
1433151040438 0 518.0
1433151038552 1 589.0
1433151040540 0 518.0
1433151038653 1 589.0
1433151040641 0 518.0
1433151038755 1 589.0
1433151040742 0 518.0
1433151040842 0 518.0
1433151038856 1 589.0
1433151040944 0 518.0
1433151038958 1 589.0
1433151039059 1 589.0
1433151041046 0 518.0
1433151039161 1 589.0
1433151041149 0 518.0
1433151039261 1 589.0
1433151041251 0 518.0
1433151039361 1 589.0
1433151041352 0 518.0
1433151039462 1 589.0
1433151041453 0 518.0
1433151039564 1 589.0
1433151041554 0 518.0
1433151039665 1 589.0
1433151041656 0 518.0
1433151039766 1 589.0
1433151041758 0 518.0
1433151039867 1 589.0
1433151041860 0 518.0
1433151039968 1 589.0
1433151041962 0 518.0
1433151040069 1 589.0
1433151042063 0 518.0
1433151040171 1 589.0
1433151042165 0 518.0
1433151040273 1 589.0
1433151042267 0 518.0
1433151040375 1 589.0
1433151042368 0 518.0
1433151040476 1 589.0
1433151042469 0 518.0
1433151040578 1 589.0
1433151042571 0 518.0
1433151040680 1 589.0
1433151042672 0 518.0
1433151040781 1 589.0
1433151042772 0 518.0
1433151040881 1 589.0
1433151042873 0 518.0
1433151040981 1 589.0
1433151042974 0 83.0
1433151041082 1 589.0
1433151043075 0 31.0
1433151041183 1 589.0
1433151043177 0 31.0
1433151043280 0 31.0
1433151041284 1 589.0
1433151043382 0 29.0
1433151041385 1 589.0
1433151043483 0 29.0
1433151041485 1 589.0
1433151041586 1 589.0
1433151043584 0 24.0
1433151041688 1 589.0
1433151043686 0 22.0
1433151041790 1 589.0
1433151043788 0 22.0
1433151043888 0 22.0
1433151041890 1 589.0
1433151041991 1 589.0
1433151043989 0 22.0
1433151042092 1 589.0
1433151044091 0 22.0
1433151042195 1 589.0
1433151044192 0 19.0
1433151042297 1 589.0
1433151044293 0 19.0
1433151042398 1 589.0
1433151042500 1 589.0
1433151042602 1 589.0
1433151042702 1 589.0
1433151042806 1 589.0
1433151044395 0 19.0
1433151044495 0 19.0
1433151044596 0 19.0
1433151044698 0 19.0
1433151044799 0 15.0
1433151042907 1 589.0
1433151044898 0 15.0
1433151043009 1 589.0
1433151044998 0 15.0
1433151043109 1 589.0
1433151045099 0 15.0
1433151043210 1 589.0
1433151045200 0 15.0
1433151043311 1 589.0
1433151045302 0 15.0
1433151043413 1 589.0
1433151045403 0 15.0
1433151043514 1 589.0
1433151045503 0 19.0
1433151043616 1 589.0
1433151045604 0 19.0
1433151043718 1 589.0
1433151045704 0 19.0
1433151043820 1 589.0
1433151045804 0 19.0
1433151043923 1 589.0
1433151045904 0 19.0
1433151044025 1 589.0
1433151046005 0 19.0
1433151044127 1 589.0
1433151046106 0 22.0
1433151046207 0 22.0
1433151044228 1 589.0
1433151046308 0 22.0
1433151044329 1 589.0
1433151046409 0 22.0
1433151044431 1 589.0
1433151046510 0 22.0
1433151044533 1 589.0
1433151046611 0 22.0
1433151044636 1 589.0
1433151046713 0 22.0
1433151044737 1 589.0
1433151046813 0 22.0
1433151044837 1 589.0
1433151046915 0 22.0
1433151044937 1 589.0
1433151047016 0 22.0
1433151045038 1 589.0
1433151047118 0 24.0
1433151045140 1 589.0
1433151047220 0 24.0
1433151045241 1 589.0
1433151047322 0 24.0
1433151045343 1 589.0
1433151045444 1 589.0
1433151045546 1 589.0
1433151047422 0 24.0
1433151047523 0 24.0
1433151047623 0 24.0
1433151045647 1 589.0
1433151047725 0 24.0
1433151045748 1 589.0
1433151047826 0 24.0
1433151045850 1 589.0
1433151047928 0 24.0
1433151045953 1 589.0
1433151048028 0 24.0
1433151046055 1 589.0
1433151048128 0 24.0
1433151046157 1 589.0
1433151048229 0 24.0
1433151046258 1 589.0
1433151048331 0 24.0
1433151046360 1 589.0
1433151048432 0 24.0
1433151046461 1 589.0
1433151048534 0 24.0
1433151046563 1 589.0
1433151048636 0 22.0
1433151046664 1 589.0
1433151048738 0 22.0
1433151046765 1 589.0
1433151048839 0 22.0
1433151046866 1 589.0
1433151048941 0 22.0
1433151046967 1 589.0
1433151049043 0 22.0
1433151047068 1 589.0
1433151049145 0 22.0
1433151047170 1 589.0
1433151049247 0 22.0
1433151047271 1 589.0
1433151049347 0 22.0
1433151047373 1 589.0
1433151049447 0 22.0
1433151047475 1 589.0
1433151049549 0 22.0
1433151047577 1 589.0
1433151049648 0 22.0
1433151049751 0 22.0
1433151047677 1 589.0
1433151047779 1 589.0
1433151049852 0 22.0
1433151047880 1 589.0
1433151049952 0 22.0
1433151047981 1 589.0
1433151050054 0 22.0
1433151048082 1 589.0
1433151048183 1 589.0
1433151050154 0 22.0
1433151048285 1 589.0
1433151050255 0 24.0
1433151050356 0 24.0
1433151048387 1 589.0
1433151050457 0 24.0
1433151048489 1 589.0
1433151050559 0 24.0
1433151048591 1 589.0
1433151050661 0 24.0
1433151048693 1 589.0
1433151050762 0 24.0
1433151048795 1 589.0
1433151050863 0 24.0
1433151048896 1 589.0
1433151050964 0 24.0
1433151048997 1 589.0
1433151051065 0 24.0
1433151049098 1 589.0
1433151051167 0 22.0
1433151049199 1 589.0
1433151051268 0 22.0
1433151049301 1 589.0
1433151051370 0 22.0
1433151049403 1 589.0
1433151051470 0 22.0
1433151049505 1 589.0
1433151051571 0 22.0
1433151049607 1 589.0
1433151051671 0 22.0
1433151049709 1 589.0
1433151049811 1 589.0
1433151051772 0 22.0
1433151051872 0 22.0
1433151049913 1 589.0
1433151051973 0 22.0
1433151050015 1 589.0
1433151052075 0 22.0
1433151050116 1 589.0
1433151052177 0 22.0
1433151050218 1 589.0
1433151052278 0 22.0
1433151050320 1 589.0
1433151052379 0 22.0
1433151050422 1 589.0
1433151052481 0 22.0
1433151050524 1 589.0
1433151052582 0 22.0
1433151050625 1 589.0
1433151052682 0 24.0
1433151050727 1 589.0
1433151052784 0 24.0
1433151050829 1 589.0
1433151052885 0 24.0
1433151050931 1 589.0
1433151052987 0 24.0
1433151051033 1 589.0
1433151053088 0 24.0
1433151051135 1 589.0
1433151053188 0 24.0
1433151051237 1 589.0
1433151053289 0 24.0
1433151051339 1 589.0
1433151053391 0 24.0
1433151051440 1 589.0
1433151053492 0 26.0
1433151051542 1 589.0
1433151053592 0 31.0
1433151051643 1 589.0
1433151053693 0 59.0
1433151051745 1 589.0
1433151053795 0 134.0
1433151051846 1 589.0
1433151053896 0 771.0
1433151051947 1 589.0
1433151053998 0 519.0
1433151052048 1 589.0
1433151054099 0 519.0
1433151052150 1 589.0
1433151054200 0 519.0
1433151052251 1 589.0
1433151054301 0 519.0
1433151052353 1 589.0
1433151054402 0 519.0
1433151052454 1 589.0
1433151054503 0 519.0
1433151052556 1 589.0
1433151054603 0 519.0
1433151052657 1 589.0
1433151054705 0 519.0
1433151052758 1 589.0
1433151054807 0 519.0
1433151052858 1 589.0
1433151054907 0 519.0
1433151052961 1 589.0
1433151055007 0 519.0
1433151055109 0 519.0
1433151053062 1 589.0
1433151053163 1 589.0
1433151055211 0 519.0
1433151053264 1 589.0
1433151055312 0 519.0
1433151053365 1 589.0
1433151055412 0 519.0
1433151053466 1 589.0
1433151055513 0 519.0
1433151053568 1 589.0
1433151055614 0 519.0
1433151053669 1 589.0
1433151055716 0 519.0
1433151053770 1 589.0
1433151055817 0 519.0
1433151053871 1 589.0
1433151055918 0 519.0
1433151053972 1 589.0
1433151056019 0 519.0
1433151054085 1 589.0
1433151056120 0 519.0
1433151054186 1 589.0
1433151056222 0 519.0
1433151054287 1 589.0
1433151056323 0 519.0
1433151054389 1 589.0
1433151056424 0 519.0
1433151054491 1 589.0
1433151056525 0 519.0
1433151054592 1 589.0
1433151054694 1 589.0
1433151054796 1 589.0
1433151054897 1 589.0
1433151054997 1 589.0
1433151056627 0 519.0
1433151056728 0 519.0
1433151056829 0 519.0
1433151056931 0 519.0
1433151057033 0 519.0
1433151055098 1 589.0
1433151057134 0 519.0
1433151055200 1 589.0
1433151057235 0 519.0
1433151055302 1 589.0
1433151057337 0 519.0
1433151055402 1 589.0
1433151057437 0 519.0
1433151055503 1 589.0
1433151057539 0 519.0
1433151055605 1 589.0
1433151057640 0 519.0
1433151055707 1 589.0
1433151057742 0 519.0
1433151055809 1 589.0
1433151057843 0 519.0
1433151055911 1 589.0
1433151057943 0 519.0
1433151056012 1 589.0
1433151058044 0 519.0
1433151056113 1 589.0
1433151058145 0 519.0
1433151056214 1 589.0
1433151058246 0 519.0
1433151056316 1 589.0
1433151058347 0 519.0
1433151056418 1 589.0
1433151058447 0 519.0
1433151056519 1 589.0
1433151058548 0 519.0
1433151056621 1 589.0
1433151058649 0 519.0
1433151056723 1 589.0
1433151058750 0 519.0
1433151056824 1 589.0
1433151058851 0 519.0
1433151056926 1 589.0
1433151058953 0 519.0
1433151057028 1 589.0
1433151059054 0 519.0
1433151057130 1 589.0
1433151059157 0 519.0
1433151057232 1 589.0
1433151059258 0 519.0
1433151057333 1 589.0
1433151059359 0 519.0
1433151057436 1 589.0
1433151059459 0 519.0
1433151057538 1 589.0
1433151059559 0 519.0
1433151057638 1 589.0
1433151059660 0 519.0
1433151057738 1 589.0
1433151059760 0 519.0
1433151057838 1 589.0
1433151059860 0 519.0
1433151057940 1 589.0
1433151059961 0 519.0
1433151058040 1 589.0
1433151060061 0 519.0
1433151058141 1 589.0
1433151060162 0 519.0
1433151058242 1 589.0
1433151060262 0 519.0
1433151058343 1 589.0
1433151060363 0 519.0
1433151058444 1 589.0
1433151060463 0 519.0
1433151058546 1 589.0
1433151060564 0 519.0
1433151058647 1 589.0
1433151060664 0 519.0
1433151058748 1 589.0
1433151060764 0 519.0
1433151058850 1 589.0
1433151060864 0 519.0
1433151058951 1 589.0
1433151060964 0 519.0
1433151059052 1 589.0
1433151061065 0 519.0
1433151059154 1 589.0
1433151061165 0 519.0
1433151059255 1 589.0
1433151061266 0 519.0
1433151059357 1 589.0
1433151061367 0 519.0
1433151059458 1 589.0
1433151061467 0 519.0
1433151059560 1 589.0
1433151061568 0 519.0
1433151059661 1 589.0
1433151061668 0 519.0
1433151059762 1 589.0
1433151061769 0 519.0
1433151059863 1 589.0
1433151061869 0 519.0
1433151059964 1 589.0
1433151061970 0 519.0
1433151060064 1 589.0
1433151062070 0 519.0
1433151060165 1 589.0
1433151062172 0 519.0
1433151060266 1 589.0
1433151062274 0 519.0
1433151060368 1 589.0
1433151062375 0 519.0
1433151060469 1 589.0
1433151062476 0 519.0
1433151060570 1 589.0
1433151062578 0 519.0
1433151060671 1 589.0
1433151062679 0 519.0
1433151060772 1 589.0
1433151062779 0 519.0
1433151060873 1 589.0
1433151060976 1 589.0
1433151062879 0 519.0
1433151062980 0 519.0
1433151063082 0 519.0
1433151061077 1 589.0
1433151063184 0 519.0
1433151061177 1 589.0
1433151063286 0 519.0
1433151061278 1 589.0
1433151063388 0 519.0
1433151061378 1 589.0
1433151063489 0 519.0
1433151061479 1 589.0
1433151061580 1 589.0
1433151063591 0 519.0
1433151061681 1 589.0
1433151063692 0 519.0
1433151061780 1 589.0
1433151063793 0 519.0
1433151061880 1 589.0
1433151063894 0 519.0
1433151061981 1 589.0
1433151063995 0 519.0
1433151062082 1 589.0
1433151064097 0 519.0
1433151062183 1 589.0
1433151064198 0 519.0
1433151062284 1 589.0
1433151064300 0 519.0
1433151062385 1 589.0
1433151064401 0 519.0
1433151062487 1 589.0
1433151064501 0 519.0
1433151062589 1 589.0
1433151064601 0 519.0
1433151062690 1 589.0
1433151064702 0 519.0
1433151062792 1 589.0
1433151064802 0 519.0
1433151062893 1 589.0
1433151064904 0 519.0
1433151062994 1 589.0
1433151065007 0 519.0
1433151063096 1 589.0
1433151065109 0 519.0
1433151063197 1 589.0
1433151065209 0 519.0
1433151063299 1 589.0
1433151065311 0 519.0
1433151063401 1 589.0
1433151065411 0 519.0
1433151063502 1 589.0
1433151065512 0 519.0
1433151063604 1 589.0
1433151065614 0 519.0
1433151063706 1 589.0
1433151065716 0 519.0
1433151063808 1 589.0
1433151065817 0 519.0
1433151065919 0 519.0
1433151063908 1 589.0
1433151064009 1 589.0
1433151066020 0 519.0
1433151064110 1 589.0
1433151066121 0 519.0
1433151064211 1 589.0
1433151066222 0 519.0
1433151064313 1 589.0
1433151066323 0 519.0
1433151064415 1 589.0
1433151066425 0 519.0
1433151064517 1 589.0
1433151066526 0 519.0
1433151064619 1 589.0
1433151064721 1 589.0
1433151066627 0 519.0
1433151064823 1 589.0
1433151066727 0 519.0
1433151066827 0 519.0
1433151064925 1 589.0
1433151066928 0 519.0
1433151067030 0 519.0
1433151065025 1 589.0
1433151065127 1 589.0
1433151067132 0 519.0
1433151065229 1 589.0
1433151067232 0 519.0
1433151065330 1 589.0
1433151067334 0 519.0
1433151065431 1 589.0
1433151067435 0 519.0
1433151065532 1 589.0
1433151067537 0 519.0
1433151065634 1 589.0
1433151067639 0 519.0
1433151065737 1 589.0
1433151067739 0 519.0
1433151065838 1 589.0
1433151067840 0 519.0
1433151065939 1 589.0
1433151067941 0 519.0
1433151066040 1 589.0
1433151068043 0 519.0
1433151066141 1 589.0
1433151068145 0 519.0
1433151066241 1 589.0
1433151068246 0 519.0
1433151066343 1 589.0
1433151068347 0 519.0
1433151066444 1 589.0
1433151068448 0 519.0
1433151066546 1 589.0
1433151068549 0 519.0
1433151066647 1 589.0
1433151068651 0 519.0
1433151066748 1 589.0
1433151068753 0 519.0
1433151066849 1 589.0
1433151068855 0 519.0
1433151066951 1 589.0
1433151068956 0 519.0
1433151067052 1 589.0
1433151069058 0 519.0
1433151067154 1 589.0
1433151067255 1 589.0
1433151069159 0 519.0
1433151069258 0 519.0
1433151067357 1 589.0
1433151069360 0 519.0
1433151067458 1 589.0
1433151069461 0 519.0
1433151067560 1 589.0
1433151069563 0 519.0
1433151067661 1 589.0
1433151069665 0 519.0
1433151067762 1 589.0
1433151069768 0 519.0
1433151067863 1 589.0
1433151069870 0 519.0
1433151067965 1 589.0
1433151069970 0 519.0
1433151068066 1 589.0
1433151070072 0 519.0
1433151068168 1 589.0
1433151070173 0 519.0
1433151068270 1 589.0
1433151070275 0 519.0
1433151068371 1 589.0
1433151070376 0 519.0
1433151068472 1 589.0
1433151070477 0 519.0
1433151068573 1 589.0
1433151070578 0 519.0
1433151068674 1 589.0
1433151070680 0 519.0
1433151068776 1 589.0
1433151070782 0 519.0
1433151068877 1 589.0
1433151070883 0 519.0
1433151068977 1 589.0
1433151070984 0 519.0
1433151069077 1 589.0
1433151071086 0 519.0
1433151069177 1 589.0
1433151071188 0 519.0
1433151069278 1 589.0
1433151071289 0 519.0
1433151069380 1 589.0
1433151071388 0 519.0
1433151069481 1 589.0
1433151071490 0 519.0
1433151069583 1 589.0
1433151071591 0 519.0
1433151069685 1 589.0
1433151071693 0 519.0
1433151069787 1 589.0
1433151071795 0 519.0
