1432908818862 1 688.0
1432908819662 1 759.0
1432908819981 1 899.0
1432908820194 1 730.0
1432908820672 1 815.0
1432908820938 1 871.0
1432908821575 1 984.0
1432908822002 1 927.0
1432908822111 0 632.0
1432908822784 0 575.0
1432908822989 0 111.0
1432908823350 0 98.0
1432908823508 0 6.0
1432908823659 0 5.0
1432908823970 0 5.0
1432908825369 0 5.0
1432908825679 0 166.0
1432908825834 0 526.0
1432908825990 0 519.0
1432908826409 0 140.0
1432908826564 0 13.0
1432908826717 0 10.0
1432908826870 0 140.0
1432908827028 0 157.0
1432908827289 0 176.0
1432908827651 0 201.0
1432908827805 0 378.0
1432908827962 0 547.0
1432908828324 0 702.0
1432908828842 0 632.0
1432908829412 0 576.0
1432908829878 0 702.0
1432908830456 1 843.0
1432908831380 0 674.0
1432908831637 0 547.0
1432908831794 0 744.0
1432908831945 1 1223.0
1432908832105 1 2236.0
1432908832209 0 955.0
1432908832263 1 6288.0
1432908832416 0 1082.0
1432908832424 1 8257.0
1432908832636 1 9228.0
1432908832670 0 857.0
1432908832830 0 702.0
1432908832903 1 10452.0
1432908832983 0 561.0
1432908833541 1 9172.0
1432908833503 0 773.0
1432908833698 1 7624.0
1432908834019 1 6949.0
1432908833969 0 449.0
1432908834123 0 364.0
1432908834283 1 1110.0
1432908834434 0 279.0
1432908834443 1 208.0
1432908834642 0 223.0
1432908834658 1 16.0
1432908834815 1 2.0
1432908834849 0 195.0
1432908834975 1 2.0
1432908835109 0 547.0
1432908835315 0 1349.0
1432908835469 0 2418.0
1432908835508 1 2.0
1432908835624 0 3192.0
1432908835829 0 3586.0
1432908836145 0 3122.0
1432908836401 0 2911.0
1432908836624 1 2.0
1432908836996 1 2.0
1432908837490 0 3164.0
1432908838008 0 3389.0
1432908838268 0 3966.0
1432908838473 0 4796.0
1432908838836 0 4050.0
1432908839044 0 3685.0
1432908839510 0 3347.0
1432908839871 0 3164.0
1432908840334 0 2911.0
1432908840293 1 3.0
1432908840612 1 2.0
1432908840907 0 2658.0
1432908841166 0 2475.0
1432908841321 0 2953.0
1432908842094 0 2446.0
1432908842254 0 1631.0
1432908842410 0 1209.0
1432908842617 0 1349.0
1432908842873 0 828.0
1432908843031 0 758.0
1432908843290 0 576.0
1432908843498 0 491.0
1432908843912 0 393.0
1432908844637 0 379.0
1432908845205 0 407.0
1432908845464 0 435.0
1432908845723 0 421.0
1432908846087 0 519.0
1432908847174 0 1673.0
1432908847692 0 1406.0
1432908847899 0 1195.0
1432908848520 0 1645.0
1432908848672 0 1969.0
1432908848831 0 2503.0
1432908848986 0 3010.0
1432908849142 0 3347.0
1432908849346 0 2222.0
1432908849504 0 1462.0
1432908849711 0 2250.0
1432908849865 0 2433.0
