1433160733700 1 547.0
1433160733951 0 674.0
1433160735702 0 604.0
1433160733987 1 575.0
1433160733801 1 547.0
1433160734051 0 674.0
1433160735802 0 604.0
1433160734089 1 575.0
1433160733902 1 547.0
1433160734151 0 674.0
1433160735902 0 604.0
1433160734191 1 575.0
1433160734002 1 547.0
1433160736002 0 604.0
1433160734253 0 674.0
1433160734291 1 575.0
1433160734102 1 547.0
1433160734353 0 674.0
1433160736102 0 604.0
1433160734392 1 575.0
1433160734202 1 547.0
1433160736203 0 604.0
1433160734453 0 674.0
1433160734492 1 575.0
1433160734302 1 547.0
1433160736303 0 604.0
1433160734554 0 674.0
1433160734594 1 575.0
1433160734403 1 547.0
1433160736403 0 604.0
1433160734656 0 674.0
1433160734695 1 575.0
1433160734503 1 547.0
1433160736504 0 604.0
1433160734758 0 674.0
1433160734796 1 575.0
1433160734604 1 547.0
1433160736604 0 604.0
1433160734859 0 674.0
1433160734898 1 575.0
1433160734704 1 547.0
1433160736704 0 604.0
1433160734959 0 674.0
1433160735060 0 674.0
1433160734999 1 575.0
1433160734804 1 547.0
1433160736804 0 604.0
1433160735161 0 674.0
1433160735101 1 575.0
1433160734904 1 547.0
1433160736904 0 604.0
1433160735262 0 674.0
1433160735203 1 575.0
1433160735004 1 547.0
1433160737004 0 604.0
1433160735364 0 674.0
1433160735306 1 575.0
1433160735104 1 547.0
1433160737104 0 604.0
1433160735465 0 674.0
1433160735408 1 575.0
1433160735204 1 547.0
1433160737204 0 604.0
1433160735565 0 674.0
1433160735509 1 575.0
1433160735305 1 547.0
1433160737304 0 604.0
1433160735666 0 674.0
1433160735610 1 575.0
1433160735405 1 547.0
1433160737404 0 604.0
1433160735711 1 575.0
1433160735505 1 547.0
1433160737504 0 604.0
1433160735768 0 674.0
1433160735814 1 575.0
1433160735605 1 547.0
1433160737604 0 604.0
1433160735869 0 674.0
1433160735915 1 575.0
1433160735705 1 547.0
1433160737705 0 604.0
1433160735970 0 674.0
1433160736015 1 575.0
1433160735805 1 547.0
1433160737805 0 604.0
1433160736073 0 674.0
1433160736117 1 575.0
1433160735905 1 547.0
1433160737905 0 604.0
1433160736175 0 674.0
1433160736216 1 575.0
1433160736319 1 575.0
1433160736005 1 547.0
1433160738005 0 604.0
1433160736277 0 674.0
1433160736421 1 575.0
1433160736106 1 547.0
1433160738106 0 604.0
1433160736379 0 674.0
1433160736521 1 575.0
1433160736206 1 547.0
1433160738205 0 604.0
1433160736479 0 674.0
1433160736622 1 575.0
1433160736306 1 547.0
1433160738305 0 604.0
1433160736579 0 674.0
1433160736723 1 575.0
1433160736406 1 547.0
1433160738405 0 604.0
1433160736679 0 674.0
1433160736825 1 575.0
1433160736507 1 547.0
1433160738505 0 604.0
1433160736781 0 674.0
1433160736926 1 575.0
1433160736608 1 547.0
1433160738605 0 604.0
1433160736884 0 674.0
1433160737029 1 575.0
1433160736708 1 547.0
1433160738706 0 604.0
1433160736985 0 674.0
1433160736808 1 547.0
1433160738806 0 604.0
1433160737086 0 674.0
1433160737186 0 674.0
1433160736908 1 547.0
1433160737130 1 575.0
1433160738906 0 604.0
1433160737287 0 674.0
1433160737233 1 575.0
1433160737008 1 547.0
1433160739006 0 604.0
1433160737334 1 575.0
1433160737108 1 547.0
1433160739107 0 604.0
1433160737389 0 674.0
1433160737437 1 575.0
1433160737208 1 547.0
1433160739207 0 604.0
1433160737491 0 674.0
1433160737538 1 575.0
1433160737308 1 547.0
1433160739307 0 604.0
1433160737594 0 674.0
1433160737639 1 575.0
1433160737409 1 547.0
1433160739407 0 604.0
1433160737696 0 674.0
1433160737509 1 547.0
1433160739508 0 604.0
1433160737741 1 575.0
1433160737797 0 674.0
1433160737609 1 547.0
1433160737843 1 575.0
1433160739608 0 604.0
1433160737897 0 674.0
1433160737999 0 674.0
1433160737709 1 547.0
1433160737945 1 575.0
1433160739708 0 604.0
1433160738046 1 575.0
1433160737809 1 547.0
1433160739808 0 604.0
1433160738099 0 674.0
1433160738199 0 674.0
1433160737909 1 547.0
1433160739908 0 604.0
1433160738149 1 575.0
1433160738300 0 674.0
1433160738009 1 547.0
1433160738250 1 575.0
1433160740009 0 604.0
1433160738109 1 547.0
1433160740109 0 604.0
1433160738351 1 575.0
1433160738402 0 674.0
1433160738210 1 547.0
1433160740210 0 604.0
1433160738453 1 575.0
1433160738503 0 674.0
1433160738309 1 547.0
1433160740310 0 604.0
1433160738558 1 575.0
1433160738605 0 674.0
1433160738409 1 547.0
1433160740410 0 604.0
1433160738659 1 575.0
1433160738707 0 674.0
1433160738509 1 547.0
1433160740510 0 604.0
1433160738761 1 575.0
1433160738808 0 674.0
1433160738609 1 547.0
1433160740610 0 604.0
1433160738861 1 575.0
1433160738910 0 674.0
1433160738709 1 547.0
1433160740710 0 604.0
1433160738962 1 575.0
1433160739063 1 575.0
1433160739011 0 674.0
1433160738809 1 547.0
1433160740810 0 604.0
1433160739164 1 575.0
1433160739113 0 674.0
1433160738909 1 547.0
1433160740910 0 604.0
1433160739265 1 575.0
1433160739214 0 674.0
1433160739009 1 547.0
1433160741011 0 604.0
1433160739369 1 575.0
1433160739314 0 674.0
1433160739415 0 674.0
1433160739110 1 547.0
1433160741111 0 604.0
1433160739471 1 575.0
1433160739517 0 674.0
1433160739209 1 547.0
1433160741211 0 604.0
1433160739572 1 575.0
1433160739309 1 547.0
1433160741311 0 604.0
1433160739619 0 674.0
1433160739410 1 547.0
1433160741412 0 604.0
1433160739674 1 575.0
1433160739720 0 674.0
1433160739511 1 547.0
1433160741512 0 604.0
1433160739822 0 674.0
1433160739611 1 547.0
1433160741612 0 604.0
1433160739778 1 575.0
1433160739880 1 575.0
1433160739922 0 674.0
1433160739711 1 547.0
1433160741712 0 604.0
1433160739982 1 575.0
1433160740023 0 674.0
1433160739811 1 547.0
1433160741812 0 604.0
1433160740082 1 575.0
1433160740124 0 674.0
1433160741912 0 604.0
1433160739911 1 547.0
1433160740183 1 575.0
1433160740224 0 674.0
1433160740011 1 547.0
1433160742012 0 604.0
1433160740284 1 575.0
1433160740325 0 674.0
1433160740111 1 547.0
1433160742112 0 604.0
1433160740385 1 575.0
1433160740427 0 674.0
1433160740211 1 547.0
1433160742213 0 604.0
1433160740485 1 575.0
1433160740586 1 575.0
1433160740531 0 674.0
1433160740311 1 547.0
1433160742313 0 604.0
1433160740687 1 575.0
1433160740633 0 674.0
1433160740411 1 547.0
1433160742413 0 604.0
1433160740789 1 575.0
1433160740734 0 674.0
1433160740512 1 547.0
1433160742513 0 604.0
1433160740890 1 575.0
1433160740836 0 674.0
1433160740613 1 547.0
1433160742613 0 604.0
1433160740991 1 575.0
1433160740938 0 674.0
1433160740713 1 547.0
1433160742714 0 604.0
1433160741039 0 674.0
1433160740813 1 547.0
1433160742814 0 604.0
1433160741093 1 575.0
1433160741140 0 674.0
1433160740913 1 547.0
1433160742915 0 604.0
1433160741193 1 575.0
1433160741241 0 674.0
1433160741013 1 547.0
1433160743016 0 604.0
1433160741294 1 575.0
1433160741341 0 674.0
1433160741442 0 674.0
1433160741113 1 547.0
1433160743116 0 604.0
1433160741396 1 575.0
1433160741543 0 674.0
1433160741213 1 547.0
1433160743216 0 604.0
1433160741497 1 575.0
1433160741645 0 674.0
1433160741313 1 547.0
1433160743317 0 604.0
1433160741600 1 575.0
1433160741747 0 674.0
1433160741414 1 547.0
1433160743417 0 604.0
1433160741701 1 575.0
1433160741848 0 674.0
1433160741514 1 547.0
1433160743517 0 604.0
1433160741802 1 575.0
1433160741949 0 674.0
1433160741615 1 547.0
1433160743618 0 604.0
1433160741902 1 575.0
1433160742049 0 674.0
1433160741715 1 547.0
1433160743718 0 604.0
1433160742004 1 575.0
1433160742151 0 674.0
1433160741815 1 547.0
1433160743818 0 604.0
1433160742105 1 575.0
1433160742251 0 674.0
1433160743919 0 604.0
1433160741915 1 547.0
1433160742208 1 575.0
1433160742352 0 674.0
1433160744019 0 604.0
1433160742015 1 547.0
1433160742308 1 575.0
1433160742452 0 674.0
1433160744119 0 604.0
1433160742115 1 547.0
1433160742410 1 575.0
1433160742553 0 674.0
1433160744219 0 604.0
1433160742215 1 547.0
1433160742513 1 575.0
1433160742653 0 674.0
1433160744320 0 604.0
1433160742315 1 547.0
1433160742615 1 575.0
1433160744420 0 604.0
1433160742415 1 547.0
1433160742715 1 575.0
1433160744520 0 604.0
1433160742515 1 547.0
1433160742755 0 674.0
1433160742817 1 575.0
1433160742856 0 674.0
1433160744620 0 604.0
1433160742615 1 547.0
1433160742918 1 575.0
1433160742958 0 674.0
1433160744720 0 604.0
1433160742715 1 547.0
1433160743019 1 575.0
1433160743058 0 674.0
1433160744820 0 604.0
1433160742816 1 547.0
1433160743120 1 575.0
1433160743162 0 674.0
1433160744920 0 604.0
1433160742915 1 547.0
1433160743223 1 575.0
1433160743263 0 674.0
1433160745020 0 604.0
1433160743016 1 547.0
1433160743324 1 575.0
1433160743363 0 674.0
1433160743117 1 547.0
1433160745121 0 604.0
1433160743427 1 575.0
1433160743464 0 674.0
1433160745221 0 604.0
1433160743218 1 547.0
1433160743528 1 575.0
1433160745321 0 604.0
1433160743565 0 674.0
1433160743318 1 547.0
1433160743629 1 575.0
1433160745422 0 604.0
1433160743418 1 547.0
1433160743665 0 674.0
1433160743729 1 575.0
1433160743831 1 575.0
1433160745522 0 604.0
1433160743518 1 547.0
1433160743765 0 674.0
1433160743865 0 674.0
1433160743933 1 575.0
1433160745622 0 604.0
1433160743618 1 547.0
1433160743969 0 674.0
1433160744034 1 575.0
1433160745722 0 604.0
1433160743718 1 547.0
1433160744070 0 674.0
1433160744136 1 575.0
1433160745823 0 604.0
1433160743818 1 547.0
1433160744172 0 674.0
1433160744238 1 575.0
1433160745923 0 604.0
1433160743918 1 547.0
1433160744273 0 674.0
1433160744340 1 575.0
1433160746023 0 604.0
1433160744018 1 547.0
1433160744375 0 674.0
1433160744442 1 575.0
1433160746123 0 604.0
1433160744119 1 547.0
1433160746223 0 604.0
1433160744220 1 547.0
1433160744477 0 674.0
1433160746323 0 604.0
1433160744544 1 575.0
1433160744644 1 575.0
1433160744320 1 547.0
1433160744579 0 674.0
1433160746424 0 604.0
1433160744420 1 547.0
1433160744682 0 674.0
1433160744747 1 575.0
1433160746524 0 604.0
1433160744520 1 547.0
1433160744783 0 674.0
1433160744851 1 575.0
1433160746624 0 604.0
1433160744620 1 547.0
1433160744886 0 674.0
1433160744952 1 575.0
1433160746725 0 604.0
1433160744720 1 547.0
1433160744987 0 674.0
1433160745053 1 575.0
1433160746825 0 604.0
1433160744820 1 547.0
1433160745087 0 674.0
1433160745154 1 575.0
1433160746925 0 604.0
1433160744920 1 547.0
1433160745188 0 674.0
1433160745257 1 575.0
1433160747026 0 604.0
1433160745021 1 547.0
1433160745288 0 674.0
1433160745389 0 674.0
1433160745358 1 575.0
1433160745122 1 547.0
1433160747126 0 604.0
1433160745490 0 674.0
1433160745458 1 575.0
1433160747226 0 604.0
1433160745222 1 547.0
1433160745592 0 674.0
1433160745558 1 575.0
1433160745322 1 547.0
1433160747326 0 604.0
1433160745693 0 674.0
1433160745658 1 575.0
1433160745759 1 575.0
1433160745422 1 547.0
1433160747426 0 604.0
1433160745795 0 674.0
1433160745860 1 575.0
1433160745522 1 547.0
1433160747526 0 604.0
1433160745898 0 674.0
1433160745962 1 575.0
1433160745622 1 547.0
1433160747626 0 604.0
1433160745998 0 674.0
1433160747726 0 604.0
1433160745723 1 547.0
1433160746064 1 575.0
1433160747826 0 604.0
1433160745823 1 547.0
1433160746166 1 575.0
1433160746099 0 674.0
1433160747926 0 604.0
1433160745924 1 547.0
1433160746268 1 575.0
1433160746201 0 674.0
1433160748027 0 604.0
1433160746024 1 547.0
1433160746369 1 575.0
1433160746305 0 674.0
1433160748126 0 604.0
1433160746124 1 547.0
1433160746471 1 575.0
1433160746408 0 674.0
1433160748226 0 604.0
1433160746225 1 547.0
1433160746573 1 575.0
1433160746509 0 674.0
1433160748327 0 604.0
1433160746325 1 547.0
1433160746610 0 674.0
1433160748427 0 604.0
1433160746425 1 547.0
1433160746676 1 575.0
1433160746712 0 674.0
1433160748527 0 604.0
1433160746525 1 547.0
1433160746778 1 575.0
1433160746814 0 674.0
1433160746626 1 547.0
1433160748630 0 604.0
1433160746880 1 575.0
1433160746917 0 674.0
1433160748730 0 604.0
1433160746726 1 547.0
1433160746983 1 575.0
1433160747017 0 674.0
1433160748830 0 604.0
1433160746826 1 547.0
1433160747084 1 575.0
1433160747119 0 674.0
1433160748930 0 604.0
1433160746926 1 547.0
1433160747185 1 575.0
1433160747221 0 674.0
1433160747026 1 547.0
1433160749030 0 604.0
1433160747287 1 575.0
1433160747323 0 674.0
1433160749130 0 604.0
1433160747126 1 547.0
1433160747387 1 575.0
1433160747425 0 674.0
1433160747226 1 547.0
1433160749231 0 604.0
1433160747487 1 575.0
1433160747589 1 575.0
1433160747528 0 674.0
1433160749332 0 604.0
1433160747327 1 547.0
1433160747689 1 575.0
1433160747629 0 674.0
1433160749432 0 604.0
1433160747427 1 547.0
1433160747791 1 575.0
1433160747730 0 674.0
1433160749533 0 604.0
1433160747528 1 547.0
1433160747891 1 575.0
1433160747832 0 674.0
1433160749632 0 604.0
1433160747629 1 547.0
1433160747992 1 575.0
1433160747934 0 674.0
1433160749732 0 604.0
1433160747730 1 547.0
1433160748092 1 575.0
1433160748035 0 674.0
1433160749832 0 604.0
1433160747831 1 547.0
1433160748194 1 575.0
1433160748137 0 674.0
1433160747932 1 547.0
1433160749932 0 604.0
1433160748295 1 575.0
1433160748241 0 674.0
1433160750032 0 604.0
1433160748033 1 547.0
1433160748341 0 674.0
1433160750132 0 604.0
1433160748133 1 547.0
1433160748397 1 575.0
1433160748442 0 674.0
1433160750233 0 604.0
1433160748234 1 547.0
1433160748498 1 575.0
1433160748543 0 674.0
1433160750334 0 604.0
1433160748335 1 547.0
1433160748599 1 575.0
1433160748644 0 674.0
1433160748745 0 674.0
1433160750434 0 604.0
1433160748435 1 547.0
1433160748700 1 575.0
1433160748848 0 674.0
1433160750534 0 604.0
1433160748535 1 547.0
1433160748804 1 575.0
1433160748950 0 674.0
1433160750634 0 604.0
1433160748635 1 547.0
1433160748905 1 575.0
1433160749052 0 674.0
1433160750734 0 604.0
1433160748735 1 547.0
1433160749007 1 575.0
1433160750834 0 604.0
1433160748835 1 547.0
1433160749107 1 575.0
1433160749208 1 575.0
1433160749154 0 674.0
1433160749254 0 674.0
1433160750935 0 604.0
1433160748935 1 547.0
1433160749308 1 575.0
1433160751036 0 604.0
1433160749035 1 547.0
1433160749410 1 575.0
1433160749356 0 674.0
1433160751137 0 604.0
1433160749136 1 547.0
1433160749511 1 575.0
1433160749457 0 674.0
1433160751237 0 604.0
1433160749237 1 547.0
1433160749612 1 575.0
1433160749560 0 674.0
1433160751337 0 604.0
1433160749337 1 547.0
1433160749661 0 674.0
1433160751437 0 604.0
1433160749437 1 547.0
1433160749714 1 575.0
1433160749764 0 674.0
1433160751537 0 604.0
1433160749537 1 547.0
1433160749817 1 575.0
1433160749865 0 674.0
1433160751637 0 604.0
1433160749638 1 547.0
1433160749919 1 575.0
1433160749965 0 674.0
1433160751738 0 604.0
1433160749739 1 547.0
1433160750020 1 575.0
1433160750066 0 674.0
1433160751838 0 604.0
1433160749839 1 547.0
1433160750120 1 575.0
1433160750222 1 575.0
1433160750166 0 674.0
1433160750267 0 674.0
1433160751938 0 604.0
1433160749940 1 547.0
1433160750324 1 575.0
1433160750368 0 674.0
1433160752038 0 604.0
1433160750040 1 547.0
1433160750469 0 674.0
1433160752138 0 604.0
1433160750140 1 547.0
1433160750426 1 575.0
1433160750570 0 674.0
1433160752238 0 604.0
1433160750240 1 547.0
1433160750528 1 575.0
1433160752338 0 604.0
1433160750340 1 547.0
1433160750630 1 575.0
1433160752438 0 604.0
1433160750440 1 547.0
1433160750672 0 674.0
1433160750733 1 575.0
1433160750774 0 674.0
1433160752538 0 604.0
1433160750541 1 547.0
1433160750835 1 575.0
1433160750875 0 674.0
1433160752638 0 604.0
1433160750641 1 547.0
1433160750937 1 575.0
1433160752739 0 604.0
1433160750976 0 674.0
1433160750742 1 547.0
1433160751038 1 575.0
1433160752839 0 604.0
1433160751077 0 674.0
1433160750842 1 547.0
1433160751139 1 575.0
1433160752939 0 604.0
1433160751178 0 674.0
1433160751278 0 674.0
1433160750942 1 547.0
1433160751239 1 575.0
1433160751341 1 575.0
1433160753039 0 604.0
1433160751380 0 674.0
1433160751042 1 547.0
1433160751443 1 575.0
1433160753139 0 604.0
1433160751482 0 674.0
1433160751142 1 547.0
1433160751544 1 575.0
1433160753240 0 604.0
1433160751242 1 547.0
1433160751646 1 575.0
1433160753340 0 604.0
1433160751342 1 547.0
1433160751584 0 674.0
1433160751748 1 575.0
1433160753440 0 604.0
1433160751442 1 547.0
1433160751687 0 674.0
1433160751849 1 575.0
1433160753541 0 604.0
1433160751542 1 547.0
1433160751789 0 674.0
1433160751950 1 575.0
1433160753641 0 604.0
1433160751643 1 547.0
1433160751888 0 674.0
1433160752051 1 575.0
1433160753741 0 604.0
1433160751743 1 547.0
1433160751991 0 674.0
1433160753842 0 604.0
1433160751843 1 547.0
1433160752092 0 674.0
1433160752152 1 575.0
1433160753942 0 604.0
1433160751943 1 547.0
1433160752193 0 674.0
1433160752254 1 575.0
1433160754042 0 604.0
1433160752043 1 547.0
1433160752295 0 674.0
1433160752356 1 575.0
1433160754142 0 604.0
1433160752143 1 547.0
1433160752397 0 674.0
1433160752460 1 575.0
1433160754242 0 604.0
1433160752243 1 547.0
1433160752498 0 674.0
1433160752561 1 575.0
1433160754342 0 604.0
1433160752343 1 547.0
1433160752600 0 674.0
1433160752661 1 575.0
1433160754442 0 604.0
1433160752443 1 547.0
1433160752702 0 674.0
1433160752764 1 575.0
1433160754543 0 604.0
1433160752544 1 547.0
1433160752804 0 674.0
1433160752867 1 575.0
1433160754643 0 604.0
1433160752645 1 547.0
1433160752905 0 674.0
1433160752968 1 575.0
1433160754743 0 604.0
1433160752745 1 547.0
1433160753005 0 674.0
1433160753069 1 575.0
1433160754843 0 604.0
1433160752845 1 547.0
1433160753107 0 674.0
1433160753169 1 575.0
1433160753271 1 575.0
1433160754943 0 604.0
1433160752945 1 547.0
1433160753211 0 674.0
1433160753372 1 575.0
1433160755043 0 604.0
1433160753045 1 547.0
1433160753313 0 674.0
1433160755143 0 604.0
1433160753474 1 575.0
1433160753145 1 547.0
1433160753414 0 674.0
1433160755243 0 604.0
1433160753576 1 575.0
1433160753245 1 547.0
1433160753515 0 674.0
1433160753616 0 674.0
1433160755343 0 604.0
1433160753676 1 575.0
1433160753346 1 547.0
1433160753718 0 674.0
1433160755443 0 604.0
1433160753447 1 547.0
1433160753820 0 674.0
1433160755544 0 604.0
1433160753547 1 547.0
1433160753777 1 575.0
1433160753922 0 674.0
1433160755656 0 604.0
1433160753878 1 575.0
1433160753647 1 547.0
1433160754023 0 674.0
1433160755757 0 604.0
1433160753980 1 575.0
1433160753747 1 547.0
1433160755858 0 604.0
1433160754082 1 575.0
1433160753847 1 547.0
1433160754124 0 674.0
1433160755958 0 604.0
1433160754183 1 575.0
1433160753947 1 547.0
1433160754225 0 674.0
1433160756059 0 604.0
1433160754047 1 547.0
1433160754284 1 575.0
1433160754329 0 674.0
1433160756158 0 604.0
1433160754147 1 547.0
1433160754385 1 575.0
1433160754429 0 674.0
1433160756258 0 604.0
1433160754247 1 547.0
1433160754487 1 575.0
1433160754530 0 674.0
1433160756359 0 604.0
1433160754347 1 547.0
1433160754588 1 575.0
1433160754632 0 674.0
1433160756460 0 604.0
1433160754447 1 547.0
1433160754690 1 575.0
1433160754735 0 674.0
1433160756560 0 604.0
1433160754547 1 547.0
1433160754791 1 575.0
1433160754836 0 674.0
1433160756660 0 604.0
1433160754647 1 547.0
1433160754892 1 575.0
1433160754992 1 575.0
1433160754938 0 674.0
1433160756761 0 604.0
1433160754747 1 547.0
1433160755093 1 575.0
1433160755039 0 674.0
1433160756861 0 604.0
1433160754848 1 547.0
1433160755195 1 575.0
1433160755141 0 674.0
1433160756961 0 604.0
1433160754949 1 547.0
1433160755297 1 575.0
1433160755243 0 674.0
1433160757061 0 604.0
1433160755050 1 547.0
1433160755399 1 575.0
1433160755345 0 674.0
1433160757162 0 604.0
1433160755150 1 547.0
1433160755501 1 575.0
1433160755446 0 674.0
1433160757262 0 604.0
1433160755250 1 547.0
1433160755604 1 575.0
1433160755548 0 674.0
1433160757362 0 604.0
1433160755350 1 547.0
1433160755706 1 575.0
1433160755650 0 674.0
1433160757462 0 604.0
1433160755451 1 547.0
1433160755807 1 575.0
1433160755751 0 674.0
1433160757563 0 604.0
1433160755551 1 547.0
1433160755854 0 674.0
1433160757663 0 604.0
1433160755651 1 547.0
1433160755909 1 575.0
1433160755955 0 674.0
1433160757763 0 604.0
1433160755751 1 547.0
1433160756010 1 575.0
1433160756056 0 674.0
1433160757863 0 604.0
1433160755851 1 547.0
1433160756112 1 575.0
1433160756156 0 674.0
1433160757963 0 604.0
1433160755951 1 547.0
1433160756215 1 575.0
1433160756258 0 674.0
1433160758063 0 604.0
1433160756051 1 547.0
1433160756317 1 575.0
1433160756360 0 674.0
1433160758163 0 604.0
1433160756151 1 547.0
1433160756419 1 575.0
1433160756461 0 674.0
1433160758264 0 604.0
1433160756251 1 547.0
1433160756520 1 575.0
1433160756561 0 674.0
1433160758365 0 604.0
1433160756351 1 547.0
1433160756620 1 575.0
1433160756662 0 674.0
1433160758464 0 604.0
1433160756451 1 547.0
1433160756720 1 575.0
1433160756763 0 674.0
1433160758564 0 604.0
1433160756551 1 547.0
1433160756820 1 575.0
1433160756863 0 674.0
1433160756964 0 674.0
1433160758664 0 604.0
1433160756651 1 547.0
1433160756921 1 575.0
1433160757065 0 674.0
1433160758765 0 604.0
1433160756751 1 547.0
1433160757021 1 575.0
1433160757167 0 674.0
1433160758865 0 604.0
1433160756851 1 547.0
1433160757121 1 575.0
1433160757268 0 674.0
1433160758965 0 604.0
1433160756951 1 547.0
1433160757221 1 575.0
1433160757368 0 674.0
1433160759065 0 604.0
1433160757052 1 547.0
1433160757322 1 575.0
1433160757469 0 674.0
1433160759165 0 604.0
1433160757153 1 547.0
1433160757422 1 575.0
1433160757522 1 575.0
1433160757570 0 674.0
1433160759265 0 604.0
1433160757253 1 547.0
1433160757623 1 575.0
1433160757671 0 674.0
1433160759365 0 604.0
1433160757353 1 547.0
1433160757725 1 575.0
1433160757773 0 674.0
1433160759465 0 604.0
1433160757454 1 547.0
1433160757828 1 575.0
1433160757874 0 674.0
1433160759566 0 604.0
1433160757556 1 547.0
1433160757928 1 575.0
1433160757976 0 674.0
1433160759665 0 604.0
1433160757656 1 547.0
1433160758028 1 575.0
1433160758078 0 674.0
1433160759766 0 604.0
1433160757756 1 547.0
1433160758130 1 575.0
1433160759866 0 604.0
1433160757856 1 547.0
1433160758232 1 575.0
1433160758180 0 674.0
1433160759966 0 604.0
1433160757956 1 547.0
1433160758334 1 575.0
1433160758281 0 674.0
1433160760066 0 604.0
1433160758056 1 547.0
1433160758436 1 575.0
1433160758384 0 674.0
1433160760166 0 604.0
1433160758156 1 547.0
1433160758537 1 575.0
1433160758485 0 674.0
1433160760267 0 604.0
1433160758256 1 547.0
1433160758638 1 575.0
1433160758586 0 674.0
1433160760367 0 604.0
1433160758356 1 547.0
1433160758687 0 674.0
1433160758788 0 674.0
1433160760468 0 604.0
1433160758456 1 547.0
1433160758740 1 575.0
1433160758890 0 674.0
1433160760568 0 604.0
1433160758556 1 547.0
1433160758841 1 575.0
1433160760669 0 604.0
1433160758656 1 547.0
1433160758942 1 575.0
1433160760768 0 604.0
1433160758992 0 674.0
1433160758757 1 547.0
1433160759043 1 575.0
1433160759092 0 674.0
1433160760868 0 604.0
1433160758857 1 547.0
1433160759145 1 575.0
1433160760969 0 604.0
1433160759195 0 674.0
1433160758958 1 547.0
1433160759247 1 575.0
1433160761070 0 604.0
1433160759297 0 674.0
1433160759059 1 547.0
1433160759348 1 575.0
1433160761170 0 604.0
1433160759397 0 674.0
1433160759160 1 547.0
1433160759451 1 575.0
1433160761270 0 604.0
1433160759498 0 674.0
1433160759261 1 547.0
1433160759552 1 575.0
1433160761371 0 604.0
1433160759600 0 674.0
1433160759362 1 547.0
1433160759654 1 575.0
1433160761471 0 604.0
1433160759463 1 547.0
1433160759701 0 674.0
1433160759755 1 575.0
1433160761571 0 604.0
1433160759563 1 547.0
1433160759803 0 674.0
1433160759856 1 575.0
1433160761672 0 604.0
1433160759663 1 547.0
1433160759904 0 674.0
1433160759957 1 575.0
1433160761772 0 604.0
1433160759763 1 547.0
1433160760005 0 674.0
1433160760058 1 575.0
1433160761872 0 604.0
1433160759863 1 547.0
1433160760107 0 674.0
1433160760162 1 575.0
1433160761972 0 604.0
1433160759963 1 547.0
1433160760209 0 674.0
1433160760264 1 575.0
1433160762073 0 604.0
1433160760063 1 547.0
1433160760313 0 674.0
1433160760366 1 575.0
1433160760467 1 575.0
1433160762173 0 604.0
1433160760163 1 547.0
1433160760419 0 674.0
1433160760569 1 575.0
1433160762273 0 604.0
1433160760263 1 547.0
1433160760519 0 674.0
1433160760671 1 575.0
1433160762373 0 604.0
1433160760363 1 547.0
1433160760622 0 674.0
1433160760772 1 575.0
1433160762474 0 604.0
1433160760463 1 547.0
1433160760724 0 674.0
1433160762574 0 604.0
1433160760563 1 547.0
1433160760827 0 674.0
1433160760874 1 575.0
1433160762674 0 604.0
1433160760663 1 547.0
1433160760927 0 674.0
1433160761028 0 674.0
1433160760975 1 575.0
1433160762774 0 604.0
1433160760763 1 547.0
1433160761079 1 575.0
1433160762874 0 604.0
1433160760863 1 547.0
1433160761130 0 674.0
1433160761180 1 575.0
1433160762974 0 604.0
1433160760963 1 547.0
1433160761232 0 674.0
1433160761281 1 575.0
1433160763075 0 604.0
1433160761063 1 547.0
1433160761332 0 674.0
1433160761383 1 575.0
1433160763175 0 604.0
1433160761164 1 547.0
1433160761436 0 674.0
1433160761485 1 575.0
1433160763276 0 604.0
1433160761265 1 547.0
1433160761538 0 674.0
1433160761638 0 674.0
1433160761587 1 575.0
1433160763376 0 604.0
1433160761365 1 547.0
1433160761740 0 674.0
1433160761687 1 575.0
1433160761788 1 575.0
1433160763476 0 604.0
1433160761465 1 547.0
1433160761842 0 674.0
1433160761889 1 575.0
1433160763577 0 604.0
1433160761565 1 547.0
1433160763678 0 604.0
1433160761989 1 575.0
1433160761665 1 547.0
1433160761943 0 674.0
1433160763778 0 604.0
1433160762091 1 575.0
1433160761765 1 547.0
1433160762044 0 674.0
1433160763878 0 604.0
1433160762193 1 575.0
1433160761865 1 547.0
1433160762148 0 674.0
1433160763978 0 604.0
1433160762294 1 575.0
1433160761965 1 547.0
1433160762250 0 674.0
1433160764079 0 604.0
1433160762395 1 575.0
1433160762065 1 547.0
1433160762351 0 674.0
1433160764179 0 604.0
1433160762497 1 575.0
1433160762165 1 547.0
1433160762451 0 674.0
1433160762552 0 674.0
1433160764279 0 604.0
1433160762265 1 547.0
1433160762653 0 674.0
1433160764380 0 604.0
1433160762599 1 575.0
1433160762365 1 547.0
1433160762754 0 674.0
1433160764480 0 604.0
1433160762702 1 575.0
1433160762465 1 547.0
1433160762854 0 674.0
1433160764580 0 604.0
1433160762804 1 575.0
1433160762565 1 547.0
1433160762955 0 674.0
1433160764681 0 604.0
1433160762904 1 575.0
1433160762665 1 547.0
1433160763056 0 674.0
1433160764781 0 604.0
1433160763005 1 575.0
1433160762765 1 547.0
1433160764881 0 604.0
1433160763106 1 575.0
1433160762866 1 547.0
1433160763158 0 674.0
1433160763258 0 674.0
1433160764981 0 604.0
1433160763209 1 575.0
1433160762966 1 547.0
1433160765081 0 604.0
1433160763310 1 575.0
1433160763066 1 547.0
1433160763360 0 674.0
1433160765181 0 604.0
1433160763413 1 575.0
1433160763166 1 547.0
1433160763461 0 674.0
1433160765281 0 604.0
1433160763514 1 575.0
1433160763266 1 547.0
1433160763565 0 674.0
1433160765382 0 604.0
1433160763617 1 575.0
1433160763366 1 547.0
1433160763666 0 674.0
1433160765482 0 604.0
1433160763467 1 547.0
1433160763717 1 575.0
1433160763768 0 674.0
1433160765582 0 604.0
1433160763567 1 547.0
1433160763819 1 575.0
1433160763869 0 674.0
1433160765682 0 604.0
1433160763667 1 547.0
1433160763920 1 575.0
