1433149693059 1 0.23535959422588348 0.156906396150589 10.316595077514648
1433149693160 1 0.19613298773765564 0.19613298773765564 10.238142013549805
1433149693260 1 0.156906396150589 0.156906396150589 10.355822563171387
1433149693361 1 0.156906396150589 0.11767979711294174 10.198915481567383
1433149693462 1 0.19613298773765564 0.23535959422588348 10.316595077514648
1433149693562 1 0.11767979711294174 0.19613298773765564 10.316595077514648
1433149693663 1 0.156906396150589 0.19613298773765564 10.316595077514648
1433149693764 1 0.19613298773765564 0.156906396150589 10.355822563171387
1433149693865 1 0.156906396150589 0.156906396150589 10.316595077514648
1433149693966 1 0.23535959422588348 0.19613298773765564 10.355822563171387
1433149694066 1 0.19613298773765564 0.156906396150589 10.277368545532227
1433149694167 1 0.11767979711294174 0.19613298773765564 10.238142013549805
1433149694268 1 0.156906396150589 0.19613298773765564 10.238142013549805
1433149694369 1 0.156906396150589 0.156906396150589 10.355822563171387
1433149694470 1 0.11767979711294174 0.156906396150589 10.395049095153809
1433149694571 1 0.19613298773765564 0.156906396150589 10.277368545532227
1433149694672 1 0.156906396150589 0.156906396150589 10.277368545532227
1433149694773 1 0.156906396150589 0.19613298773765564 10.316595077514648
1433149694873 1 0.156906396150589 0.23535959422588348 10.198915481567383
1433149694974 1 0.156906396150589 0.156906396150589 10.355822563171387
1433149695076 1 0.156906396150589 0.19613298773765564 10.316595077514648
1433149695176 1 0.19613298773765564 0.156906396150589 10.277368545532227
1433149695277 1 0.23535959422588348 0.19613298773765564 10.316595077514648
1433149695378 1 0.156906396150589 0.19613298773765564 10.277368545532227
1433149695478 1 0.156906396150589 0.19613298773765564 10.277368545532227
1433149695579 1 0.27458620071411133 0.11767979711294174 10.238142013549805
1433149695679 1 0.156906396150589 0.156906396150589 10.277368545532227
1433149695780 1 0.156906396150589 0.19613298773765564 10.277368545532227
1433149695881 1 0.19613298773765564 0.23535959422588348 10.316595077514648
1433149695981 1 0.0784531980752945 0.156906396150589 10.277368545532227
1433149696082 1 0.156906396150589 0.19613298773765564 10.316595077514648
1433149696183 1 0.19613298773765564 0.23535959422588348 10.316595077514648
1433149696284 1 0.156906396150589 0.23535959422588348 10.277368545532227
1433149696385 1 0.156906396150589 0.19613298773765564 10.277368545532227
1433149696486 1 0.19613298773765564 0.19613298773765564 10.355822563171387
1433149696588 1 0.156906396150589 0.19613298773765564 10.198915481567383
1433149696689 1 0.19613298773765564 0.156906396150589 10.355822563171387
1433149696790 1 0.19613298773765564 0.156906396150589 10.277368545532227
1433149696891 1 0.156906396150589 0.156906396150589 10.316595077514648
1433149696992 1 0.23535959422588348 0.156906396150589 10.316595077514648
1433149697093 1 0.19613298773765564 0.19613298773765564 10.238142013549805
1433149697195 1 0.156906396150589 0.156906396150589 10.238142013549805
1433149697296 1 0.11767979711294174 0.23535959422588348 10.395049095153809
1433149697397 1 0.156906396150589 0.27458620071411133 10.355822563171387
1433149697497 1 0.19613298773765564 0.11767979711294174 10.277368545532227
1433149697597 1 0.23535959422588348 0.11767979711294174 10.316595077514648
1433149697697 1 0.19613298773765564 0.156906396150589 10.316595077514648
1433149697797 1 0.19613298773765564 0.23535959422588348 10.277368545532227
1433149697897 1 0.156906396150589 0.19613298773765564 10.238142013549805
1433149697997 1 0.11767979711294174 0.23535959422588348 10.355822563171387
1433149698098 1 0.156906396150589 0.156906396150589 10.277368545532227
1433149698200 1 0.19613298773765564 0.19613298773765564 10.355822563171387
1433149698301 1 0.156906396150589 0.23535959422588348 10.316595077514648
1433149698402 1 0.156906396150589 0.23535959422588348 10.316595077514648
1433149698503 1 0.19613298773765564 0.156906396150589 10.238142013549805
1433149698604 1 0.19613298773765564 0.19613298773765564 10.355822563171387
1433149698705 1 0.156906396150589 0.156906396150589 10.316595077514648
1433149700727 0 0.0784531980752945 -0.03922659903764725 10.591181755065918
1433149698806 1 0.19613298773765564 0.19613298773765564 10.277368545532227
1433149700827 0 0.0784531980752945 -0.03922659903764725 10.551955223083496
1433149698906 1 0.23535959422588348 0.19613298773765564 10.355822563171387
1433149700927 0 0.03922659903764725 0.03922659903764725 10.512728691101074
1433149699008 1 0.23535959422588348 0.19613298773765564 10.316595077514648
1433149701027 0 0.03922659903764725 0.03922659903764725 10.512728691101074
1433149701127 0 0.03922659903764725 -0.03922659903764725 10.551955223083496
1433149699108 1 0.19613298773765564 0.156906396150589 10.277368545532227
1433149701228 0 -0.11767979711294174 -0.0784531980752945 10.238142013549805
1433149699209 1 0.156906396150589 0.11767979711294174 10.316595077514648
1433149701328 0 0.11767979711294174 -0.23535959422588348 10.748087882995605
1433149699310 1 0.23535959422588348 0.19613298773765564 10.277368545532227
1433149701428 0 0.19613298773765564 -0.11767979711294174 10.551955223083496
1433149699411 1 0.156906396150589 0.19613298773765564 10.355822563171387
1433149701529 0 0.627625584602356 0.0784531980752945 10.591181755065918
1433149699513 1 0.19613298773765564 0.19613298773765564 10.355822563171387
1433149701629 0 -0.11767979711294174 -0.0784531980752945 10.63040828704834
1433149699615 1 0.23535959422588348 0.19613298773765564 10.316595077514648
1433149701729 0 0.156906396150589 -0.03922659903764725 10.708861351013184
1433149699715 1 0.23535959422588348 0.19613298773765564 10.395049095153809
1433149701830 0 -0.03922659903764725 -0.823758602142334 10.512728691101074
1433149699816 1 0.11767979711294174 0.19613298773765564 10.355822563171387
1433149701930 0 0.23535959422588348 -0.7060787677764893 10.82654094696045
1433149699916 1 0.156906396150589 0.156906396150589 10.277368545532227
1433149702030 0 0.7453053593635559 -1.8828767538070679 10.90499496459961
1433149700017 1 0.156906396150589 0.19613298773765564 10.238142013549805
1433149702130 0 0.5491724014282227 -1.255251169204712 10.120462417602539
1433149700118 1 0.23535959422588348 0.11767979711294174 10.277368545532227
1433149702231 0 0.9022117853164673 -1.0591181516647339 10.82654094696045
1433149700219 1 0.156906396150589 0.156906396150589 10.277368545532227
1433149702332 0 0.509945809841156 0.627625584602356 11.414939880371094
1433149700320 1 0.11767979711294174 0.19613298773765564 10.277368545532227
1433149702432 0 1.6867437362670898 2.471275806427002 7.845319747924805
1433149700420 1 0.19613298773765564 0.11767979711294174 10.238142013549805
1433149702532 0 3.687300205230713 3.0596747398376465 6.7077484130859375
1433149700520 1 0.156906396150589 0.156906396150589 10.277368545532227
1433149702632 0 7.845319747924805 3.0204482078552246 8.904438018798828
1433149700620 1 0.19613298773765564 0.19613298773765564 10.238142013549805
1433149702732 0 6.982334613800049 4.628738880157471 6.786201477050781
1433149700720 1 0.0784531980752945 0.19613298773765564 10.238142013549805
1433149702833 0 8.512171745300293 3.0596747398376465 6.237029075622559
1433149700821 1 0.11767979711294174 0.19613298773765564 10.277368545532227
1433149702933 0 8.198359489440918 3.295034408569336 5.099457740783691
1433149700922 1 0.19613298773765564 0.156906396150589 10.198915481567383
1433149703033 0 7.884546279907227 1.0983448028564453 6.746974945068359
1433149701023 1 0.156906396150589 0.19613298773765564 10.277368545532227
1433149703133 0 6.393935680389404 0.03922659903764725 6.080122947692871
1433149701123 1 0.156906396150589 0.156906396150589 10.355822563171387
1433149703233 0 5.374043941497803 -0.7453053593635559 8.708305358886719
1433149701224 1 0.19613298773765564 0.156906396150589 10.277368545532227
1433149703334 0 4.785645008087158 -0.11767979711294174 10.120462417602539
1433149701325 1 0.19613298773765564 0.19613298773765564 10.277368545532227
1433149703435 0 4.354152679443359 -0.3922659754753113 11.061901092529297
1433149701426 1 0.156906396150589 0.19613298773765564 10.277368545532227
1433149703534 0 3.5303938388824463 0.7060787677764893 11.33648681640625
1433149701527 1 0.156906396150589 0.156906396150589 10.277368545532227
1433149703634 0 0.3922659754753113 2.9419949054718018 9.100570678710938
1433149701628 1 0.19613298773765564 0.156906396150589 10.355822563171387
1433149703734 0 0.627625584602356 4.354152679443359 9.100570678710938
1433149701729 1 0.156906396150589 0.156906396150589 10.316595077514648
1433149703835 0 1.8044235706329346 5.0602312088012695 7.5315070152282715
1433149701830 1 0.23535959422588348 0.19613298773765564 10.355822563171387
1433149703936 0 1.4906107187271118 6.237029075622559 8.74753189086914
1433149701931 1 0.156906396150589 0.23535959422588348 10.316595077514648
1433149704037 0 1.4121575355529785 6.080122947692871 8.629851341247559
1433149702033 1 0.19613298773765564 0.156906396150589 10.238142013549805
1433149704138 0 0.823758602142334 6.51161527633667 7.1392412185668945
1433149702135 1 0.156906396150589 0.19613298773765564 10.355822563171387
1433149704239 0 0.23535959422588348 6.943108081817627 7.884546279907227
1433149702236 1 0.19613298773765564 0.19613298773765564 10.277368545532227
1433149704340 0 0.5491724014282227 6.746974945068359 7.845319747924805
1433149702336 1 0.19613298773765564 0.19613298773765564 10.277368545532227
1433149704441 0 0.47071918845176697 6.7077484130859375 7.609960079193115
1433149702436 1 0.0784531980752945 0.19613298773765564 10.277368545532227
1433149704542 0 0.35303938388824463 6.7077484130859375 7.727640151977539
1433149702537 1 0.156906396150589 0.19613298773765564 10.355822563171387
1433149704643 0 0.27458620071411133 6.746974945068359 8.159132957458496
1433149702638 1 0.23535959422588348 0.156906396150589 10.355822563171387
1433149704744 0 0.27458620071411133 6.668521881103516 7.806093215942383
1433149702738 1 0.11767979711294174 0.156906396150589 10.277368545532227
1433149704845 0 0.35303938388824463 6.472388744354248 8.23758602142334
1433149702838 1 0.11767979711294174 0.19613298773765564 10.277368545532227
1433149704947 0 -0.03922659903764725 6.629295349121094 7.884546279907227
1433149702939 1 0.11767979711294174 0.156906396150589 10.277368545532227
1433149705048 0 0.0784531980752945 6.629295349121094 7.766866683959961
1433149703040 1 0.19613298773765564 0.19613298773765564 10.238142013549805
1433149705149 0 0.23535959422588348 6.51161527633667 8.159132957458496
1433149703141 1 0.156906396150589 0.19613298773765564 10.316595077514648
1433149705249 0 0.19613298773765564 6.433162212371826 8.198359489440918
1433149703240 1 0.23535959422588348 0.19613298773765564 10.316595077514648
1433149705349 0 0.19613298773765564 6.472388744354248 8.041452407836914
1433149703340 1 0.156906396150589 0.23535959422588348 10.355822563171387
1433149705450 0 0.313812792301178 6.433162212371826 8.080678939819336
1433149703440 1 0.156906396150589 0.19613298773765564 10.355822563171387
1433149705551 0 0.23535959422588348 6.51161527633667 8.23758602142334
1433149703540 1 0.156906396150589 0.11767979711294174 10.238142013549805
1433149705652 0 -0.0 6.825428009033203 7.766866683959961
1433149703641 1 0.156906396150589 0.19613298773765564 10.198915481567383
1433149705753 0 0.0784531980752945 6.825428009033203 8.198359489440918
1433149703742 1 0.0784531980752945 0.19613298773765564 10.277368545532227
1433149705853 0 -0.03922659903764725 6.825428009033203 7.1000142097473145
1433149703843 1 0.11767979711294174 0.23535959422588348 10.277368545532227
1433149705954 0 -0.7845319509506226 7.413827419281006 6.943108081817627
1433149703944 1 0.23535959422588348 0.19613298773765564 10.395049095153809
1433149706055 0 -0.4314925968647003 7.374600410461426 7.25692081451416
1433149704045 1 0.11767979711294174 0.19613298773765564 10.316595077514648
1433149706156 0 -0.35303938388824463 7.413827419281006 6.943108081817627
1433149704146 1 0.156906396150589 0.23535959422588348 10.473502159118652
1433149706257 0 -0.3922659754753113 7.335373878479004 6.943108081817627
1433149704247 1 0.156906396150589 0.19613298773765564 10.198915481567383
1433149706358 0 -0.47071918845176697 7.374600410461426 7.296147346496582
1433149704347 1 0.156906396150589 0.23535959422588348 10.277368545532227
1433149706458 0 -0.47071918845176697 7.374600410461426 7.060787677764893
1433149704448 1 0.23535959422588348 0.19613298773765564 10.395049095153809
1433149706559 0 -0.3922659754753113 7.335373878479004 7.1392412185668945
1433149704549 1 0.19613298773765564 0.156906396150589 10.355822563171387
1433149706660 0 -0.4314925968647003 7.296147346496582 7.1000142097473145
1433149704650 1 0.23535959422588348 0.156906396150589 10.316595077514648
1433149706761 0 -0.47071918845176697 7.296147346496582 7.335373878479004
1433149704751 1 0.156906396150589 0.19613298773765564 10.355822563171387
1433149706862 0 -0.47071918845176697 7.335373878479004 7.178467750549316
1433149704852 1 0.156906396150589 0.156906396150589 10.355822563171387
1433149706964 0 -0.35303938388824463 7.25692081451416 7.060787677764893
1433149704953 1 0.23535959422588348 0.156906396150589 10.316595077514648
1433149707066 0 -0.3922659754753113 7.25692081451416 7.217694282531738
1433149705054 1 0.19613298773765564 0.23535959422588348 10.238142013549805
1433149707167 0 -0.47071918845176697 7.374600410461426 7.1392412185668945
1433149705155 1 0.156906396150589 0.19613298773765564 10.277368545532227
1433149707268 0 -0.4314925968647003 7.335373878479004 7.217694282531738
1433149705255 1 0.11767979711294174 0.19613298773765564 10.316595077514648
1433149707368 0 -0.3922659754753113 7.296147346496582 7.178467750549316
1433149705356 1 0.19613298773765564 0.19613298773765564 10.277368545532227
1433149707468 0 -0.509945809841156 7.335373878479004 7.178467750549316
1433149705456 1 0.156906396150589 0.23535959422588348 10.238142013549805
1433149707568 0 -0.3922659754753113 7.296147346496582 7.1000142097473145
1433149705556 1 0.156906396150589 0.156906396150589 10.277368545532227
1433149707669 0 -0.4314925968647003 7.296147346496582 7.217694282531738
1433149705656 1 0.0784531980752945 0.19613298773765564 10.355822563171387
1433149707769 0 -0.509945809841156 7.25692081451416 7.178467750549316
1433149705757 1 0.0784531980752945 0.19613298773765564 10.277368545532227
1433149707869 0 -0.509945809841156 7.217694282531738 7.296147346496582
1433149705857 1 0.156906396150589 0.19613298773765564 10.316595077514648
1433149707969 0 -0.47071918845176697 7.296147346496582 7.25692081451416
1433149705957 1 0.11767979711294174 0.23535959422588348 10.277368545532227
1433149708069 0 -0.509945809841156 7.25692081451416 7.25692081451416
1433149706057 1 0.11767979711294174 0.156906396150589 10.277368545532227
1433149708169 0 -0.35303938388824463 7.25692081451416 7.178467750549316
1433149706159 1 0.156906396150589 0.156906396150589 10.395049095153809
1433149708269 0 -0.5491724014282227 7.335373878479004 7.217694282531738
1433149706260 1 0.156906396150589 0.19613298773765564 10.198915481567383
1433149708369 0 -0.3922659754753113 7.25692081451416 7.335373878479004
1433149706360 1 0.11767979711294174 0.156906396150589 10.277368545532227
1433149708469 0 -0.47071918845176697 7.217694282531738 7.296147346496582
1433149706460 1 0.156906396150589 0.23535959422588348 10.355822563171387
1433149708570 0 -0.35303938388824463 7.25692081451416 7.1000142097473145
1433149706560 1 0.156906396150589 0.156906396150589 10.355822563171387
1433149708671 0 -0.4314925968647003 7.25692081451416 7.060787677764893
1433149706660 1 0.156906396150589 0.19613298773765564 10.316595077514648
1433149708772 0 -0.4314925968647003 7.25692081451416 7.296147346496582
1433149706760 1 0.156906396150589 0.19613298773765564 10.316595077514648
1433149708872 0 -0.4314925968647003 7.217694282531738 7.374600410461426
1433149706861 1 0.23535959422588348 0.19613298773765564 10.238142013549805
1433149708972 0 -0.509945809841156 7.296147346496582 7.178467750549316
1433149706962 1 0.156906396150589 0.19613298773765564 10.355822563171387
1433149709072 0 -0.4314925968647003 7.25692081451416 7.335373878479004
1433149707063 1 0.156906396150589 0.156906396150589 10.316595077514648
1433149709172 0 -0.509945809841156 7.217694282531738 7.25692081451416
1433149707164 1 0.11767979711294174 0.19613298773765564 10.238142013549805
1433149709273 0 -0.4314925968647003 7.178467750549316 7.296147346496582
1433149707265 1 0.19613298773765564 0.23535959422588348 10.395049095153809
1433149709374 0 -0.5883989930152893 7.217694282531738 7.335373878479004
1433149707366 1 0.156906396150589 0.11767979711294174 10.238142013549805
1433149709475 0 -0.509945809841156 7.1392412185668945 7.413827419281006
1433149707467 1 0.19613298773765564 0.23535959422588348 10.355822563171387
1433149709576 0 -0.47071918845176697 7.25692081451416 7.217694282531738
1433149707568 1 0.156906396150589 0.23535959422588348 10.316595077514648
1433149709676 0 -0.5883989930152893 7.217694282531738 7.296147346496582
1433149707670 1 0.19613298773765564 0.156906396150589 10.316595077514648
1433149709777 0 -0.47071918845176697 7.217694282531738 7.296147346496582
1433149707771 1 0.23535959422588348 0.11767979711294174 10.277368545532227
1433149709878 0 -0.47071918845176697 7.217694282531738 7.296147346496582
1433149707872 1 0.11767979711294174 0.23535959422588348 10.277368545532227
1433149709979 0 -0.5491724014282227 7.217694282531738 7.296147346496582
1433149707973 1 0.11767979711294174 0.156906396150589 10.316595077514648
1433149710080 0 -0.509945809841156 7.25692081451416 7.296147346496582
1433149708075 1 0.156906396150589 0.19613298773765564 10.316595077514648
1433149710181 0 -0.509945809841156 7.217694282531738 7.296147346496582
1433149708176 1 0.156906396150589 0.19613298773765564 10.316595077514648
1433149710282 0 -0.509945809841156 7.217694282531738 7.296147346496582
1433149708277 1 0.156906396150589 0.19613298773765564 10.277368545532227
1433149710384 0 -0.509945809841156 7.217694282531738 7.296147346496582
1433149708377 1 0.11767979711294174 0.156906396150589 10.316595077514648
1433149710485 0 -0.47071918845176697 7.217694282531738 7.296147346496582
1433149708477 1 0.23535959422588348 0.156906396150589 10.355822563171387
1433149710587 0 -0.47071918845176697 7.1392412185668945 7.335373878479004
1433149708577 1 0.11767979711294174 0.19613298773765564 10.355822563171387
1433149710688 0 -0.509945809841156 7.25692081451416 7.217694282531738
1433149708678 1 0.156906396150589 0.156906396150589 10.591181755065918
1433149710789 0 -0.509945809841156 7.217694282531738 7.374600410461426
1433149708778 1 0.11767979711294174 0.19613298773765564 10.316595077514648
1433149710889 0 -0.47071918845176697 7.178467750549316 7.217694282531738
1433149708878 1 0.156906396150589 0.23535959422588348 10.238142013549805
1433149710989 0 -0.47071918845176697 7.1392412185668945 7.296147346496582
1433149708979 1 0.156906396150589 0.23535959422588348 10.316595077514648
1433149711089 0 -0.3922659754753113 7.1000142097473145 7.335373878479004
1433149709079 1 0.19613298773765564 0.156906396150589 10.316595077514648
1433149711189 0 -0.5491724014282227 7.217694282531738 7.25692081451416
1433149709179 1 0.19613298773765564 0.156906396150589 10.277368545532227
1433149711290 0 -0.5491724014282227 7.178467750549316 7.413827419281006
1433149709279 1 0.23535959422588348 0.156906396150589 10.316595077514648
1433149711389 0 -0.4314925968647003 7.178467750549316 7.296147346496582
1433149709379 1 0.156906396150589 0.23535959422588348 10.355822563171387
1433149711489 0 -0.3922659754753113 7.1392412185668945 7.335373878479004
1433149709479 1 0.19613298773765564 0.23535959422588348 10.355822563171387
1433149711590 0 -0.509945809841156 7.178467750549316 7.296147346496582
1433149709579 1 0.23535959422588348 0.23535959422588348 10.277368545532227
1433149711689 0 -0.4314925968647003 7.217694282531738 7.25692081451416
1433149709680 1 0.23535959422588348 0.23535959422588348 10.277368545532227
1433149711789 0 -0.47071918845176697 7.217694282531738 7.296147346496582
1433149709781 1 0.156906396150589 0.156906396150589 10.316595077514648
1433149711890 0 -0.5491724014282227 7.9629998207092285 9.610516548156738
1433149709882 1 0.156906396150589 0.156906396150589 10.355822563171387
1433149711990 0 -0.27458620071411133 7.923772811889648 3.177354574203491
1433149709983 1 0.23535959422588348 0.156906396150589 10.277368545532227
1433149712090 0 0.9806649684906006 10.002782821655273 3.4127140045166016
1433149710084 1 0.19613298773765564 0.19613298773765564 10.277368545532227
1433149712191 0 0.5491724014282227 9.13979721069336 3.0596747398376465
1433149710185 1 0.19613298773765564 0.19613298773765564 10.238142013549805
1433149712292 0 -0.6668521761894226 9.688969612121582 4.079566478729248
1433149710285 1 0.19613298773765564 0.27458620071411133 10.277368545532227
1433149712393 0 -0.23535959422588348 9.492836952209473 2.471275806427002
1433149710386 1 0.23535959422588348 0.19613298773765564 10.355822563171387
1433149712494 0 -0.19613298773765564 9.532063484191895 3.5303938388824463
1433149710487 1 0.11767979711294174 0.11767979711294174 10.316595077514648
1433149712595 0 -0.27458620071411133 9.532063484191895 3.4127140045166016
1433149710588 1 0.11767979711294174 0.19613298773765564 10.316595077514648
1433149712695 0 -0.156906396150589 9.335930824279785 2.90276837348938
1433149710689 1 0.156906396150589 0.27458620071411133 10.395049095153809
1433149712796 0 -0.23535959422588348 9.571290016174316 3.3734874725341797
1433149710790 1 0.19613298773765564 0.11767979711294174 10.316595077514648
1433149712897 0 -0.3922659754753113 9.610516548156738 3.295034408569336
1433149710892 1 0.27458620071411133 0.27458620071411133 10.159688949584961
1433149712998 0 -0.11767979711294174 9.492836952209473 3.177354574203491
1433149710993 1 0.11767979711294174 0.19613298773765564 10.238142013549805
1433149713099 0 -0.4314925968647003 9.492836952209473 3.4127140045166016
1433149711094 1 0.156906396150589 0.11767979711294174 10.277368545532227
1433149713198 0 -0.47071918845176697 9.45361042022705 3.4127140045166016
1433149711195 1 0.19613298773765564 0.23535959422588348 10.277368545532227
1433149713298 0 -0.3922659754753113 9.45361042022705 3.5303938388824463
1433149711295 1 0.11767979711294174 0.19613298773765564 10.238142013549805
1433149713399 0 -0.0784531980752945 9.375157356262207 3.648073673248291
1433149711396 1 0.156906396150589 0.23535959422588348 10.277368545532227
1433149713500 0 -0.313812792301178 9.414383888244629 3.961886405944824
1433149711497 1 0.156906396150589 0.19613298773765564 10.316595077514648
1433149713601 0 -0.47071918845176697 9.375157356262207 3.9226598739624023
1433149711597 1 0.11767979711294174 0.19613298773765564 10.316595077514648
1433149713702 0 -0.313812792301178 9.414383888244629 3.0989012718200684
1433149711697 1 0.19613298773765564 0.19613298773765564 10.316595077514648
1433149713803 0 -0.23535959422588348 9.335930824279785 4.158019542694092
1433149711797 1 0.19613298773765564 0.27458620071411133 10.355822563171387
1433149713905 0 -0.627625584602356 9.414383888244629 3.608847141265869
1433149711897 1 0.11767979711294174 0.11767979711294174 10.316595077514648
1433149714007 0 -0.35303938388824463 9.375157356262207 3.8834333419799805
1433149711997 1 0.156906396150589 0.23535959422588348 10.355822563171387
1433149714108 0 -0.3922659754753113 9.375157356262207 3.5303938388824463
1433149712097 1 0.156906396150589 0.19613298773765564 10.238142013549805
1433149714209 0 -0.313812792301178 9.335930824279785 3.726526975631714
1433149712197 1 0.156906396150589 0.156906396150589 10.43427562713623
1433149714309 0 -0.35303938388824463 9.414383888244629 3.726526975631714
1433149712297 1 0.156906396150589 0.313812792301178 10.277368545532227
1433149714408 0 -0.313812792301178 9.45361042022705 3.7657535076141357
1433149712397 1 0.156906396150589 0.19613298773765564 10.277368545532227
1433149714508 0 -0.313812792301178 9.335930824279785 3.7657535076141357
1433149712497 1 0.11767979711294174 0.19613298773765564 10.277368545532227
1433149714608 0 -0.27458620071411133 9.335930824279785 3.608847141265869
1433149712597 1 0.156906396150589 0.156906396150589 10.316595077514648
1433149714708 0 -0.47071918845176697 9.375157356262207 3.8049800395965576
1433149712698 1 0.156906396150589 0.11767979711294174 10.316595077514648
1433149714808 0 -0.3922659754753113 9.375157356262207 3.687300205230713
1433149712798 1 0.156906396150589 0.23535959422588348 10.316595077514648
1433149714908 0 -0.3922659754753113 9.335930824279785 3.8049800395965576
1433149712898 1 0.156906396150589 0.19613298773765564 10.238142013549805
1433149715009 0 -0.35303938388824463 9.414383888244629 3.8834333419799805
1433149712999 1 0.156906396150589 0.19613298773765564 10.238142013549805
1433149715110 0 -0.35303938388824463 9.414383888244629 4.001112937927246
1433149713100 1 0.23535959422588348 0.156906396150589 10.277368545532227
1433149715210 0 -0.35303938388824463 9.414383888244629 3.8442068099975586
1433149713199 1 0.156906396150589 0.19613298773765564 10.355822563171387
1433149715311 0 -0.4314925968647003 9.375157356262207 3.726526975631714
1433149713299 1 0.156906396150589 0.156906396150589 10.238142013549805
1433149715412 0 -0.23535959422588348 9.296704292297363 4.001112937927246
1433149713399 1 0.156906396150589 0.19613298773765564 10.277368545532227
1433149715513 0 -0.47071918845176697 9.414383888244629 4.001112937927246
1433149713499 1 0.156906396150589 0.19613298773765564 10.198915481567383
1433149715614 0 -0.313812792301178 9.45361042022705 3.8442068099975586
1433149713600 1 0.11767979711294174 0.23535959422588348 10.395049095153809
1433149715715 0 -0.156906396150589 9.335930824279785 3.177354574203491
1433149713701 1 0.19613298773765564 0.19613298773765564 10.316595077514648
1433149715814 0 -0.313812792301178 9.45361042022705 3.8049800395965576
1433149713801 1 0.156906396150589 0.156906396150589 10.198915481567383
1433149715915 0 -0.35303938388824463 9.571290016174316 4.942551612854004
1433149713902 1 0.19613298773765564 0.156906396150589 10.355822563171387
1433149716016 0 -0.9414383769035339 8.669078826904297 5.177911281585693
1433149714004 1 0.19613298773765564 0.11767979711294174 10.238142013549805
1433149716117 0 -0.27458620071411133 8.629851341247559 4.354152679443359
1433149714105 1 0.19613298773765564 0.19613298773765564 10.277368545532227
1433149716218 0 -0.7845319509506226 8.512171745300293 4.040339469909668
1433149714205 1 0.11767979711294174 0.23535959422588348 10.277368545532227
1433149716319 0 -2.000556468963623 8.512171745300293 6.001669883728027
1433149714305 1 0.156906396150589 0.156906396150589 10.316595077514648
1433149716420 0 -2.1574628353118896 7.413827419281006 5.413270473480225
1433149714405 1 0.19613298773765564 0.19613298773765564 10.316595077514648
1433149716521 0 -2.6674087047576904 7.609960079193115 4.903325080871582
1433149714506 1 0.19613298773765564 0.156906396150589 10.277368545532227
1433149716622 0 -2.785088539123535 8.080678939819336 2.863541841506958
1433149714607 1 0.156906396150589 0.19613298773765564 10.395049095153809
1433149716722 0 -3.177354574203491 9.845876693725586 2.039783239364624
1433149714707 1 0.19613298773765564 0.19613298773765564 10.277368545532227
1433149716823 0 -1.9613299369812012 9.13979721069336 1.45138418674469
1433149714808 1 0.19613298773765564 0.19613298773765564 10.316595077514648
1433149716924 0 0.627625584602356 9.92432975769043 3.4911673069000244
1433149714908 1 0.156906396150589 0.19613298773765564 10.277368545532227
1433149717025 0 -0.313812792301178 9.806650161743164 2.2359161376953125
1433149715009 1 0.19613298773765564 0.19613298773765564 10.277368545532227
1433149717126 0 0.0784531980752945 9.963556289672852 0.9414383769035339
1433149715110 1 0.156906396150589 0.19613298773765564 10.316595077514648
1433149717227 0 -0.7453053593635559 9.885103225708008 1.9613299369812012
1433149715211 1 0.19613298773765564 0.19613298773765564 10.277368545532227
1433149717329 0 0.5491724014282227 9.21825122833252 1.6082905530929565
1433149715311 1 0.0784531980752945 0.23535959422588348 10.277368545532227
1433149717429 0 -0.5883989930152893 9.92432975769043 0.9414383769035339
1433149715412 1 0.23535959422588348 0.156906396150589 10.277368545532227
1433149717529 0 -0.27458620071411133 10.002782821655273 1.2944778203964233
1433149715513 1 0.11767979711294174 0.23535959422588348 10.316595077514648
1433149717630 0 -0.27458620071411133 9.92432975769043 1.0591181516647339
1433149715614 1 0.11767979711294174 0.11767979711294174 10.355822563171387
1433149717731 0 -0.03922659903764725 10.002782821655273 0.823758602142334
1433149715715 1 0.19613298773765564 0.156906396150589 10.277368545532227
1433149717831 0 -0.156906396150589 10.002782821655273 1.0983448028564453
1433149715815 1 0.19613298773765564 0.19613298773765564 10.355822563171387
1433149717931 0 -0.156906396150589 9.963556289672852 0.8629851937294006
1433149715915 1 0.19613298773765564 0.19613298773765564 10.277368545532227
1433149718031 0 -0.0784531980752945 10.042009353637695 0.7845319509506226
1433149716016 1 0.156906396150589 0.156906396150589 10.238142013549805
1433149718131 0 0.03922659903764725 10.002782821655273 0.9022117853164673
1433149716117 1 0.156906396150589 0.156906396150589 10.238142013549805
1433149718231 0 0.11767979711294174 10.002782821655273 0.7845319509506226
1433149716218 1 0.11767979711294174 0.11767979711294174 10.316595077514648
1433149718332 0 -0.11767979711294174 9.963556289672852 1.0983448028564453
1433149716319 1 0.11767979711294174 0.19613298773765564 10.277368545532227
1433149718433 0 -0.0784531980752945 9.963556289672852 0.6668521761894226
1433149716420 1 0.156906396150589 0.19613298773765564 10.395049095153809
1433149718534 0 -0.11767979711294174 10.042009353637695 0.7060787677764893
1433149716519 1 0.23535959422588348 0.19613298773765564 10.277368545532227
1433149718635 0 -0.11767979711294174 10.042009353637695 0.7453053593635559
1433149716619 1 0.19613298773765564 0.23535959422588348 10.277368545532227
1433149718736 0 0.0784531980752945 10.042009353637695 0.627625584602356
1433149716719 1 0.156906396150589 0.156906396150589 10.277368545532227
1433149718836 0 -0.0 10.002782821655273 0.7453053593635559
1433149716819 1 0.19613298773765564 0.156906396150589 10.355822563171387
1433149718936 0 -0.0 10.042009353637695 0.7453053593635559
1433149716919 1 0.156906396150589 0.19613298773765564 10.355822563171387
1433149719037 0 -0.11767979711294174 9.963556289672852 0.7453053593635559
1433149717019 1 0.156906396150589 0.19613298773765564 10.395049095153809
1433149719138 0 2.471275806427002 10.708861351013184 -0.11767979711294174
1433149717119 1 0.19613298773765564 0.19613298773765564 10.238142013549805
1433149719239 0 -3.4519407749176025 9.022117614746094 -1.6082905530929565
1433149717220 1 0.19613298773765564 0.19613298773765564 10.316595077514648
1433149719340 0 -3.8834333419799805 7.688413619995117 3.7657535076141357
1433149717321 1 0.156906396150589 0.156906396150589 10.238142013549805
1433149719440 0 -1.5690639019012451 8.316039085388184 5.727083683013916
1433149717421 1 0.19613298773765564 0.156906396150589 10.316595077514648
1433149719541 0 -4.393379211425781 5.923216342926025 9.767423629760742
1433149717521 1 0.156906396150589 0.156906396150589 10.238142013549805
1433149719641 0 -4.550285339355469 4.785645008087158 9.610516548156738
1433149717622 1 0.19613298773765564 0.156906396150589 10.316595077514648
1433149719741 0 -2.90276837348938 2.2359161376953125 7.649186611175537
1433149717722 1 0.11767979711294174 0.11767979711294174 10.277368545532227
1433149719841 0 -1.5298373699188232 0.0784531980752945 8.982891082763672
1433149717822 1 0.156906396150589 0.156906396150589 10.238142013549805
1433149719942 0 0.5491724014282227 1.45138418674469 8.119906425476074
1433149717922 1 0.0784531980752945 0.19613298773765564 10.355822563171387
1433149720042 0 0.4314925968647003 -0.0 9.022117614746094
1433149718023 1 0.23535959422588348 0.11767979711294174 10.120462417602539
1433149720142 0 0.4314925968647003 -0.5883989930152893 10.551955223083496
1433149718125 1 0.156906396150589 0.19613298773765564 10.238142013549805
1433149720243 0 0.5883989930152893 -0.47071918845176697 10.512728691101074
1433149718226 1 0.11767979711294174 0.156906396150589 10.355822563171387
1433149720343 0 0.5883989930152893 -0.5883989930152893 10.473502159118652
1433149718327 1 0.156906396150589 0.11767979711294174 10.316595077514648
1433149720444 0 0.5883989930152893 -0.5883989930152893 10.512728691101074
1433149718428 1 0.156906396150589 0.156906396150589 10.198915481567383
1433149720545 0 0.5491724014282227 -0.5491724014282227 10.512728691101074
1433149718529 1 0.156906396150589 0.19613298773765564 10.277368545532227
1433149720645 0 0.509945809841156 -0.5491724014282227 10.512728691101074
1433149718629 1 0.156906396150589 0.156906396150589 10.355822563171387
1433149718729 1 0.23535959422588348 0.19613298773765564 10.316595077514648
1433149720746 0 0.5491724014282227 -0.47071918845176697 10.551955223083496
1433149718829 1 0.156906396150589 0.19613298773765564 10.316595077514648
1433149720847 0 0.5883989930152893 -0.47071918845176697 10.512728691101074
1433149718930 1 0.19613298773765564 0.19613298773765564 10.277368545532227
1433149720947 0 0.5883989930152893 -0.5883989930152893 10.551955223083496
1433149721047 0 0.5883989930152893 -0.5491724014282227 10.551955223083496
1433149719033 1 0.156906396150589 0.19613298773765564 10.277368545532227
1433149721147 0 0.5883989930152893 -0.509945809841156 10.473502159118652
1433149719134 1 0.156906396150589 0.156906396150589 10.355822563171387
1433149721254 0 0.6668521761894226 -0.509945809841156 10.473502159118652
1433149719236 1 0.23535959422588348 0.156906396150589 10.355822563171387
1433149721354 0 0.5883989930152893 -0.509945809841156 10.473502159118652
1433149719336 1 0.156906396150589 0.156906396150589 10.277368545532227
1433149721454 0 0.509945809841156 -0.5491724014282227 10.591181755065918
1433149719438 1 0.19613298773765564 0.156906396150589 10.159688949584961
1433149719536 1 0.156906396150589 0.156906396150589 10.316595077514648
1433149721554 0 0.5883989930152893 -0.509945809841156 10.551955223083496
1433149719638 1 0.19613298773765564 0.19613298773765564 10.355822563171387
1433149721655 0 0.5883989930152893 -0.5491724014282227 10.512728691101074
1433149721755 0 0.5883989930152893 -0.5883989930152893 10.512728691101074
1433149719738 1 0.156906396150589 0.19613298773765564 10.355822563171387
1433149719838 1 0.156906396150589 0.156906396150589 10.238142013549805
1433149721855 0 0.509945809841156 -0.5491724014282227 10.512728691101074
1433149719938 1 0.11767979711294174 0.156906396150589 10.316595077514648
1433149721956 0 0.5491724014282227 -0.509945809841156 10.591181755065918
1433149720039 1 0.19613298773765564 0.156906396150589 10.316595077514648
1433149722056 0 0.627625584602356 -0.5491724014282227 10.43427562713623
1433149722157 0 0.627625584602356 -0.627625584602356 10.591181755065918
1433149720139 1 0.11767979711294174 0.27458620071411133 10.355822563171387
1433149720239 1 0.19613298773765564 0.156906396150589 10.277368545532227
1433149722257 0 0.5491724014282227 -0.509945809841156 10.43427562713623
1433149720339 1 0.11767979711294174 0.19613298773765564 10.277368545532227
1433149722358 0 0.627625584602356 -0.509945809841156 10.512728691101074
1433149720439 1 0.19613298773765564 0.19613298773765564 10.277368545532227
1433149722458 0 0.5491724014282227 -0.5491724014282227 10.473502159118652
1433149720540 1 0.156906396150589 0.23535959422588348 10.277368545532227
1433149722559 0 0.627625584602356 -0.509945809841156 10.551955223083496
1433149720641 1 0.23535959422588348 0.11767979711294174 10.355822563171387
1433149722659 0 0.627625584602356 -0.509945809841156 10.512728691101074
1433149720742 1 0.19613298773765564 0.19613298773765564 10.316595077514648
1433149722760 0 0.5883989930152893 -0.5491724014282227 10.591181755065918
1433149720842 1 0.19613298773765564 0.156906396150589 10.277368545532227
1433149722861 0 0.5491724014282227 -0.47071918845176697 10.512728691101074
1433149720943 1 0.11767979711294174 0.19613298773765564 10.355822563171387
1433149722962 0 0.5883989930152893 -0.47071918845176697 10.473502159118652
1433149721044 1 0.27458620071411133 0.23535959422588348 10.277368545532227
1433149723063 0 0.627625584602356 -0.5491724014282227 10.512728691101074
1433149721145 1 0.19613298773765564 0.19613298773765564 10.277368545532227
1433149723164 0 0.509945809841156 -0.509945809841156 10.591181755065918
1433149721246 1 0.156906396150589 0.19613298773765564 10.316595077514648
1433149723266 0 0.509945809841156 -0.509945809841156 10.512728691101074
1433149721347 1 0.11767979711294174 0.19613298773765564 10.238142013549805
1433149723367 0 0.509945809841156 -0.509945809841156 10.473502159118652
1433149721448 1 0.11767979711294174 0.11767979711294174 10.355822563171387
1433149723466 0 0.5491724014282227 -0.5491724014282227 10.512728691101074
1433149723567 0 0.627625584602356 -0.5491724014282227 10.473502159118652
1433149721549 1 0.19613298773765564 0.156906396150589 10.355822563171387
1433149721650 1 0.156906396150589 0.19613298773765564 10.277368545532227
1433149723667 0 0.5883989930152893 -0.5883989930152893 10.473502159118652
1433149721751 1 0.19613298773765564 0.23535959422588348 10.316595077514648
1433149723767 0 0.627625584602356 -0.47071918845176697 10.512728691101074
1433149721852 1 0.156906396150589 0.19613298773765564 10.238142013549805
1433149723868 0 0.7060787677764893 -0.509945809841156 10.669634819030762
1433149721953 1 0.19613298773765564 0.23535959422588348 10.198915481567383
1433149723968 0 0.509945809841156 -0.313812792301178 9.571290016174316
1433149724075 0 0.5491724014282227 -0.47071918845176697 10.512728691101074
1433149722055 1 0.156906396150589 0.156906396150589 10.316595077514648
1433149724175 0 0.627625584602356 -0.5491724014282227 10.591181755065918
1433149722157 1 0.19613298773765564 0.23535959422588348 10.238142013549805
1433149724276 0 0.627625584602356 -0.509945809841156 10.43427562713623
1433149722260 1 0.11767979711294174 0.156906396150589 10.355822563171387
1433149724376 0 0.627625584602356 -0.627625584602356 10.473502159118652
1433149722361 1 0.156906396150589 0.19613298773765564 10.395049095153809
1433149724476 0 0.509945809841156 -0.509945809841156 10.512728691101074
1433149722461 1 0.11767979711294174 0.156906396150589 10.316595077514648
1433149724577 0 0.627625584602356 -0.5883989930152893 10.512728691101074
1433149722561 1 0.11767979711294174 0.19613298773765564 10.316595077514648
1433149724680 0 0.5883989930152893 -0.5883989930152893 10.512728691101074
1433149722662 1 0.19613298773765564 0.156906396150589 10.355822563171387
1433149724782 0 0.5491724014282227 -0.47071918845176697 10.551955223083496
1433149722763 1 0.19613298773765564 0.23535959422588348 10.277368545532227
1433149724882 0 0.5491724014282227 -0.5883989930152893 10.551955223083496
1433149722864 1 0.19613298773765564 0.23535959422588348 10.316595077514648
1433149724982 0 0.5491724014282227 -0.5491724014282227 10.551955223083496
1433149722965 1 0.11767979711294174 0.23535959422588348 10.238142013549805
1433149725082 0 0.627625584602356 -0.509945809841156 10.512728691101074
1433149723064 1 0.156906396150589 0.23535959422588348 10.316595077514648
1433149725182 0 0.5491724014282227 -0.5883989930152893 10.551955223083496
1433149723165 1 0.156906396150589 0.23535959422588348 10.277368545532227
1433149725282 0 0.5491724014282227 -0.5491724014282227 10.512728691101074
1433149723266 1 0.19613298773765564 0.19613298773765564 10.277368545532227
1433149725382 0 0.5883989930152893 -0.47071918845176697 10.551955223083496
1433149723367 1 0.19613298773765564 0.19613298773765564 10.277368545532227
1433149725482 0 0.5491724014282227 -0.47071918845176697 10.512728691101074
1433149723468 1 0.19613298773765564 0.156906396150589 10.355822563171387
1433149725582 0 0.627625584602356 -0.5491724014282227 10.551955223083496
1433149723568 1 0.19613298773765564 0.23535959422588348 10.395049095153809
1433149725682 0 0.627625584602356 -0.5491724014282227 10.591181755065918
1433149723668 1 0.11767979711294174 0.23535959422588348 10.277368545532227
1433149725782 0 0.5883989930152893 -0.509945809841156 10.512728691101074
1433149723769 1 0.11767979711294174 0.23535959422588348 10.277368545532227
1433149725882 0 0.627625584602356 -0.509945809841156 10.551955223083496
1433149723870 1 0.19613298773765564 0.156906396150589 10.277368545532227
1433149725982 0 0.5491724014282227 -0.509945809841156 10.512728691101074
1433149723971 1 0.23535959422588348 0.19613298773765564 10.277368545532227
1433149726082 0 0.5883989930152893 -0.627625584602356 10.512728691101074
1433149724071 1 0.156906396150589 0.11767979711294174 10.355822563171387
1433149726182 0 0.627625584602356 -0.5883989930152893 10.591181755065918
1433149724171 1 0.19613298773765564 0.156906396150589 10.43427562713623
1433149724271 1 0.23535959422588348 0.19613298773765564 10.238142013549805
1433149726283 0 0.5883989930152893 -0.509945809841156 10.43427562713623
1433149724372 1 0.19613298773765564 0.11767979711294174 10.277368545532227
1433149726384 0 0.5491724014282227 -0.509945809841156 10.512728691101074
1433149724473 1 0.19613298773765564 0.19613298773765564 10.277368545532227
1433149726485 0 0.6668521761894226 -0.5491724014282227 10.591181755065918
1433149724575 1 0.156906396150589 0.19613298773765564 10.316595077514648
1433149726586 0 0.5491724014282227 -0.509945809841156 10.512728691101074
1433149724676 1 0.156906396150589 0.19613298773765564 10.238142013549805
1433149726687 0 0.5883989930152893 -0.509945809841156 10.512728691101074
1433149724777 1 0.11767979711294174 0.19613298773765564 10.277368545532227
1433149726787 0 0.5883989930152893 -0.5883989930152893 10.512728691101074
1433149724878 1 0.11767979711294174 0.19613298773765564 10.277368545532227
1433149726888 0 0.5883989930152893 -0.5883989930152893 10.512728691101074
1433149724979 1 0.156906396150589 0.23535959422588348 10.316595077514648
1433149726987 0 0.5883989930152893 -0.627625584602356 10.591181755065918
1433149727087 0 0.5883989930152893 -0.5491724014282227 10.512728691101074
1433149725081 1 0.19613298773765564 0.156906396150589 10.238142013549805
1433149727187 0 0.627625584602356 -0.5491724014282227 10.473502159118652
1433149725182 1 0.156906396150589 0.27458620071411133 10.238142013549805
1433149727287 0 0.5883989930152893 -0.509945809841156 10.63040828704834
1433149725283 1 0.11767979711294174 0.156906396150589 10.316595077514648
1433149727388 0 0.5883989930152893 -0.5491724014282227 10.473502159118652
1433149725383 1 0.19613298773765564 0.19613298773765564 10.316595077514648
1433149727489 0 0.5491724014282227 -0.5491724014282227 10.591181755065918
1433149725484 1 0.23535959422588348 0.11767979711294174 10.159688949584961
1433149727589 0 0.5883989930152893 -0.5883989930152893 10.473502159118652
1433149725584 1 0.156906396150589 0.11767979711294174 10.277368545532227
1433149727689 0 0.627625584602356 -0.5491724014282227 10.551955223083496
1433149725684 1 0.19613298773765564 0.19613298773765564 10.277368545532227
