1432841471702 1 2.0
1432841471910 1 6.0
1432841472171 1 6.0
1432841474513 1 6.0
1432841476543 1 6.0
1432841484350 1 5.0
1432841485698 1 4.0
1432841486168 1 7.0
1432841486322 1 11.0
1432841486530 1 9.0
1432841486738 1 7.0
1432841487050 1 5.0
1432841488509 0 4.0
1432841490282 0 6.0
1432841490593 0 8.0
1432841490853 0 11.0
1432841491009 0 13.0
1432841491376 0 19.0
1432841491527 0 24.0
1432841491791 0 31.0
1432841492051 0 37.0
1432841492777 0 38.0
1432841493250 0 16.0
1432841493406 0 6.0
1432841493560 0 3.0
1432841493717 0 2.0
1432841493873 0 2.0
1432841495171 0 2.0
1432841495383 0 3.0
1432841495587 0 5.0
1432841495794 0 6.0
1432841495951 0 9.0
1432841496165 0 12.0
1432841496371 0 18.0
1432841497257 0 15.0
1432841497570 0 19.0
1432841498298 0 19.0
1432841499491 0 15.0
1432841499704 0 14.0
1432841500537 0 10.0
1432841500745 0 8.0
1432841501005 0 7.0
1432841501212 0 3.0
1432841500106 0 0.047884032130241394 2.011129379272461 9.528923034667969
1432841501368 0 2.0
