1433024724864 0 2.0
1433024724964 0 2.0
1433024725064 0 2.0
1433024725165 0 2.0
1433024725265 0 2.0
1433024725161 1 2.0
1433024725262 1 2.0
1433024725362 1 2.0
1433024725464 1 2.0
1433024725564 1 2.0
1433024725666 1 2.0
1433024725369 0 2.0
1433024725469 0 2.0
1433024725569 0 2.0
1433024725669 0 2.0
1433024725769 0 2.0
1433024725869 0 2.0
1433024725767 1 2.0
1433024725868 1 2.0
1433024725969 1 2.0
1433024725970 0 2.0
1433024726072 0 2.0
1433024726170 0 2.0
1433024726270 0 2.0
1433024726370 0 2.0
1433024726471 0 2.0
1433024726571 0 2.0
1433024726672 0 2.0
1433024726070 1 2.0
1433024726171 1 2.0
1433024726271 1 2.0
1433024726372 1 2.0
1433024726473 1 2.0
1433024726574 1 2.0
1433024726675 1 2.0
1433024726776 1 2.0
1433024726772 0 2.0
1433024726873 0 2.0
1433024726973 0 2.0
1433024727074 0 2.0
1433024727174 0 2.0
1433024727275 0 2.0
1433024726877 1 2.0
1433024726978 1 2.0
1433024727079 1 2.0
1433024727181 1 2.0
1433024727282 1 2.0
1433024727383 1 2.0
1433024727376 0 2.0
1433024727476 0 2.0
1433024727576 0 2.0
1433024727676 0 2.0
1433024727776 0 2.0
1433024727484 1 2.0
1433024727586 1 2.0
1433024727687 1 2.0
1433024727788 1 2.0
1433024727889 1 2.0
1433024727989 1 2.0
1433024728090 1 2.0
1433024728192 1 2.0
1433024727876 0 2.0
1433024727976 0 2.0
1433024728076 0 2.0
1433024728176 0 2.0
1433024728276 0 2.0
1433024728293 1 2.0
1433024728393 1 2.0
1433024728378 0 2.0
1433024728478 0 2.0
1433024728494 1 2.0
1433024728596 1 2.0
1433024728578 0 2.0
1433024728678 0 2.0
1433024728778 0 2.0
1433024728878 0 2.0
1433024728978 0 2.0
1433024728698 1 2.0
1433024728799 1 2.0
1433024728900 1 2.0
1433024729001 1 2.0
1433024729102 1 2.0
1433024729203 1 2.0
1433024729079 0 2.0
1433024729179 0 2.0
1433024729280 0 2.0
1433024729304 1 2.0
1433024729404 1 2.0
1433024729380 0 2.0
1433024729505 1 2.0
1433024729607 1 2.0
1433024729708 1 2.0
1433024729481 0 2.0
1433024729582 0 2.0
1433024729808 1 2.0
1433024729682 0 2.0
1433024729783 0 2.0
1433024729910 1 2.0
1433024729883 0 2.0
1433024730010 1 2.0
1433024730111 1 2.0
1433024729983 0 2.0
1433024730213 1 2.0
1433024730083 0 2.0
1433024730183 0 2.0
1433024730283 0 2.0
1433024730314 1 2.0
1433024730416 1 2.0
1433024730383 0 2.0
1433024730484 0 2.0
1433024730584 0 2.0
1433024730685 0 2.0
1433024730785 0 2.0
1433024730885 0 2.0
1433024730985 0 2.0
1433024730518 1 2.0
1433024730620 1 2.0
1433024730721 1 2.0
1433024730822 1 2.0
1433024730924 1 2.0
1433024731027 1 2.0
1433024731128 1 2.0
1433024731085 0 2.0
1433024731185 0 2.0
1433024731285 0 2.0
1433024731230 1 2.0
1433024731332 1 2.0
1433024731434 1 2.0
1433024731385 0 2.0
1433024731487 0 2.0
1433024731587 0 2.0
1433024731687 0 2.0
1433024731787 0 2.0
1433024731887 0 2.0
1433024731536 1 2.0
1433024731638 1 2.0
1433024731740 1 2.0
1433024731841 1 2.0
1433024731943 1 2.0
1433024732045 1 2.0
1433024731988 0 2.0
1433024732089 0 2.0
1433024732189 0 2.0
1433024732289 0 2.0
1433024732389 0 2.0
1433024732490 0 2.0
1433024732146 1 2.0
1433024732247 1 2.0
1433024732348 1 2.0
1433024732450 1 2.0
1433024732551 1 2.0
1433024732651 1 2.0
1433024732590 0 2.0
1433024732691 0 2.0
1433024732791 0 2.0
1433024732892 0 2.0
1433024732992 0 2.0
1433024733092 0 2.0
1433024732753 1 2.0
1433024732855 1 2.0
1433024732958 1 2.0
1433024733060 1 2.0
1433024733161 1 2.0
1433024733262 1 2.0
1433024733192 0 2.0
1433024733292 0 2.0
1433024733392 0 2.0
1433024733492 0 2.0
1433024733592 0 2.0
1433024733692 0 2.0
1433024733363 1 2.0
1433024733465 1 2.0
1433024733565 1 2.0
1433024733668 1 2.0
1433024733768 1 2.0
1433024733869 1 2.0
1433024733792 0 2.0
1433024733892 0 2.0
1433024733992 0 2.0
1433024734092 0 2.0
1433024734193 0 2.0
1433024734293 0 2.0
1433024734394 0 2.0
1433024733970 1 2.0
1433024734070 1 2.0
1433024734172 1 2.0
1433024734274 1 2.0
1433024734374 1 2.0
1433024734475 1 2.0
1433024734494 0 2.0
1433024734595 0 2.0
1433024734696 0 2.0
1433024734796 0 2.0
1433024734897 0 2.0
1433024734997 0 2.0
1433024734576 1 2.0
1433024734677 1 2.0
1433024734777 1 2.0
1433024734877 1 2.0
1433024734979 1 2.0
1433024735080 1 2.0
1433024735098 0 2.0
1433024735198 0 2.0
1433024735298 0 2.0
1433024735398 0 2.0
1433024735498 0 2.0
1433024735598 0 2.0
1433024735181 1 2.0
1433024735283 1 2.0
1433024735384 1 2.0
1433024735485 1 2.0
1433024735586 1 2.0
1433024735688 1 2.0
1433024735698 0 2.0
1433024735798 0 2.0
1433024735898 0 2.0
1433024735998 0 2.0
1433024736098 0 2.0
1433024736198 0 2.0
1433024735789 1 2.0
1433024735890 1 2.0
1433024735992 1 2.0
1433024736093 1 2.0
1433024736194 1 2.0
1433024736295 1 2.0
1433024736396 1 2.0
1433024736498 1 2.0
1433024736600 1 2.0
1433024736701 1 2.0
1433024736801 1 2.0
1433024736902 1 2.0
1433024736298 0 2.0
1433024736400 0 2.0
1433024736500 0 2.0
1433024736600 0 2.0
1433024736700 0 2.0
1433024736800 0 2.0
1433024737004 1 2.0
1433024737106 1 2.0
1433024736900 0 2.0
1433024737000 0 2.0
1433024737100 0 2.0
1433024737208 1 2.0
1433024737200 0 2.0
1433024737300 0 2.0
1433024737400 0 2.0
1433024737500 0 2.0
1433024737600 0 2.0
1433024737700 0 2.0
1433024737309 1 2.0
1433024737411 1 2.0
1433024737513 1 2.0
1433024737614 1 2.0
1433024737715 1 2.0
1433024737816 1 2.0
1433024737800 0 2.0
1433024737900 0 2.0
1433024738000 0 2.0
1433024738100 0 2.0
1433024738200 0 2.0
1433024738300 0 2.0
1433024737919 1 2.0
1433024738020 1 2.0
1433024738122 1 2.0
1433024738223 1 2.0
1433024738325 1 2.0
1433024738427 1 2.0
1433024738528 1 2.0
1433024738628 1 2.0
1433024738729 1 2.0
1433024738830 1 2.0
1433024738932 1 2.0
1433024739033 1 2.0
1433024739134 1 2.0
1433024738400 0 2.0
1433024738500 0 2.0
1433024738600 0 2.0
1433024738700 0 2.0
1433024738801 0 2.0
1433024738900 0 2.0
1433024739000 0 2.0
1433024739100 0 2.0
1433024739201 0 2.0
1433024739300 0 2.0
1433024739400 0 2.0
1433024739500 0 2.0
1433024739601 0 2.0
1433024739236 1 2.0
1433024739337 1 2.0
1433024739439 1 2.0
1433024739541 1 2.0
1433024739642 1 2.0
1433024739743 1 2.0
1433024739700 0 2.0
1433024739800 0 2.0
1433024739900 0 2.0
1433024740001 0 2.0
1433024740100 0 2.0
1433024740200 0 2.0
1433024739845 1 2.0
1433024739947 1 2.0
1433024740049 1 2.0
1433024740150 1 2.0
1433024740251 1 2.0
1433024740352 1 2.0
1433024740300 0 2.0
1433024740401 0 2.0
1433024740501 0 2.0
1433024740601 0 2.0
1433024740701 0 2.0
1433024740801 0 2.0
1433024740453 1 2.0
1433024740555 1 2.0
1433024740657 1 2.0
1433024740758 1 2.0
1433024740858 1 2.0
1433024740959 1 2.0
1433024740901 0 2.0
1433024741001 0 2.0
1433024741102 0 2.0
1433024741201 0 2.0
1433024741302 0 2.0
1433024741402 0 2.0
1433024741060 1 2.0
1433024741162 1 2.0
1433024741263 1 2.0
1433024741365 1 2.0
1433024741468 1 2.0
1433024741571 1 2.0
1433024741502 0 2.0
1433024741603 0 2.0
1433024741703 0 2.0
1433024741804 0 2.0
1433024741904 0 2.0
1433024742005 0 2.0
1433024741671 1 2.0
1433024741771 1 2.0
1433024741871 1 2.0
1433024741971 1 2.0
1433024742071 1 2.0
1433024742173 1 2.0
1433024742105 0 2.0
1433024742205 0 2.0
1433024742305 0 2.0
1433024742405 0 2.0
1433024742505 0 2.0
1433024742605 0 2.0
1433024742274 1 2.0
1433024742375 1 2.0
1433024742476 1 2.0
1433024742576 1 2.0
1433024742677 1 2.0
1433024742778 1 2.0
1433024742705 0 2.0
1433024742806 0 2.0
1433024742907 0 2.0
1433024743007 0 2.0
1433024743108 0 2.0
1433024743208 0 2.0
1433024742878 1 2.0
1433024742979 1 2.0
1433024743079 1 2.0
1433024743181 1 2.0
1433024743283 1 2.0
1433024743384 1 2.0
1433024743309 0 2.0
1433024743409 0 2.0
1433024743510 0 2.0
1433024743610 0 2.0
1433024743711 0 2.0
1433024743811 0 2.0
1433024743485 1 2.0
1433024743587 1 2.0
1433024743688 1 2.0
1433024743789 1 2.0
1433024743891 1 2.0
1433024743912 0 2.0
1433024744012 0 2.0
1433024744113 0 2.0
1433024744213 0 2.0
1433024744314 0 2.0
1433024744414 0 2.0
1433024743991 1 2.0
1433024744092 1 2.0
1433024744194 1 2.0
1433024744296 1 2.0
1433024744396 1 2.0
1433024744497 1 2.0
1433024744597 1 2.0
1433024744514 0 2.0
1433024744615 0 2.0
1433024744715 0 2.0
1433024744816 0 2.0
1433024744916 0 2.0
1433024745016 0 2.0
1433024745116 0 2.0
1433024744698 1 2.0
1433024744799 1 2.0
1433024744901 1 2.0
1433024745001 1 2.0
1433024745102 1 2.0
1433024745203 1 2.0
1433024745216 0 2.0
1433024745316 0 2.0
1433024745416 0 2.0
1433024745304 1 2.0
1433024745406 1 2.0
1433024745507 1 2.0
1433024745608 1 2.0
1433024745517 0 2.0
1433024745617 0 2.0
1433024745717 0 2.0
1433024745708 1 2.0
1433024745810 1 2.0
1433024745817 0 2.0
1433024745917 0 2.0
1433024746017 0 2.0
1433024746117 0 2.0
1433024746217 0 2.0
1433024746317 0 2.0
1433024745911 1 2.0
1433024746013 1 2.0
1433024746114 1 2.0
1433024746216 1 2.0
1433024746317 1 2.0
1433024746419 1 2.0
1433024746417 0 2.0
1433024746517 0 2.0
1433024746618 0 2.0
1433024746718 0 2.0
1433024746819 0 2.0
1433024746919 0 2.0
1433024746520 1 2.0
1433024746620 1 2.0
1433024746722 1 2.0
1433024746824 1 2.0
1433024746926 1 2.0
1433024747029 1 2.0
1433024747020 0 2.0
1433024747120 0 2.0
1433024747221 0 2.0
1433024747321 0 2.0
1433024747422 0 2.0
1433024747522 0 2.0
1433024747129 1 2.0
1433024747230 1 2.0
1433024747332 1 2.0
1433024747434 1 2.0
1433024747535 1 2.0
1433024747637 1 2.0
1433024747622 0 2.0
1433024747722 0 2.0
1433024747822 0 2.0
1433024747922 0 2.0
1433024748023 0 2.0
1433024748123 0 2.0
1433024747738 1 2.0
1433024747842 1 2.0
1433024747944 1 2.0
1433024748046 1 2.0
1433024748147 1 2.0
1433024748249 1 2.0
1433024748224 0 2.0
1433024748324 0 2.0
1433024748424 0 2.0
1433024748524 0 2.0
1433024748624 0 2.0
1433024748724 0 2.0
1433024748350 1 2.0
1433024748452 1 2.0
1433024748554 1 2.0
1433024748656 1 2.0
1433024748758 1 2.0
1433024748859 1 2.0
1433024748824 0 2.0
1433024748924 0 2.0
1433024749025 0 2.0
1433024749124 0 2.0
1433024749225 0 2.0
1433024749326 0 2.0
1433024748960 1 2.0
1433024749062 1 2.0
1433024749163 1 2.0
1433024749265 1 2.0
1433024749367 1 2.0
1433024749468 1 2.0
1433024749569 1 2.0
1433024749670 1 2.0
1433024749771 1 2.0
1433024749871 1 2.0
1433024749973 1 2.0
1433024750074 1 2.0
1433024749426 0 2.0
1433024749526 0 2.0
1433024749626 0 2.0
1433024749726 0 2.0
1433024749826 0 2.0
1433024749927 0 2.0
1433024750027 0 2.0
1433024750128 0 2.0
1433024750228 0 2.0
1433024750329 0 2.0
1433024750429 0 2.0
1433024750530 0 2.0
1433024750630 0 2.0
1433024750177 1 2.0
1433024750278 1 2.0
1433024750379 1 2.0
1433024750481 1 2.0
1433024750582 1 2.0
1433024750683 1 2.0
1433024750785 1 2.0
1433024750731 0 2.0
1433024750831 0 2.0
1433024750932 0 2.0
1433024751032 0 2.0
1433024751133 0 2.0
1433024751232 0 2.0
1433024750886 1 2.0
1433024750988 1 2.0
1433024751088 1 2.0
1433024751189 1 2.0
1433024751291 1 2.0
1433024751392 1 2.0
1433024751332 0 2.0
1433024751432 0 2.0
1433024751532 0 2.0
1433024751633 0 2.0
1433024751733 0 2.0
1433024751834 0 2.0
1433024751493 1 2.0
1433024751594 1 2.0
1433024751695 1 2.0
1433024751796 1 2.0
1433024751898 1 2.0
1433024751999 1 2.0
1433024751934 0 2.0
1433024752035 0 2.0
1433024752136 0 2.0
1433024752236 0 2.0
1433024752337 0 2.0
1433024752437 0 2.0
1433024752100 1 2.0
1433024752201 1 2.0
1433024752301 1 2.0
1433024752402 1 2.0
1433024752503 1 2.0
1433024752603 1 2.0
1433024752537 0 2.0
1433024752637 0 2.0
1433024752737 0 2.0
1433024752704 1 9.0
1433024752806 1 22.0
1433024752908 1 22.0
1433024753009 1 18.0
1433024752837 0 2.0
1433024752937 0 2.0
1433024753037 0 2.0
1433024753111 1 18.0
1433024753211 1 18.0
1433024753137 0 2.0
1433024753237 0 2.0
1433024753337 0 2.0
1433024753437 0 2.0
1433024753538 0 2.0
1433024753638 0 2.0
1433024753312 1 17.0
1433024753412 1 18.0
1433024753513 1 18.0
1433024753616 1 18.0
1433024753718 1 18.0
1433024753819 1 25.0
1433024753921 1 37.0
1433024754023 1 41.0
1433024754125 1 47.0
1433024754227 1 47.0
1433024754328 1 47.0
1433024754429 1 47.0
1433024753739 0 2.0
1433024753839 0 2.0
1433024753940 0 2.0
1433024754040 0 2.0
1433024754140 0 2.0
1433024754240 0 2.0
1433024754340 0 2.0
1433024754440 0 2.0
1433024754541 0 2.0
1433024754641 0 2.0
1433024754741 0 2.0
1433024754531 1 47.0
1433024754632 1 47.0
1433024754735 1 47.0
1433024754836 1 47.0
1433024754841 0 2.0
1433024754941 0 2.0
1433024755041 0 2.0
1433024754937 1 23.0
1433024755037 1 18.0
1433024755138 1 2.0
1433024755239 1 2.0
1433024755341 1 2.0
1433024755442 1 2.0
1433024755141 0 2.0
1433024755241 0 2.0
1433024755342 0 2.0
1433024755441 0 2.0
1433024755542 0 2.0
1433024755642 0 2.0
1433024755543 1 2.0
1433024755644 1 2.0
1433024755746 1 2.0
1433024755743 0 2.0
1433024755843 0 2.0
1433024755944 0 2.0
1433024755847 1 6.0
1433024755948 1 18.0
1433024756048 1 18.0
1433024756044 0 2.0
1433024756145 0 2.0
1433024756245 0 2.0
1433024756149 1 21.0
1433024756249 1 23.0
1433024756351 1 44.0
1433024756451 1 44.0
1433024756551 1 44.0
1433024756345 0 2.0
1433024756445 0 2.0
1433024756545 0 2.0
1433024756646 0 2.0
1433024756746 0 2.0
1433024756846 0 2.0
1433024756652 1 44.0
1433024756753 1 44.0
1433024756853 1 36.0
1433024756954 1 20.0
1433024757056 1 3.0
1433024756946 0 2.0
1433024757046 0 2.0
