1432848275423 1 -7.833827972412109 2.920926094055176 5.602431774139404
1432848275623 1 -7.948749542236328 2.9879636764526367 4.079719543457031
1432848277491 0 0.47071918845176697 1.0983448028564453 10.551955223083496
1432848275823 1 -8.121131896972656 3.4572272300720215 3.3039982318878174
1432848277686 0 0.313812792301178 1.6867437362670898 10.198915481567383
1432848277887 0 0.823758602142334 -0.03922659903764725 10.473502159118652
1432848276023 1 -8.111555099487305 3.7445313930511475 3.093308687210083
1432848276223 1 -7.824251174926758 3.581725835800171 3.7828385829925537
1432848278087 0 0.627625584602356 0.823758602142334 10.473502159118652
1432848278285 0 0.11767979711294174 0.27458620071411133 10.316595077514648
1432848276423 1 -6.636727333068848 3.620033025741577 4.568136692047119
1432848278485 0 0.7060787677764893 1.1375713348388672 10.042009353637695
1432848278686 0 1.1375713348388672 0.7060787677764893 10.43427562713623
1432848276623 1 -7.058106422424316 3.648763418197632 5.793968200683594
1432848276823 1 -8.810662269592285 4.4723687171936035 4.817133903503418
1432848278887 0 0.823758602142334 0.4314925968647003 10.551955223083496
1432848277024 1 -8.523358345031738 4.548983097076416 4.932055473327637
1432848279085 0 0.823758602142334 0.47071918845176697 10.395049095153809
1432848279287 0 0.823758602142334 0.313812792301178 10.512728691101074
1432848277224 1 -10.78348445892334 7.987056732177734 7.029376029968262
1432848277424 1 0.689530074596405 -2.4420857429504395 3.514688014984131
1432848279488 0 0.509945809841156 0.3922659754753113 10.512728691101074
1432848277624 1 -6.282385349273682 8.887276649475098 -1.1013327836990356
1432848277824 1 7.0772600173950195 -5.918466567993164 -1.4460978507995605
1432848278024 1 -12.880805015563965 3.3710360527038574 13.043610572814941
1432848278224 1 5.123591423034668 -7.115567684173584 1.1779472827911377
1432848279687 0 0.47071918845176697 0.03922659903764725 10.395049095153809
1432848279887 0 0.627625584602356 0.27458620071411133 10.395049095153809
1432848280086 0 0.5491724014282227 0.11767979711294174 10.551955223083496
1432848278424 1 -9.423578262329102 2.7676970958709717 10.046070098876953
1432848280286 0 0.5491724014282227 0.156906396150589 10.512728691101074
1432848280489 0 0.47071918845176697 0.11767979711294174 10.43427562713623
1432848278624 1 -2.0877439975738525 1.5418659448623657 1.37906014919281
1432848278825 1 -8.178592681884766 -6.71334171295166 6.100425720214844
1432848279029 1 -5.9088897705078125 -0.22026655077934265 2.6144683361053467
1432848279229 1 -5.621585369110107 -14.116212844848633 3.093308687210083
1432848279429 1 -16.05072784423828 -2.1930887699127197 7.173028469085693
1432848279629 1 -3.045424461364746 -2.9688100814819336 4.558559894561768
1432848279830 1 -3.1890766620635986 2.6144683361053467 8.283937454223633
1432848280030 1 -1.4173674583435059 3.6774938106536865 8.53293514251709
1432848280230 1 -1.656787633895874 3.44765043258667 9.011775016784668
1432848280687 0 0.627625584602356 0.19613298773765564 10.512728691101074
1432848280430 1 -1.436521053314209 2.5761611461639404 9.097966194152832
1432848280887 0 0.5883989930152893 0.11767979711294174 10.43427562713623
1432848281087 0 0.5883989930152893 0.0784531980752945 10.512728691101074
1432848280630 1 -0.871489405632019 4.098873138427734 8.96389102935791
1432848280830 1 -0.9002198576927185 4.9799394607543945 7.891288757324219
1432848281287 0 0.6668521761894226 0.03922659903764725 10.473502159118652
1432848281030 1 -0.7852981686592102 5.286397457122803 7.105990409851074
1432848281230 1 -1.2641384601593018 6.196194171905518 7.1251444816589355
1432848281489 0 0.5883989930152893 0.0784531980752945 10.512728691101074
1432848281430 1 -1.7908629179000854 5.382165431976318 7.240066051483154
1432848281689 0 0.6668521761894226 0.0784531980752945 10.551955223083496
1432848281630 1 -2.0398597717285156 2.3367409706115723 8.810662269592285
1432848281886 0 0.5883989930152893 0.11767979711294174 10.551955223083496
1432848282086 0 0.5491724014282227 0.0784531980752945 10.473502159118652
1432848282287 0 0.509945809841156 0.0784531980752945 10.43427562713623
1432848282487 0 0.5883989930152893 0.0784531980752945 10.591181755065918
1432848282687 0 0.627625584602356 0.03922659903764725 10.43427562713623
1432848282886 0 0.5883989930152893 0.11767979711294174 10.512728691101074
1432848283086 0 0.627625584602356 0.03922659903764725 10.473502159118652
1432848283287 0 0.5883989930152893 0.03922659903764725 10.43427562713623
1432848283487 0 0.627625584602356 0.03922659903764725 10.473502159118652
1432848281830 1 -3.294421434402466 2.231395959854126 8.35097599029541
1432848282031 1 -6.100425720214844 4.558559894561768 5.200206279754639
1432848282231 1 -8.20732307434082 2.0685901641845703 3.648763418197632
1432848283687 0 0.5883989930152893 0.03922659903764725 10.473502159118652
1432848283887 0 0.5883989930152893 -0.0 10.43427562713623
1432848284087 0 0.6668521761894226 -0.0 10.512728691101074
1432848282431 1 -8.638279914855957 2.3750481605529785 3.7924153804779053
1432848282631 1 -8.33182144165039 2.7772738933563232 3.8786067962646484
1432848282831 1 -8.274360656738281 1.4939818382263184 4.194641590118408
1432848284286 0 0.5883989930152893 -0.0 10.512728691101074
1432848284486 0 0.627625584602356 -0.03922659903764725 10.512728691101074
1432848284687 0 0.5491724014282227 -0.03922659903764725 10.551955223083496
1432848284887 0 0.627625584602356 -0.03922659903764725 10.395049095153809
1432848285087 0 0.5883989930152893 -0.0784531980752945 10.473502159118652
1432848285287 0 0.5883989930152893 -0.0 10.512728691101074
1432848283031 1 -8.829815864562988 1.6089035272598267 4.060565948486328
1432848283231 1 -9.289502143859863 2.030282974243164 2.63362193107605
1432848283432 1 -8.418013572692871 2.298433542251587 1.1492167711257935
1432848283632 1 -9.279925346374512 3.821146011352539 1.8579005002975464
1432848283832 1 -8.389283180236816 3.754108190536499 -0.3926490843296051
1432848284032 1 -9.576807022094727 -0.13407529890537262 -3.687070608139038
1432848284232 1 -15.792154312133789 -0.9576807022094727 -1.656787633895874
1432848285487 0 0.627625584602356 -0.0 10.473502159118652
1432848285686 0 0.5883989930152893 -0.0 10.63040828704834
1432848285886 0 0.5883989930152893 -0.03922659903764725 10.43427562713623
1432848284432 1 -8.829815864562988 4.050989151000977 -7.508216381072998
1432848284632 1 -8.772355079650879 5.899312973022461 0.7469909191131592
1432848284832 1 -10.611102104187012 2.978386878967285 6.244078159332275
1432848286086 0 0.5883989930152893 -0.0 10.473502159118652
1432848286287 0 0.509945809841156 -0.03922659903764725 10.512728691101074
1432848286488 0 0.5883989930152893 -0.0 10.473502159118652
1432848285032 1 2.231395959854126 -12.85207462310791 -3.4955344200134277
1432848285232 1 5.449203014373779 -14.192827224731445 0.3926490843296051
1432848285432 1 -13.283031463623047 -17.92778205871582 1.436521053314209
1432848286687 0 0.6668521761894226 -0.0 10.551955223083496
1432848286889 0 0.6668521761894226 -0.0784531980752945 10.551955223083496
1432848287088 0 0.6668521761894226 -0.27458620071411133 10.473502159118652
1432848285632 1 -14.183250427246094 -19.096153259277344 -0.8331822156906128
1432848285833 1 -10.745177268981934 -13.254301071166992 -4.089296340942383
1432848286033 1 -7.565677165985107 -11.099518775939941 -7.824251174926758
1432848286233 1 -6.7708024978637695 -2.0398597717285156 -10.716446876525879
1432848286434 1 -6.5696892738342285 -5.219359874725342 -16.012420654296875
1432848286634 1 -6.521805286407471 -15.954959869384766 9.35654067993164
1432848286834 1 -9.959878921508789 -18.63646697998047 16.864757537841797
1432848287034 1 2.3750481605529785 -19.306842803955078 11.635820388793945
1432848287287 0 0.7845319509506226 0.0784531980752945 10.669634819030762
1432848287486 0 0.7060787677764893 0.27458620071411133 10.591181755065918
1432848287686 0 0.823758602142334 0.35303938388824463 10.748087882995605
1432848287888 0 0.5883989930152893 0.35303938388824463 10.591181755065918
1432848288087 0 0.47071918845176697 0.3922659754753113 10.355822563171387
1432848288287 0 0.23535959422588348 0.23535959422588348 10.355822563171387
1432848288487 0 0.27458620071411133 0.03922659903764725 10.238142013549805
1432848288688 0 0.3922659754753113 -0.0784531980752945 10.277368545532227
1432848287234 1 5.477933406829834 -16.15607261657715 -1.455674648284912
1432848287434 1 6.253654956817627 -8.916007041931152 -14.087482452392578
1432848287634 1 6.45476770401001 -7.364564418792725 0.19153612852096558
1432848288886 0 0.47071918845176697 -0.19613298773765564 10.473502159118652
1432848289087 0 0.509945809841156 -0.35303938388824463 10.512728691101074
1432848289287 0 0.7845319509506226 -0.3922659754753113 10.669634819030762
1432848287834 1 -0.7469909191131592 -16.491260528564453 13.646949768066406
1432848288034 1 -13.694833755493164 -18.77054214477539 5.822698593139648
1432848288235 1 -8.303091049194336 -9.66299819946289 -0.3256114423274994
1432848289486 0 0.627625584602356 -0.3922659754753113 10.512728691101074
1432848289687 0 0.7060787677764893 -0.5491724014282227 10.512728691101074
1432848289885 0 0.5491724014282227 -0.7060787677764893 10.473502159118652
1432848288435 1 -6.952761650085449 2.470816135406494 -9.289502143859863
1432848288635 1 -6.617573261260986 5.506663799285889 -16.136919021606445
1432848288835 1 -6.531382083892822 6.2632317543029785 -15.504850387573242
1432848290087 0 0.7453053593635559 -0.4314925968647003 10.473502159118652
1432848290288 0 0.7060787677764893 -0.19613298773765564 10.551955223083496
1432848290487 0 0.5491724014282227 -0.0784531980752945 10.43427562713623
1432848289035 1 -6.512228488922119 -7.33583402633667 -12.526463508605957
1432848289235 1 -6.512228488922119 -16.4816837310791 4.414907932281494
1432848289435 1 -7.843404769897461 -18.77054214477539 15.763423919677734
1432848290687 0 0.4314925968647003 -0.0784531980752945 10.512728691101074
1432848290887 0 0.47071918845176697 -0.156906396150589 10.551955223083496
1432848291086 0 0.509945809841156 -0.156906396150589 10.473502159118652
1432848289635 1 -16.606182098388672 -19.345149993896484 16.328454971313477
1432848289835 1 -14.030021667480469 -19.488801956176758 14.958971977233887
1432848290035 1 -6.320692539215088 -19.517532348632812 11.903970718383789
1432848291287 0 0.509945809841156 -0.27458620071411133 10.355822563171387
1432848291487 0 0.5883989930152893 -0.313812792301178 10.43427562713623
1432848291686 0 0.5883989930152893 -0.313812792301178 10.551955223083496
1432848290236 1 -0.13407529890537262 -18.368314743041992 11.568782806396484
1432848290436 1 4.855441093444824 -13.953407287597656 8.858546257019043
1432848290636 1 6.100425720214844 -10.074800491333008 3.227383852005005
1432848291886 0 0.5491724014282227 -0.3922659754753113 10.43427562713623
1432848292086 0 0.47071918845176697 -0.35303938388824463 10.473502159118652
1432848292286 0 0.5491724014282227 -0.4314925968647003 10.551955223083496
1432848290836 1 -1.235408067703247 0.20111294090747833 3.3901896476745605
1432848291036 1 -1.7525556087493896 3.8594532012939453 6.636727333068848
1432848291236 1 -2.4612393379211426 2.671929121017456 8.293514251708984
1432848292486 0 0.5491724014282227 -0.4314925968647003 10.591181755065918
1432848292686 0 0.7060787677764893 -0.313812792301178 10.473502159118652
1432848292887 0 0.509945809841156 -0.19613298773765564 10.473502159118652
1432848291436 1 0.28730419278144836 2.0685901641845703 8.504204750061035
1432848291637 1 1.6663644313812256 2.2218191623687744 8.619126319885254
1432848291837 1 2.3080103397369385 2.2601263523101807 9.959878921508789
1432848293086 0 0.5491724014282227 -0.19613298773765564 10.43427562713623
1432848293286 0 0.5883989930152893 -0.156906396150589 10.551955223083496
1432848293486 0 0.5491724014282227 -0.19613298773765564 10.473502159118652
1432848293686 0 0.35303938388824463 -0.23535959422588348 11.964112281799316
1432848292037 1 1.8770540952682495 2.9688100814819336 8.9064302444458
1432848292237 1 1.723825216293335 2.9688100814819336 8.772355079650879
1432848292438 1 1.216254472732544 2.806004285812378 9.576807022094727
1432848293887 0 2.471275806427002 -4.079566478729248 3.8442068099975586
1432848294086 0 2.392822504043579 -3.0204482078552246 10.159688949584961
1432848294287 0 -0.5883989930152893 -2.471275806427002 9.257477760314941
1432848292638 1 1.4173674583435059 2.75812029838562 8.954314231872559
1432848292838 1 1.580173134803772 3.0358476638793945 9.078812599182129
1432848293039 1 1.7621324062347412 3.1699230670928955 8.9064302444458
1432848293240 1 0.9864110946655273 3.19865345954895 9.653421401977539
1432848293439 1 3.9456443786621094 4.616020679473877 6.799532890319824
1432848293639 1 2.2697031497955322 3.620033025741577 8.686163902282715
1432848294488 0 1.647517204284668 -1.5690639019012451 12.081792831420898
1432848294685 0 -0.627625584602356 -0.6668521761894226 9.885103225708008
1432848294887 0 -0.0784531980752945 -2.3535959720611572 10.787314414978027
1432848295086 0 0.823758602142334 -1.8436501026153564 10.669634819030762
1432848295287 0 15.21992015838623 6.7077484130859375 -2.824315071105957
1432848295486 0 7.453053951263428 -20.005565643310547 -20.005565643310547
1432848293839 1 1.158793568611145 4.271255970001221 8.580819129943848
1432848294039 1 0.6320692300796509 4.501099109649658 9.126696586608887
1432848294239 1 0.2106897532939911 4.4532151222229 7.383718013763428
1432848295685 0 20.005565643310547 -9.767423629760742 20.005565643310547
1432848295886 0 3.1381278038024902 -20.005565643310547 -20.005565643310547
1432848296085 0 -20.005565643310547 -20.005565643310547 -20.005565643310547
1432848294439 1 -1.359906554222107 5.056553840637207 8.619126319885254
1432848294639 1 -1.800439715385437 4.989516258239746 8.322244644165039
1432848294840 1 -3.0166940689086914 4.960785865783691 7.920019149780273
1432848296485 0 -9.13979721069336 -20.005565643310547 -20.005565643310547
1432848296685 0 20.005565643310547 -20.005565643310547 3.4519407749176025
1432848295040 1 -3.5242648124694824 4.941632270812988 7.747636795043945
1432848295240 1 -3.3231520652770996 4.932055473327637 6.809109687805176
1432848295440 1 -3.5625722408294678 4.76924991607666 6.3302693367004395
1432848296885 0 20.005565643310547 1.4121575355529785 20.005565643310547
1432848297087 0 20.005565643310547 -20.005565643310547 20.005565643310547
1432848297285 0 20.005565643310547 -20.005565643310547 -0.9022117853164673
1432848295640 1 -3.7158010005950928 4.6255974769592285 6.818686485290527
1432848295840 1 -4.089296340942383 4.6255974769592285 7.182605266571045
1432848296040 1 -4.108449935913086 4.654327869415283 7.163451671600342
1432848296240 1 -4.050989151000977 4.76924991607666 7.5848307609558105
1432848297489 0 15.298373222351074 -20.005565643310547 -17.534290313720703
1432848297688 0 -0.23535959422588348 -20.005565643310547 -16.47517204284668
1432848297886 0 -2.9812214374542236 -20.005565643310547 -20.005565643310547
1432848298085 0 7.806093215942383 3.4127140045166016 -20.005565643310547
1432848298285 0 20.005565643310547 -20.005565643310547 -20.005565643310547
1432848298486 0 7.1000142097473145 -20.005565643310547 -20.005565643310547
1432848296441 1 -3.9264907836914062 4.644751071929932 7.6997528076171875
1432848296641 1 -4.721365928649902 4.912901878356934 8.437167167663574
1432848296841 1 -3.1507694721221924 4.146757125854492 6.110002517700195
1432848297041 1 -3.706224203109741 4.481945514678955 7.316680431365967
1432848297241 1 -4.3191399574279785 4.836287498474121 9.030928611755371
1432848297441 1 -3.6296098232269287 4.213795185089111 7.872135162353516
1432848298685 0 13.611629486083984 -20.005565643310547 -20.005565643310547
1432848298885 0 -9.022117614746094 -20.005565643310547 20.005565643310547
1432848299086 0 1.3729310035705566 -9.885103225708008 -20.005565643310547
1432848297641 1 -3.9647979736328125 4.6734819412231445 7.805097579956055
1432848297841 1 -3.5051112174987793 4.261679172515869 7.623138427734375
1432848298041 1 -3.6391866207122803 4.434061527252197 7.230489253997803
1432848299286 0 -8.394492149353027 -20.005565643310547 20.005565643310547
1432848299487 0 3.4519407749176025 -10.277368545532227 -20.005565643310547
1432848299685 0 -2.7066352367401123 -20.005565643310547 18.946447372436523
1432848298242 1 -4.548983097076416 4.443638324737549 7.603984832763672
1432848298442 1 -3.9839515686035156 4.3191399574279785 7.556100368499756
1432848298642 1 -4.376600742340088 4.788403511047363 7.46033239364624
1432848299884 0 20.005565643310547 -20.005565643310547 -20.005565643310547
1432848300084 0 13.101683616638184 -20.005565643310547 -20.005565643310547
1432848300286 0 -11.689526557922363 -20.005565643310547 20.005565643310547
1432848298842 1 -4.022258758544922 4.1180267333984375 7.1251444816589355
1432848299042 1 -3.974374771118164 4.606443881988525 7.690176010131836
1432848299242 1 -3.8498764038085938 4.759673118591309 7.5848307609558105
1432848300487 0 3.0204482078552246 -13.768536567687988 -20.005565643310547
1432848300687 0 10.787314414978027 -20.005565643310547 -20.005565643310547
1432848300887 0 -7.766866683959961 -15.651412963867188 20.005565643310547
1432848299442 1 -3.4093432426452637 4.434061527252197 8.188169479370117
1432848299642 1 -2.499546527862549 4.424484729766846 7.632715225219727
1432848299843 1 -1.9823989868164062 4.836287498474121 8.973467826843262
1432848301087 0 16.788984298706055 -11.61107349395752 -20.005565643310547
1432848301287 0 8.43371868133545 -2.000556468963623 -7.25692081451416
1432848301487 0 7.453053951263428 1.6867437362670898 3.3734874725341797
1432848301685 0 7.49228048324585 0.23535959422588348 5.57017707824707
1432848300043 1 -1.5897499322891235 4.855441093444824 8.092401504516602
1432848300243 1 -1.7142484188079834 4.51067590713501 7.7763671875
1432848300443 1 -2.38462495803833 4.165910720825195 8.08282470703125
1432848301886 0 2.90276837348938 -3.1381278038024902 12.395605087280273
1432848302085 0 1.4906107187271118 3.0989012718200684 3.608847141265869
1432848302294 0 0.47071918845176697 5.766310214996338 9.21825122833252
1432848300643 1 -2.719813108444214 2.911349296569824 8.944737434387207
1432848300843 1 -1.9823989868164062 2.5953147411346436 9.2033109664917
1432848301043 1 -2.5665841102600098 3.687070608139038 9.059659004211426
1432848302485 0 -0.3922659754753113 5.0602312088012695 6.51161527633667
1432848302686 0 0.156906396150589 4.393379211425781 9.13979721069336
1432848302888 0 -0.9022117853164673 4.354152679443359 7.570733547210693
1432848301243 1 -1.9249382019042969 3.9647979736328125 9.069235801696777
1432848301444 1 -1.436521053314209 3.8498764038085938 8.935160636901855
1432848301644 1 -1.3407529592514038 3.840299606323242 8.628703117370605
1432848303088 0 1.4906107187271118 5.687856674194336 9.375157356262207
1432848303287 0 3.334260940551758 6.354709148406982 8.316039085388184
1432848303488 0 2.510502338409424 5.57017707824707 7.884546279907227
1432848301844 1 -1.3503297567367554 3.5434184074401855 8.992621421813965
1432848302044 1 -1.7812861204147339 3.4763808250427246 9.126696586608887
1432848302244 1 -1.6376339197158813 3.5721490383148193 8.762778282165527
1432848303686 0 2.6281821727752686 4.628738880157471 8.512171745300293
1432848303887 0 3.0989012718200684 4.079566478729248 9.335930824279785
1432848304087 0 3.1381278038024902 3.4911673069000244 9.728196144104004
1432848302444 1 -1.50355863571167 3.734954595565796 8.78193187713623
1432848302644 1 -1.656787633895874 3.44765043258667 9.050082206726074
1432848302844 1 -1.436521053314209 2.5953147411346436 9.375694274902344
1432848304289 0 2.3143694400787354 1.7651969194412231 10.551955223083496
1432848304487 0 2.785088539123535 0.5883989930152893 9.375157356262207
1432848304686 0 2.90276837348938 -1.647517204284668 11.101127624511719
1432848303044 1 -2.2697031497955322 0.019153613597154617 9.02135181427002
1432848303245 1 -4.759673118591309 -0.09576806426048279 6.301538944244385
1432848304887 0 1.6867437362670898 -1.8044235706329346 10.120462417602539
1432848303445 1 -0.8044517636299133 -0.15322890877723694 10.438719749450684
1432848305086 0 1.019891619682312 -1.8828767538070679 10.120462417602539
1432848305287 0 1.45138418674469 -1.6867437362670898 10.120462417602539
1432848305487 0 1.6867437362670898 -1.6867437362670898 10.081235885620117
1432848303645 1 -0.28730419278144836 0.2777273952960968 9.873687744140625
1432848303845 1 -0.10534487664699554 0.3926490843296051 9.66299819946289
1432848305686 0 1.9613299369812012 -1.6867437362670898 10.198915481567383
1432848305888 0 2.3535959720611572 -1.45138418674469 9.92432975769043
1432848304045 1 -0.07661445438861847 0.4213795065879822 9.66299819946289
1432848304245 1 -0.07661445438861847 0.3926490843296051 9.643844604492188
1432848306086 0 2.392822504043579 -1.6867437362670898 10.042009353637695
1432848304445 1 -0.06703764945268631 0.363918662071228 9.605537414550781
1432848306287 0 2.392822504043579 -1.5690639019012451 10.081235885620117
1432848306487 0 2.3143694400787354 -1.6082905530929565 10.042009353637695
1432848304645 1 -0.038307227194309235 0.45010992884635925 9.605537414550781
1432848304846 1 -0.07661445438861847 0.43095630407333374 9.66299819946289
1432848306685 0 2.392822504043579 -1.6082905530929565 10.238142013549805
1432848305046 1 -0.09576806426048279 0.38307225704193115 9.672574996948242
1432848306886 0 2.3535959720611572 -1.647517204284668 10.081235885620117
1432848307086 0 2.3143694400787354 -1.5298373699188232 10.159688949584961
1432848305247 1 -0.06703764945268631 0.4118026793003082 9.615114212036133
1432848305447 1 -0.05746084079146385 0.3926490843296051 9.653421401977539
1432848307287 0 2.392822504043579 -1.5298373699188232 9.963556289672852
1432848307486 0 2.3143694400787354 -1.5298373699188232 10.002782821655273
1432848305647 1 -0.06703764945268631 0.4118026793003082 9.634267807006836
1432848305847 1 -0.028730420395731926 0.35434186458587646 9.643844604492188
1432848307685 0 2.3535959720611572 -1.5690639019012451 10.042009353637695
1432848306047 1 -0.06703764945268631 0.3926490843296051 9.653421401977539
1432848307886 0 2.392822504043579 -1.45138418674469 10.002782821655273
1432848308086 0 2.1182363033294678 -1.9613299369812012 10.081235885620117
1432848306247 1 -0.09576806426048279 0.40222588181495667 9.634267807006836
1432848306447 1 -0.13407529890537262 0.4405331015586853 9.586383819580078
1432848308287 0 2.3535959720611572 -1.4906107187271118 10.081235885620117
