1432904611895 0 520.0
1432904612052 0 449.0
1432904612260 0 491.0
1432904612468 0 590.0
1432904612676 0 730.0
1432904612936 0 787.0
1432904613404 0 674.0
1432904613767 0 745.0
1432904617770 0 688.0
1432904617025 1 68.0
1432904617182 1 655.0
1432904617339 1 660.0
1432904618238 0 618.0
1432904618498 0 534.0
1432904618758 0 505.0
1432904619017 0 604.0
1432904619433 0 632.0
1432904620057 0 126.0
1432904620212 0 14.0
1432904620421 0 3.0
1432904620060 1 477.0
1432904620993 0 3.0
1432904620531 1 618.0
1432904620741 1 660.0
1432904621002 1 505.0
1432904621159 1 365.0
1432904621316 1 308.0
1432904621577 1 421.0
1432904621734 1 590.0
1432904622153 1 449.0
1432904622311 1 337.0
1432904622519 1 309.0
1432904622729 1 407.0
1432904622886 1 519.0
1432904623304 1 393.0
1432904623462 1 323.0
1432904623723 1 435.0
1432904623880 1 576.0
1432904624683 0 3.0
1432904624089 1 618.0
1432904624403 1 562.0
1432904624717 1 520.0
1432904624926 1 140.0
1432904625188 1 421.0
1432904625826 0 193.0
1432904625982 0 409.0
1432904625345 1 477.0
1432904626137 0 365.0
1432904625607 1 435.0
1432904626294 0 56.0
1432904625816 1 351.0
1432904626450 0 10.0
1432904626606 0 8.0
1432904626078 1 435.0
1432904626970 0 31.0
1432904626444 1 379.0
1432904626758 1 421.0
1432904627437 0 20.0
1432904627019 1 463.0
1432904627697 0 35.0
1432904627853 0 136.0
1432904628009 0 583.0
1432904627438 1 196.0
1432904628165 0 590.0
1432904627595 1 351.0
1432904627752 1 393.0
1432904627909 1 534.0
1432904628529 0 534.0
1432904628685 0 562.0
